7.2112820016	8.95770229631	2.1880619864	0.512063918984	0.588088221683	6.90843161696	8.98371720476	9.0	-5.94939716067	1.18270775476	7.41992428275	3.83846999197	9.0	0.77131042778	
4.37360332489	6.86380009985	-5.38937904019	0.997254248677	-5.79193682551	6.21698842289	7.80409701726	1.99475089201	1.60459973734	2.07443246607	8.98323882364	0.616415075305	7.65527049895	1.86828462471	
9.0	9.0	4.06568190462	1.24549293176	6.09903774816	9.0	-0.520500490132	5.80661531229	-4.14044018601	6.19329007915	9.0	2.25729715296	8.78596262858	0.580863823478	
3.24074506099	5.44434647975	8.82906750069	0.463742089917	8.47729823361	6.50231092138	3.42552699363	7.52974093182	-0.58042319535	8.98447833437	2.76609384611	6.97161847318	8.88723660985	0.816859008494	
6.28071158763	6.3595111708	9.0	0.673733799069	6.56358720254	9.0	8.47130769358	3.54355099801	9.0	9.0	-6.0	3.25279318723	4.06431655793	7.04340835892	
9.0	9.0	8.9833157302	0.672883562228	1.39191568197	9.0	8.28211577906	8.85514706936	9.0	9.0	8.86757336233	2.71712499734	-6.0	1.81063365459	
8.51069687285	8.89127964417	8.45286814507	1.04850695165	8.08061299166	8.87110610697	6.03074122957	0.922449122278	-4.70685860215	8.04682937128	1.8559045892	2.05632353665	8.87993491094	8.83852558063	
3.09935848101	6.17698510868	1.17807166187	0.659187610483	2.40817997341	5.7377603251	1.9123943434	1.29707604952	6.86432375819	8.88704475718	5.94807982514	2.3683868137	2.78963013425	0.922159201159	
2.49293889428	5.798689745	4.72498319201	0.586785684896	2.56574788594	5.50399057792	9.0	1.17271783925	3.31244241897	5.13282694164	-6.0	3.58133857431	8.60587338514	4.62572604729	
2.06113597527	5.42402686973	6.27026871247	1.65382355046	-1.56254120611	5.31851667771	2.84723788162	0.587127192521	3.43470686972	0.810476300808	7.5237751895	8.33611830978	6.60177899242	6.60433958474	
5.88634086305	9.0	2.50670627974	3.10307181161	2.09157065962	6.95775022483	9.0	0.721764583763	0.920650262514	0.775889472741	7.77933671624	4.61962099382	-2.50612649227	2.19801079605	
3.49678517541	5.822961828	-6.0	0.538024512204	0.676360169439	6.33528697319	6.21052699882	0.885777561436	-1.44198923918	4.47877257682	8.41128232498	2.09996644784	8.99350656243	1.72614225689	
2.08498721288	5.32461060244	5.02024294126	0.832194576268	-6.0	5.41118357768	5.42601813066	1.45029974216	4.95669150697	4.72082236282	9.0	0.511792277615	5.33762562859	8.84818244564	
4.81144366713	6.62316828044	5.8569450425	0.48624676251	5.41605508459	8.61152403006	2.12657402257	1.86458563666	2.8188617592	3.74042988107	9.0	2.35698503238	1.08222462714	9.0	
4.09311169311	6.94876658342	0.744433996118	0.920243060754	8.35056245682	5.71998631131	8.99641781957	2.39444738891	2.73734848951	9.0	-1.89290236272	0.289372172318	8.92624241773	8.28003122012	
-5.25010842197	9.0	7.34764138067	2.66544891241	4.55646148834	8.08505669649	9.0	4.38055602737	6.54807511137	1.37350378979	-0.353162533603	1.01461933293	8.90375858218	5.85214384875	
2.45665088187	5.78903707386	9.0	0.521736219798	1.52287816063	5.41980733671	8.59940790751	4.08237435987	-5.95379892472	2.00028427112	5.9575477137	9.0	4.4066216568	0.761702108629	
9.0	9.0	9.0	7.88392574626	-6.0	8.48585193182	8.22988364376	0.395671534885	8.50688828645	9.0	-0.335062692489	0.681240062007	9.0	3.50396480882	
9.0	8.65693648704	6.4746234505	2.57608278087	5.80975821318	9.0	9.0	9.0	-5.94246115704	9.0	9.0	0.423098298425	6.54488525468	2.9491471909	
5.02885606675	5.54001156802	1.68117714925	0.852459411524	6.04494593281	8.11570951098	8.36012637413	7.12234466853	-1.31330887741	7.24310993942	4.22579072685	5.35913179872	9.0	0.438068528411	
2.41149052407	5.3187988479	0.378682105296	1.39970734885	-1.37543664282	5.77299142429	4.56972302719	3.25468976932	3.36796654093	4.25581386085	6.55020834823	3.57747263123	6.57931042511	0.470932731444	
9.0	8.88092872139	6.4205159092	3.83794425191	3.90707331125	8.89039148952	5.22412362744	2.94626065294	4.841863488	5.71348479857	8.70702848114	0.46285019428	-0.705454567872	8.0540528144	
3.66260315371	6.20543019138	9.0	0.560078939444	-1.73041753459	6.00852128605	8.72596790703	2.05939740687	3.88939605674	9.0	2.97327726176	4.99118958599	1.29722075578	0.533902158221	
2.55377142972	5.49411170911	5.7323265871	2.87295528199	-0.992568311885	5.80607852928	6.91193157119	0.641931118679	-1.3701913803	3.37578925663	8.61951975893	2.48011347431	-1.45493046893	0.861273503812	
5.91967609531	8.16732691767	9.0	1.73069670504	-6.0	6.40996968482	-5.22729703463	1.72634461836	0.564229970223	0.448552263004	9.0	1.47376036445	8.62199484429	3.42241937144	
6.02537332829	5.74658766329	9.0	0.466605308102	-6.0	9.0	7.30346216238	9.0	7.97696954314	4.12853796571	8.91402996554	1.21212430697	3.58743731149	8.99810360416	
2.7843788449	5.2530018433	8.05619347635	8.92824348269	-0.386674085935	6.19944500053	1.85187224141	0.793164430779	-2.51572634146	0.875389076355	8.55959883422	0.761791403715	7.38445442615	4.6161367561	
6.3979525429	5.91341389916	-5.42020656617	0.828892938893	-2.00652612529	9.0	8.44787693675	0.411414348426	8.92434815734	9.0	8.96401779523	8.99001459208	9.0	1.76376943862	
5.82169006814	9.0	9.0	8.98323682283	-1.265294685	5.59832224217	9.0	2.43764833937	-1.65414855145	4.0386417052	4.29647399696	0.450203049477	9.0	5.27181716474	
7.38031038897	7.57462732283	3.60880786457	2.12928305997	-0.584466579861	8.58521440495	-0.113152365718	4.13853795673	0.0486956308481	3.30283948896	9.0	0.534805808899	9.0	3.78648485083	
2.32775891603	5.39333749935	-5.51249285919	3.92477100066	2.01743830783	5.68933822879	7.76685599901	1.31767542973	-0.628104787411	5.66376836757	8.71309023344	1.08343857009	7.41527555325	0.638870346035	
3.96064375642	6.23810176739	9.0	3.88286456166	3.1304151141	8.99209088793	-5.9528114464	1.42599862077	1.30164338238	0.47466665847	4.0783181195	1.06321881488	8.97783960623	3.92167410119	
2.42613846118	5.33964594853	8.11532070012	0.411212039149	-6.0	5.74122151963	8.9816197747	3.4751390174	6.86433843316	1.2075368186	3.80126962289	3.01812345404	2.34312204151	9.0	
4.65239049546	7.05500266652	9.0	0.842119762756	2.17565920839	6.18410005025	4.69883407953	4.90730346537	5.00438839682	9.0	9.0	0.442630324112	-5.94413443042	1.78015304076	
3.15623368608	5.33330224035	7.94950502175	5.74627473916	-4.31485973373	6.34773638371	8.36332199183	2.69530750846	-5.87480338193	4.32061785906	8.7775652135	0.484658954549	5.83470895529	0.568570625659	
3.06791878455	6.50454616569	6.29705054382	1.5206759509	-6.0	5.23577091708	2.15077946816	0.645340169842	9.0	1.06199586638	8.84278335351	2.72497431052	1.70932326262	9.0	
6.5656806332	9.0	0.65476653784	1.03346929514	9.0	6.8165122235	3.7595401211	2.51527881558	-5.49411441545	8.99882163759	8.88337759585	0.890382478201	6.51288785138	2.32910243333	
6.82499359919	9.0	8.95064075459	0.560518097962	5.97001550025	6.40572175186	-2.51502108339	1.39898696364	0.795575407781	9.0	9.0	0.849119588801	-1.62843848555	1.73553326165	
2.80431264253	6.03135496792	4.06943505235	0.965587872457	2.06606505107	5.56383784423	9.0	2.06727095682	2.728337875	7.56705174575	9.0	3.18927246677	-5.32500979911	0.641544541059	
6.73353029739	8.21353898344	7.57559743994	1.79076804162	-5.8689536216	7.17802610756	8.433345495	1.41254208664	-0.165445252798	9.0	1.65932793329	0.935861507648	9.0	0.57343529533	
6.11456278577	5.64080484147	6.74606154482	0.560437077664	-4.89317465521	9.0	7.31106393997	0.508208992486	7.97828088737	9.0	-0.27062914706	4.14734899746	9.0	4.83764547389	
9.0	8.99999951057	9.0	1.30705218944	0.0644449721793	8.94455921712	8.834232138	3.26309638213	4.68661884489	0.689379270832	-3.87378650314	3.18189144872	5.9762148031	8.83014810883	
5.32236680273	7.97951167701	9.0	1.86820042088	8.05155264457	6.24348893319	-3.94133936956	2.24828637602	-6.0	9.0	9.0	0.600436092032	8.96857259265	4.22667244046	
8.95716755807	8.99102037224	9.0	6.77384001926	0.467065982476	9.0	8.68402209094	3.51661085938	-6.0	1.57018446598	8.99587539103	0.769482071103	7.92723660207	9.0	
4.8979786634	5.75452416792	5.6447197149	1.75179249599	3.40573663638	8.84285141964	4.02746873472	8.99837576872	7.67804343666	9.0	0.170218459419	0.770988511664	9.0	1.41113509391	
2.91896337312	5.29003731823	8.54769844301	2.22959780697	3.08220813816	9.0	6.8457573395	6.94218093951	-3.2661630533	0.281496568171	8.98581579808	9.0	7.79372366426	3.80377947633	
2.91647461897	5.8312220642	4.75558276936	1.24205964454	4.395206104	8.12390319322	6.88158611141	1.01533814387	-0.304003855432	2.05157603884	0.199792593636	0.764815082074	-0.0450687083786	1.31546181277	
3.09489301967	5.60970193547	4.40109900498	1.54616930794	3.43661766855	8.99845569687	6.95530931162	1.29516106465	2.56010974583	0.655579733047	9.0	1.21081690087	-6.0	5.67095035222	
3.79270204768	6.63979733538	4.71478418827	5.06895225296	8.37295205896	5.84451381361	7.77015126509	0.921160378125	-4.16048272662	9.0	1.33112366106	0.461319468343	9.0	4.66157436252	
8.83125077445	8.26834437642	7.38081411248	4.40971651293	-2.14377454927	9.0	6.95986104719	0.166707406573	5.49116423449	8.99701577704	4.5783425089	2.07050462918	8.88946482291	8.67336330767	
9.0	9.0	8.93770557619	1.24817717439	-1.75523303079	8.69361635489	9.0	7.8067968166	-6.0	9.0	8.6618977605	2.01733713006	9.0	0.541925851321	
5.89579693435	9.0	9.0	5.4064510458	1.0110351128	6.28650343442	5.17682141651	2.52987430503	0.569375791429	0.502721671017	4.41520429546	2.19427454885	4.26065229136	5.92155496072	
2.92158381966	5.80853190174	3.42534123137	2.60900878794	-1.10564226066	5.84761937306	8.83483016784	2.25848646057	1.43495441083	1.97506788772	8.50093840964	0.4459952653	-3.60234806605	3.04847069303	
4.92558962529	6.59541628241	8.79782676284	8.38712344117	9.0	7.64388927446	8.99911418235	3.0674881329	6.60701127283	9.0	-5.86585056656	0.719976889849	9.0	7.66952597132	
4.11413267249	7.38192426762	8.09903365104	0.78469192657	5.24005709291	9.0	2.83512387742	0.544424061811	-0.815947968934	1.5797279616	8.95831578998	7.02266782468	-1.81999395464	2.07968016579	
2.7474501829	5.65838572856	6.32017249394	9.0	-1.14252451932	6.00980947845	8.98783431087	4.43412682567	3.93124938563	5.46158746015	8.99818774729	8.94786963667	8.73945356628	0.621461866333	
3.40774733044	5.75062900652	9.0	0.759684016263	0.803166377353	6.29353002573	-1.69048646275	1.71314338381	3.14565187628	2.00032487221	-5.99993551899	0.444237901067	9.0	2.43991710149	
6.61062396546	6.34046070197	8.62613026459	0.912870026349	-5.99993149878	9.0	6.32574639037	0.809652412821	-5.9769463894	6.8418454266	7.41626297889	1.30191618267	8.75563851195	2.36908284965	
4.24258388442	6.45321937077	5.35240408189	2.40530166117	1.88392826614	6.51943207737	3.3120192414	8.80451333466	9.0	3.01253342923	2.68566101509	0.40297552278	8.53828353411	9.0	
3.89191202968	6.74932148647	7.11742218945	2.8604054111	2.6652898375	5.9579242626	-5.45914143547	1.4849705617	7.49429768072	9.0	3.25899443557	0.577794250613	8.78190853038	2.92886291436	
4.77495561678	6.27380743471	7.47940787636	0.272152962149	2.55793198183	7.0929459007	1.30179443936	1.86621203067	-0.335829685101	3.3700287198	-2.15909592378	2.73460191707	8.76540696887	2.27927305145	
2.62248377578	5.26690660442	4.07321576188	1.77570850727	-6.0	6.00246803863	6.46248135879	0.481984738151	3.13090858471	1.41447245195	3.26134221502	6.28341744979	8.82376230795	2.79157161091	
2.15722515352	5.17566464931	2.79266498083	0.861374123424	5.55579674506	9.0	-2.57707537316	0.415199779111	-2.26695956559	1.99381720189	7.00780247253	1.95501553486	5.89454945101	0.786836316892	
3.82305930759	5.33825573421	8.99684150462	2.42999500916	-6.0	7.12318708474	3.54872312093	3.59700580685	-1.22120937877	4.22770668832	9.0	5.20910623368	8.49164359888	0.330691208635	
9.0	9.0	9.0	1.05787905965	2.56796870619	8.81908640661	8.90400351785	9.0	-1.02235328531	2.62185538865	-6.0	1.43852232158	8.2276869502	0.401106389052	
3.81496827066	6.16252467324	9.0	3.34131130631	3.33781040916	8.940486806	-0.123243213833	1.26239836603	0.526298011532	0.6148886018	-1.93108144831	0.69478599151	6.07581499673	1.27448412761	
2.35278041281	5.61413955235	9.0	4.82059077491	0.640457585304	5.5090554061	-6.0	1.07621658156	-1.21963637909	2.96441928856	8.63607087698	0.561167922767	9.0	3.54087669242	
5.23415969267	5.43066120367	8.86470012393	9.0	5.51150195572	8.57646243587	6.44472084107	0.671681466564	-4.7598874223	5.71538756474	1.65116192381	3.75757168616	9.0	0.502664363812	
6.85007078923	8.59539039657	9.0	2.97982855732	7.21414652743	7.29631777866	9.0	3.80283785037	-4.28857172508	7.82600944259	9.0	0.685773311258	1.67608289849	8.86563497702	
5.60094661171	8.97654473208	9.0	1.36764336108	-6.0	5.32375383497	8.96163877191	2.62982746944	-5.48345817506	0.559579363945	9.0	1.06598331635	-0.236111134931	2.55641365826	
4.77882876745	7.39139583505	7.97795142571	1.08446810082	-0.542598743582	5.9990110005	8.23326126735	0.688373740541	-5.73289439942	0.734979741557	-2.37698981078	3.287517218	7.01925774326	1.90840216859	
6.16166942175	5.86454636173	-6.0	0.888014540963	0.649222408302	9.0	8.70822320603	0.667072086528	4.32674162269	5.11753978291	7.22202288001	1.51213690761	1.70646149994	1.41785945281	
5.81931066226	5.33073179004	8.74011034699	0.775014192795	-2.99616423397	9.0	3.08475022088	1.61372998545	0.686260135516	1.48552285115	9.0	1.17193627649	-6.0	0.557601232621	
2.84009142679	5.42383392547	8.98799996788	3.56855475895	0.405827559227	6.2380655859	7.57944106762	0.623138361826	-5.79212418271	0.770782027114	2.31956035961	1.64295549236	9.0	8.65068058378	
3.53371001575	6.22661325861	2.91175524205	0.877614915491	3.54740433677	6.0094788895	-0.444747736984	1.05638049979	6.34867686131	9.0	6.83490448487	0.758406097591	3.63622662996	4.25547573015	
2.34936769292	5.41201165259	7.48132026245	9.0	0.503171347617	5.6099684829	4.30217212743	0.366182231188	3.1419584294	7.09316858157	9.0	2.5627250689	4.90151973999	3.15797659085	
5.18024596805	7.5744238855	1.67986402343	1.38566045013	1.11710681024	6.16563868168	8.48513082046	1.77969806789	-6.0	1.72493934727	5.45457319747	0.57775029213	2.14965399793	0.498195932369	
-6.0	9.0	9.0	1.52184554704	-3.9963356656	4.12929559922	9.0	9.0	6.51349682107	1.83978010934	9.0	3.24460028588	8.79180255379	5.19096135247	
6.44473260487	9.0	9.0	5.41565829547	4.20500205964	8.9984334113	8.47931625181	6.69024999032	9.0	1.68465783338	-6.0	0.427122332871	8.52632810197	8.87236852489	
9.0	8.6145792233	4.74053269068	9.0	-6.0	9.0	8.99720098724	6.09830655246	9.0	3.79431635635	9.0	0.370805675442	8.00857688039	7.316269488	
7.23240257215	9.0	5.51057233921	2.72580732573	-4.8922942423	7.14392636611	4.41431273386	5.08403632313	9.0	9.0	3.35988001332	1.17221784046	9.0	1.0330461767	
8.34396330085	7.83766816834	2.46405266178	2.85446261887	-6.0	8.94574334009	8.56328676203	2.66734103037	-6.0	0.394001143284	6.51567253146	0.806134161797	9.0	0.955150486685	
5.64960268662	9.0	9.0	2.7399053302	-5.99814543098	5.3298073014	-5.7968486783	2.66699173591	1.42712434384	0.918537933064	8.1375234356	0.741380032236	9.0	1.61948031106	
5.47712684929	9.0	0.199504700309	0.959434365937	-6.0	5.24147067191	8.99990851317	1.81380401685	9.0	4.76804970811	5.9763276177	0.634812749276	6.14433256807	9.0	
3.74771715405	6.912389773	-3.4058631795	3.23902253063	3.47890921881	5.34180570529	3.99401161161	2.67665679671	8.99891393907	8.99670711388	8.99982259553	0.2196612826	9.0	9.0	
2.48272006917	5.46933530568	-5.9218271417	1.42491819742	2.21723997728	5.70080717295	6.49933796045	1.92151092301	8.99797749549	8.02366015168	8.8972817042	0.330420159058	1.94204148579	3.80063324559	
7.21631712484	8.99181754758	-1.41073069685	1.033321946	3.74338837044	6.77412626737	9.0	9.0	3.67871841727	8.98616656424	9.0	0.371769141018	9.0	6.89205575511	
2.57979222992	5.52023675322	8.4889553271	5.34389777366	-5.74610833965	5.71495343812	0.581631431442	5.19071568751	8.71351842739	7.20860308436	7.98686049412	0.453960987087	7.75244606259	2.65647286619	
6.33940865583	5.81103018415	8.79816707356	2.26893452516	6.85217966527	8.99631883237	4.93394490109	9.0	-6.0	8.9681103969	8.86584028681	3.27179897143	7.13874356843	0.191256307107	
2.97463694948	5.79533675479	1.94365069435	0.434979733263	2.52199294412	5.89067339603	8.86036902663	5.90198603102	-5.81286295302	3.35355729458	4.05741543444	1.36758579991	8.99143932593	2.52122047746	
3.09410495971	5.48767834901	8.9954952615	3.0268604624	-6.0	6.3171529871	4.90544350785	3.28652135872	8.99687841256	0.742682494592	7.44695272597	8.35944658001	7.2119586437	8.95734143884	
2.80238635466	5.4290474298	-3.41080040037	2.57607761678	9.0	8.24028806464	7.00328911923	0.48287990589	-6.0	6.81615716671	8.61889328878	4.07842820979	8.99472639005	1.14683905166	
2.89657173378	5.46265382233	1.41731534474	0.493554437108	-5.71279121167	5.94952644872	8.72781134309	1.28675087252	-3.10515241002	1.7007094851	8.03396554673	3.84684651224	5.53249215336	0.659273669889	
4.76181510173	6.55554024658	9.0	0.665466061823	-0.649121732847	7.0269630166	-5.40186909297	5.68068325147	9.0	8.98646080138	8.44882410372	5.22327430294	9.0	1.4529737512	
6.38097780115	9.0	4.27853193673	0.688580487615	4.99569419978	6.11145636218	9.0	1.26249279345	-4.68114295173	8.52289877762	8.8969231938	0.948812643611	3.95086348943	8.13576098164	
2.31964962579	5.4977638587	4.09268060479	9.0	-6.0	5.51039916422	9.0	0.789877067324	2.54501082815	1.72879514688	2.8342924248	1.18745077311	9.0	1.62166511065	
6.8623978901	9.0	9.0	0.598643568049	0.818796936813	6.41758312219	-5.96470038946	0.921782615824	-0.384981447304	3.81242439031	9.0	0.817191260559	3.83178135451	3.42814752024	
9.0	8.53578701972	9.0	0.629640900178	1.16823056204	9.0	9.0	9.0	9.0	4.70410937415	-5.89477595874	0.535812015375	8.36752913908	9.0	
2.26524893173	5.4372144167	8.76020408181	2.60053954353	3.45965120646	5.5241909015	7.21908822851	1.8441220851	-4.50040416583	3.84996752432	-6.0	0.774900023712	7.62655434398	0.408098829183	
9.0	9.0	7.23339009417	0.637004648903	9.0	8.79320259888	9.0	3.51971585411	-6.0	8.99889549682	-6.0	0.490823703795	9.0	1.32598541765	
