9.0	9.0	7.23715791327	2.4550984187	9.0	9.0	9.0	0.888073549661	0.0938447075692	9.0	-5.08099422654	8.98838279489	8.95027488755	0.653462777511	
7.5233776881	8.90163762006	8.63228072025	8.39051713257	-5.04152355548	7.32839549455	1.6310097595	2.25502821492	-1.04975302747	1.04322334027	9.0	0.918944768017	7.39080167419	0.6385248556	
0.178244638465	4.0505021853	2.18758475338	1.62013737528	0.259263929795	8.13714366596	5.97760624062	8.24229196081	-1.54345815064	0.4150606775	9.0	2.54055574181	8.97793116879	1.66538695249	
9.0	9.0	4.07253691786	2.82236573588	-2.2051350853	8.33559069039	9.0	2.11306005357	5.02651844747	8.02972215872	9.0	3.81873263237	-1.2724672172	0.198478484439	
8.68589730956	8.05435627643	1.69196653974	0.742789343109	1.36328527635	8.98699707836	8.34167747479	0.90798888788	0.435391654567	2.6172882256	6.72515717607	0.72456626272	-5.90897824774	0.816876029519	
3.77645091599	4.90712818224	3.82968318853	0.811117294116	3.29315504228	8.21484782372	8.29646106356	4.89884193052	0.722373357675	6.55309274446	9.0	5.95631286695	1.96706196209	1.0355412094	
-0.192756161022	7.81804980686	4.38811092786	2.81320333092	-0.241210167691	4.04687920258	8.86872315126	6.75543221328	1.17856067676	1.45080963358	1.21048129682	0.418876555136	8.86158186986	2.27144913511	
3.73769872667	5.49684552816	3.39843015701	9.0	8.997622165	7.37684137616	9.0	1.45267144011	0.0476271688938	9.0	6.18435679324	3.36665143794	3.14617063314	0.439226786948	
-2.51826181323	3.90826652994	7.28744036829	5.3579773872	3.73417592014	6.94412408779	7.0838297781	0.368573173645	-3.98633074795	3.19855465527	9.0	8.32602331403	8.46106009742	2.5777775914	
-1.72055708736	3.89497072254	3.54388597615	5.3958458383	0.496153580654	6.36694118764	5.64235635554	1.10653801894	1.92161676384	4.83844858581	2.64770471773	0.613899642889	9.0	0.926084113806	
-0.60863339946	4.790232068	-0.135900891879	1.77158627288	2.58574590683	4.54905402997	2.27933664023	1.58201094024	2.26507789633	3.94492502923	1.25498136065	0.891815612162	9.0	0.66606127726	
-1.96290689791	4.36340367203	9.0	0.548161281302	7.08973563447	7.61723828694	6.20524214031	2.84288437763	-1.15031313946	6.97425193125	7.10864621164	5.74509745249	4.06258136811	3.86248600824	
4.30049512502	4.09113792078	5.67270269571	4.56606416623	6.64333787774	8.66665467851	2.94879599015	1.25624141964	3.78542287174	8.46200896144	6.55735658082	0.365419130975	3.24828167225	7.31532224157	
7.05241007814	9.0	-4.70539190746	9.0	6.98744054804	8.90466958978	9.0	0.697702417495	4.08146822331	5.02698777709	5.98341574337	0.927040207714	7.5228117587	4.16377950129	
-4.87538215026	4.53253194747	8.92267878768	2.06516650329	-5.65837479855	4.15547027676	8.81397702579	0.929347274445	0.0834475930702	4.12629515657	2.51207073892	3.2001104893	8.18211613319	0.662556672712	
1.8691793837	5.18253748138	-1.67091133409	0.857906466971	5.17064853033	8.39756688647	4.23617111935	0.253663425602	5.36761313966	1.94320302416	8.96789434197	4.22442105077	1.73296118094	6.42200713973	
0.820684584324	5.43827449157	6.33406948099	0.966196986374	4.54229972632	8.23156835633	0.260205429381	1.04546462538	4.53742195447	1.02413486619	0.898571139361	2.10086765992	9.0	9.0	
5.80232659422	6.13586210358	3.47168193963	2.21062364798	-5.58648983139	8.02040745842	8.89852102081	1.40598028087	-0.0716554967767	9.0	9.0	5.26679925052	9.0	0.229067262283	
2.53224093726	4.5682046586	7.84132583445	2.04786691397	4.7887913496	8.41396474855	-0.956095589999	3.28415966203	-5.70244253534	2.70201531684	8.80475924708	2.82544753108	5.13004577233	0.203719767737	
3.51067962573	5.10632116639	8.54894333934	3.69805761763	-0.628325137761	6.8365993492	8.98641323025	1.48913676544	-4.71582927441	5.1720787136	3.06285734418	0.681981952891	2.93259592868	0.341511999941	
1.50605273732	6.80494411638	1.2242931855	1.53970196971	5.52615769633	8.84142031081	3.67455228952	0.737619500543	0.902329810796	0.782176850212	3.96559803629	2.52505968781	4.03018975451	1.36747149047	
-1.94408083058	6.14428528867	9.0	1.08299467259	-5.50461726619	4.33358286127	4.00776808695	4.7037503788	1.38672199276	0.803281257837	3.94902960072	1.66179551366	8.08106055738	1.93432944155	
0.085888985814	4.00196611444	-4.289260967	0.502124528504	-6.0	8.47417696582	8.64309395954	1.17538764274	1.56401661094	2.44496830758	8.99557641046	1.23005396805	9.0	1.71243754564	
1.00579771902	5.81790104269	6.72910418389	1.1937084653	1.10118393122	3.93364653175	-5.99931591963	1.28922278174	8.10209609156	9.0	9.0	0.331870922616	9.0	9.0	
-0.449857235303	3.89984935102	-1.33766541042	0.480684567851	1.80203989773	5.5089791598	4.83099637019	2.16623570778	1.3009623016	1.63529769196	4.21103739035	0.834828350869	5.77619814182	3.21765863374	
-1.49521564296	9.0	8.22975056871	9.0	-6.0	4.09209701984	8.41929816709	0.41416309717	9.0	2.52001646729	8.22795694537	1.12508748005	7.15868440661	9.0	
-0.539742552677	4.32142183036	3.24576498979	1.21842477201	6.35584017054	4.16278722694	7.64692661569	8.99397811605	-0.144984309755	7.66032607676	8.57960246741	0.363003423677	9.0	9.0	
-3.06850713605	6.34211059586	4.77448255246	0.558064202226	5.01576341031	4.84726208483	9.0	1.88862681573	-4.10829598823	4.17595343289	7.39992388796	1.02804543438	0.184723106696	1.88787340639	
0.671605040177	5.3926053896	-0.362429588219	0.418513451491	0.68636329231	4.46839271036	4.58737943029	1.82682328392	3.85555728853	6.55433024778	3.51497937161	1.21702835626	9.0	3.59093598975	
-1.71475962704	4.21296876399	7.49332018125	0.40442008201	4.3066576148	4.81563815965	7.03781883431	2.94780282119	0.734206020471	4.02119458113	-1.46301919937	3.15114873515	5.85671159518	4.3674589697	
5.54831646105	5.53207296221	6.72424672616	2.56063708175	2.5623770389	9.0	-6.0	0.426453418626	-3.32734322194	2.91538384883	9.0	1.19312965782	9.0	3.65535953244	
-0.222306967038	9.0	4.99935246361	0.589228852418	9.0	8.46059225476	5.4495629936	9.0	1.63298692292	4.83696544142	9.0	3.16029923699	7.39014062343	3.7659381078	
-1.5581604119	4.16016969258	9.0	0.730189947068	-4.61842429039	4.60917777361	9.0	3.01074543178	8.39234980525	2.24594641421	-3.49113749331	0.884958693676	6.26124804704	9.0	
4.38664104946	9.0	5.14992092979	1.35585582049	2.16941474589	4.10334466676	1.07535929195	0.374086672652	6.73149779201	4.78494747837	6.49004676817	3.32706289771	4.1693554393	8.94965876591	
4.97971915256	9.0	4.92133547653	6.09066530437	3.87994419557	4.38596971106	0.0326557663519	1.59629607407	-3.27360303051	5.7651895604	9.0	0.77112008765	6.816820424	0.423893226615	
3.43137349794	3.9745008099	4.09354559257	0.778512934376	-0.340503026057	8.97913330964	6.70016345196	5.20756685833	-1.98215956364	2.0561381938	3.25659166414	1.44364870653	6.36994314646	0.701917422354	
4.39020489752	4.5809316947	3.57987168014	2.13120266961	-1.15862259886	8.991392438	8.23431976422	1.10491876753	-3.47209652388	0.898238113163	0.713748605095	1.99767892581	7.52348033957	1.47579203382	
-2.40329982552	9.0	-1.60018055708	0.725511236569	9.0	8.5164061276	8.31025438262	1.03693124901	8.26475316449	9.0	9.0	6.62687815307	6.65327682687	3.89675389876	
5.47583469514	8.04061104067	4.61195990248	1.04723413646	-2.53664671974	5.93449091831	-0.36995092798	4.53404616616	0.843183819978	2.6407806269	5.94466759039	1.04633966521	8.63143999289	0.816685981952	
2.31378209336	6.15499985294	8.72092977682	0.231123551726	-4.17095305537	4.5000591034	7.83702907664	6.40324412598	9.0	4.6080969177	5.52452644343	4.06686629215	0.915398004967	5.71018467061	
1.97377708347	8.99942080439	4.82536544896	0.420133796656	0.114475111483	4.05760936886	6.32082398532	1.59694838847	1.1737472726	2.67837096692	3.89117391369	4.01486285278	5.65209272963	3.82763393466	
-2.13105390779	5.3716259885	7.08210290947	2.03482283184	7.57010866346	9.0	8.8724261261	0.819292461717	-4.28755022968	2.53932490191	2.31161488741	0.721785901861	6.72182271534	7.22657449823	
2.1654242347	3.8778756708	8.94203482383	2.68074632622	2.25841142088	7.39318411199	8.86612954644	1.78060025697	-2.20125721785	9.0	4.68248832499	4.12714065324	2.87629479475	0.326004479354	
0.978777454817	4.38736635173	0.920371607281	1.25664279797	-0.932737524394	5.37206223892	9.0	0.396506873928	6.14224379327	8.09718125419	1.42333088604	4.01446969919	5.88202858967	1.50588684	
0.945568243784	7.15058715566	8.29928786981	2.30736379647	5.29219016833	6.29966725254	2.56966155246	1.00039810915	6.08015372986	8.65745537074	-1.48484014226	1.65610866783	4.13269629911	0.500022919888	
6.0047764931	7.9007292866	8.33051764133	1.6748000067	-0.72160223174	6.36420798845	-4.76090603192	2.03313822595	9.0	6.0457122413	7.3456712122	0.464162209045	1.30641152933	3.71273095157	
0.0125349966463	5.53322135361	3.7439983242	2.46101071832	8.74483785781	4.64378016526	7.10217515657	1.88975366663	-4.35798469492	8.26788752559	5.96431231274	0.529004831929	1.55273743963	0.917133406159	
-2.5445679338	4.31973291887	-0.813226404378	5.04066889867	3.57309646388	6.8256292267	8.9344456542	0.526526451316	8.83183629358	6.73781320908	8.83217317035	2.71643083116	1.47439640196	3.79413786489	
4.2253169846	5.03655744315	9.0	1.35405319971	0.804019201562	8.55164530559	8.75859034275	9.0	5.10489081935	2.67838985029	0.397145691655	9.0	9.0	3.12770102626	
-1.05460493179	3.95914007618	8.96187920445	4.12703378141	3.30081607045	9.0	3.39727204951	3.79922868526	9.0	2.64495763141	9.0	9.0	5.0478512076	6.68559070068	
0.492280432052	4.54132129285	-3.85188132129	1.9472073911	6.81563349706	6.94805582524	7.02042151362	0.81762395711	7.19347874248	6.04260521438	9.0	0.954778499821	-0.879827914207	6.3814655065	
-5.9430876666	9.0	8.27361638532	0.873170976884	0.899850513358	4.22127565373	3.55034131385	0.726176007544	5.55358574926	5.72091308563	2.51593032191	1.42287625874	8.84635244411	3.23162143157	
2.10019406795	5.39387818311	6.43297410033	0.739787678195	4.71975068372	8.8444769755	-0.0824792876896	0.782784053084	8.258902604	1.54737148721	6.07853887765	0.626304427649	-3.1179367436	8.22267379192	
7.23470996428	8.1130008793	7.68264497553	0.32539748914	3.47869711042	8.8398914046	-1.9979060628	1.47483988185	5.79902565915	2.88203544404	6.54372521527	7.31586685415	6.7536414811	8.12663160851	
-6.0	4.24181835899	6.08093647934	1.16571361252	1.24497309216	7.51899233321	9.0	1.07370766689	9.0	8.79845643796	-0.496637709548	0.896115947162	6.06913241679	2.77868241589	
0.919960267556	4.90390719231	5.5852552343	5.59678546245	5.2065359752	4.93928547099	1.37625246244	0.488347941535	0.470434724603	5.15908752895	5.1417838535	0.88959976526	4.05940441	2.56162468454	
-0.56513840307	4.82545607529	9.0	1.31203960062	9.0	8.85571112838	-1.7905490625	0.600213662635	0.821357727855	4.78705847916	3.17268336362	3.93885829596	7.14202259704	3.97477589146	
-2.01915300566	4.03665482389	-6.0	5.46988971866	9.0	8.74302944542	7.96444045589	0.5074203804	5.17266876137	7.32921427772	9.0	3.1220818993	9.0	4.52580548235	
4.32069442337	4.78802449319	5.56070191632	4.27402545086	1.8096532087	8.6901937178	8.76033739181	1.05544049099	0.558970632716	1.57003656191	4.04989705319	0.315644591906	-2.32403973571	3.81042615461	
0.0555113533922	5.16466446346	7.26759251266	4.13910024879	1.88804771991	4.10098548231	8.79655435375	6.91035195293	-2.08160864859	7.32529333489	7.1766691618	1.60325594021	4.96119181404	0.410040478729	
-6.0	4.53139931374	-0.844584246012	0.858882000853	-5.26768960578	4.13739675894	9.0	0.847482924646	8.92221869136	4.25754049466	6.35284464036	0.739903861872	9.0	7.40471492226	
1.41712994969	8.45884155584	6.79541647374	2.91067312569	2.16914867541	4.28079041268	0.386853161109	4.74697595306	0.829043113505	2.49008452498	9.0	0.518213736032	3.5586282708	2.42941253587	
0.941857387834	7.52728422372	9.0	6.34711909004	7.54489035383	7.53731429455	7.80873466309	0.768484536262	5.65281494886	9.0	5.08342339171	3.68042890136	-2.22941016155	0.672641118664	
1.81540458625	6.33592725092	2.66071125532	0.594745066569	2.30127838339	4.44389176944	2.0678933588	0.996198803518	-1.61743000478	2.45178778488	5.40537151547	1.87236744578	8.38312551004	5.94069688091	
-5.64369944557	4.43309665438	6.01234597678	0.667944057716	0.409225903577	4.24064187734	8.84203404474	1.01912851315	2.81015628867	1.09793214092	8.0420843606	1.55155654956	-1.79281463141	7.23534747157	
2.04057694098	3.9197038954	-3.31643221604	0.427602267795	0.619134065806	8.04957748312	8.99973276046	2.48293745194	8.62374674089	1.24672938145	9.0	9.0	6.27928887222	8.67699922208	
4.32766384689	4.64707643361	2.34061941193	7.63592365947	6.33556551454	8.42944069543	3.44134470262	6.53136875685	1.97983990462	7.26132991057	8.84619586349	0.530128817438	9.0	3.01971994125	
5.37557692944	9.0	-0.919282118596	0.292276383395	7.39075884212	9.0	8.81082100092	2.77348757288	-1.21543612285	3.3486622909	1.81301270683	3.24773526619	9.0	4.30377920043	
-0.622465935251	4.31241326878	-3.13858438629	3.04892790525	8.05100777798	4.65178658448	9.0	6.20601003255	-1.71435382346	8.9602444958	8.36555441448	0.493474901877	7.3178024975	1.15187004259	
3.42266264978	5.57995266642	8.00185248481	1.43193031313	1.2590101133	7.49700848378	5.98986641718	2.26529104974	1.62010825051	0.476031842539	6.77472071437	4.61703526749	-5.12318874167	1.85898608685	
5.27971316697	8.99937961361	0.864525381675	3.88829449237	-1.09758282696	5.44323942974	9.0	0.410656315912	3.00626537258	7.22819895847	9.0	1.3425208076	2.1099469853	2.48398607601	
3.74945066415	4.06256192385	-4.38062317451	3.93983782024	2.79556117094	8.92257029432	9.0	2.9291556057	5.07481358683	2.55142478505	6.7676959116	0.283905737626	4.80667781564	6.77254529478	
-6.0	8.8952441898	8.94262396082	9.0	8.99122985647	9.0	8.99997023049	1.41409534799	-5.9962792744	4.23525263513	9.0	1.50258572441	9.0	0.501571067896	
1.85184313214	3.88011384597	7.17773439724	8.65022178364	5.67653251204	8.99809310878	-2.81271889864	0.657879360755	-1.30341825425	3.79065913824	8.96204420164	2.48697727489	7.83806463988	0.556179055132	
0.562806085106	4.37674447452	8.99991118846	0.523890155251	-0.385418126501	7.17856706691	8.5387364485	2.73386208132	3.27524023834	5.06662016748	-0.526786580749	4.67027215393	5.07696977891	2.64327855526	
4.6169952871	8.7035161076	1.98632910658	8.44523953462	6.63080190026	5.30903975562	5.78661218594	0.706342732529	3.47729303083	7.50984106029	1.64894112097	0.780971773201	7.27391127019	1.77767464716	
-6.0	9.0	9.0	1.19079851033	3.46029109212	4.04650022607	9.0	0.664760587049	2.57449496294	7.85737225312	0.148127044876	5.16364221082	9.0	0.84092850664	
-0.475311846371	9.0	8.99997957794	5.63567259028	5.74623151317	9.0	9.0	2.30730801054	8.98965238887	9.0	-0.367226055554	6.89315888463	9.0	0.677236768028	
1.65856178429	6.6446819263	3.95477008239	9.0	8.23716495752	8.8765499415	5.85496043859	2.4124543926	8.5818865291	8.99987770136	1.13705097036	0.23533055819	7.96355890081	2.87563589502	
-0.926229462911	7.16973551016	4.72537518091	2.95656568061	0.598262350412	4.09446591802	3.60189619366	1.44934840564	-2.97247386454	1.02652935932	9.0	0.976976619583	2.91591576354	0.930582917438	
-3.99187353679	4.1058394823	9.0	4.32329297129	4.52032177589	8.98618826061	-1.05424301837	3.53007332278	9.0	8.16945629262	3.54572078145	1.14971500348	8.9538760716	1.29670138761	
2.46612812878	6.10687577126	8.0842817982	0.948880104553	0.193619346289	4.78417875207	8.61756595377	1.64888243162	-6.0	0.96475447702	1.4981402194	0.386199456421	1.08625548263	2.76736278344	
2.81841558751	4.03362102564	1.17866178172	4.62371664385	-0.572306921695	9.0	9.0	0.625152491063	7.51923017719	9.0	7.16433656954	0.955205198654	8.44186113632	9.0	
9.0	9.0	-2.80674838207	1.74374038815	-2.86300604669	9.0	2.60760376398	2.20388143486	9.0	2.07382891394	9.0	0.754870914933	8.42449439129	9.0	
4.45461608855	8.07686461376	9.0	0.333747155603	1.15151584234	4.75370081241	-0.129449206804	0.796610026034	7.55857080934	6.98436543255	-3.70755887055	3.07037219989	9.0	4.89608656801	
0.205447175858	4.76783928029	1.90215967807	5.59238797471	0.246344349437	4.60748684336	8.95159006175	1.81408538975	1.53866722726	0.229678619328	8.98203015443	4.91176722114	3.37197085905	4.94100355946	
-2.29686899502	4.7766821988	8.88067510673	3.00884589714	-6.0	3.99869600869	8.74674873358	2.72907332622	7.57572141229	7.57788396132	2.25011642272	7.0094249708	9.0	0.706729223392	
-0.782699651403	4.48213946767	8.12406500039	3.36024377702	4.828566653	4.266836582	-4.39853065374	2.78115539939	1.59244610506	7.46605946283	7.94326133922	4.79138503529	8.78644318588	0.395426448412	
-0.716353034839	4.17205228775	9.0	3.85729372991	-4.4994385225	5.37018451624	8.83601981427	2.30271146045	2.76824014292	0.521152424263	2.75278020381	6.1234011885	6.11159387377	3.64707042695	
3.93879542824	4.09905277605	9.0	2.61237724542	4.66876097114	8.83633262668	9.0	0.504738638629	-1.27781809751	7.35087546396	0.306109260588	0.897277050368	0.843762993019	4.0169244639	
2.48896200939	6.9514306189	4.9104422443	0.677067023562	-0.120981525965	4.39333003517	9.0	2.05627484883	0.600385058521	0.489997397453	4.43046734578	1.36896547985	1.98606853022	8.98776172583	
6.86722102974	9.0	9.0	1.36728164365	-6.0	6.41826569381	8.94044795727	1.01086687117	5.97309901802	7.27012433521	-5.85324467651	3.60034290114	9.0	0.826437376883	
2.91374766935	8.99990784559	6.49969841138	1.73046802796	-6.0	4.22639932879	0.0852559153611	0.947601350523	4.97220679017	7.90664989066	9.0	0.70267435888	7.04132364777	1.57296595621	
0.969490303955	7.97524379036	5.97215809122	0.71733714562	-5.51699957337	4.28938066935	8.24395460242	8.9641933681	4.80340997106	3.82767239815	8.97893098836	1.07051714713	7.57963018996	5.85320566389	
-1.9192328602	5.86537139511	2.00134395152	1.99734646792	8.90946187047	8.00963643049	6.55208984485	0.817001283361	7.6605306237	8.99980531222	-3.58822010365	0.631813285624	8.73614694379	3.71494958278	
1.82251395327	6.40382689399	-6.0	1.43186495617	-2.34398236779	4.20676203629	6.08065322117	2.32241438732	4.42040631826	3.23689891343	6.18428412375	1.44234927607	8.94446043118	1.61587285941	
3.05790172573	6.06860184879	8.73911134488	7.68433191155	4.09378719247	5.57578329912	9.0	1.87610438075	5.02025600746	4.02026682755	-6.0	0.289584829326	9.0	9.0	
-0.0195421377208	4.51403598474	2.37717250742	6.33358931323	2.79088127167	5.71854806157	2.45986094661	1.07074770322	3.95841319635	4.50170180458	1.33577412799	0.472738861626	8.84728620535	0.895671232682	
9.0	9.0	3.01971260674	0.917845165769	-0.564811314881	8.8370179282	7.36176299912	1.08375556065	6.81355343541	5.30959912682	5.64010910913	9.0	4.59712715261	3.48130541299	
2.01412312434	5.99189150719	8.60937328505	0.526932982741	-0.571192714419	4.40146635654	-1.56165387795	0.494478044752	2.51077384607	5.40121540435	4.47713719892	2.7651328449	7.50869963068	4.90396322131	
