0.746461440714, 353, 20, 3, 1.0, 2.1, 2.1
0.878678133497, 1364, 20, 3, 1.0, 2.1, 2.1
0.9718547642, 475, 20, 3, 1.0, 2.1, 2.1
1.03741891267, 1121, 20, 3, 1.0, 2.1, 2.1
1.01034386623, 120, 20, 3, 1.0, 2.1, 2.1
0.783143994352, 1581, 20, 3, 1.0, 2.1, 2.1
0.994404225092, 789, 20, 3, 1.0, 2.1, 2.1
0.884477674418, 90, 20, 3, 1.0, 2.1, 2.1
1.03529654206, 352, 20, 3, 1.0, 2.1, 2.1
0.971937289541, 705, 20, 3, 1.0, 2.1, 2.1
1.00046390703, 637, 20, 3, 1.0, 2.1, 2.1
1.08674031563, 1962, 20, 3, 1.0, 2.1, 2.1
1.06183003331, 993, 20, 3, 1.0, 2.1, 2.1
1.09324535687, 618, 20, 3, 1.0, 2.1, 2.1
0.945017111696, 499, 20, 3, 1.0, 2.1, 2.1
0.922816255538, 1639, 20, 3, 1.0, 2.1, 2.1
1.090827326, 1046, 20, 3, 1.0, 2.1, 2.1
1.02853038062, 506, 20, 3, 1.0, 2.1, 2.1
1.05595641106, 795, 20, 3, 1.0, 2.1, 2.1
1.01714724519, 651, 20, 3, 1.0, 2.1, 2.1
0.772674638339, 410, 20, 3, 1.0, 2.1, 2.1
0.811444010768, 1132, 20, 3, 1.0, 2.1, 2.1
1.06633873506, 452, 20, 3, 1.0, 2.1, 2.1
1.05106431268, 167, 20, 3, 1.0, 2.1, 2.1
0.810652482193, 60, 20, 3, 1.0, 2.1, 2.1
1.07291897661, 1672, 20, 3, 1.0, 2.1, 2.1
1.09131200504, 1512, 20, 3, 1.0, 2.1, 2.1
0.985949802003, 763, 20, 3, 1.0, 2.1, 2.1
1.03498699139, 582, 20, 3, 1.0, 2.1, 2.1
1.06971779139, 509, 20, 3, 1.0, 2.1, 2.1
1.09991507587, 1655, 20, 3, 1.0, 2.1, 2.1
1.03776267655, 115, 20, 3, 1.0, 2.1, 2.1
1.0282770925, 326, 20, 3, 1.0, 2.1, 2.1
0.993474450316, 295, 20, 3, 1.0, 2.1, 2.1
0.919364768109, 1867, 20, 3, 1.0, 2.1, 2.1
0.976739316811, 525, 20, 3, 1.0, 2.1, 2.1
0.759806198869, 617, 20, 3, 1.0, 2.1, 2.1
1.04802801158, 684, 20, 3, 1.0, 2.1, 2.1
0.893987334445, 1097, 20, 3, 1.0, 2.1, 2.1
0.626112137231, 397, 20, 3, 1.0, 2.1, 2.1
1.09537039821, 640, 20, 3, 1.0, 2.1, 2.1
1.02702532664, 787, 20, 3, 1.0, 2.1, 2.1
1.05928999981, 263, 20, 3, 1.0, 2.1, 2.1
1.06639260695, 282, 20, 3, 1.0, 2.1, 2.1
1.09053426379, 152, 20, 3, 1.0, 2.1, 2.1
1.09669589761, 87, 20, 3, 1.0, 2.1, 2.1
0.448531933869, 384, 20, 3, 1.0, 2.1, 2.1
0.98459605099, 903, 20, 3, 1.0, 2.1, 2.1
1.0816292073, 1397, 20, 3, 1.0, 2.1, 2.1
1.09703413203, 428, 20, 3, 1.0, 2.1, 2.1
1.09377580817, 445, 20, 3, 1.0, 2.1, 2.1
1.09478907119, 357, 20, 3, 1.0, 2.1, 2.1
0.850961075352, 954, 20, 3, 1.0, 2.1, 2.1
0.330164730622, 881, 20, 3, 1.0, 2.1, 2.1
0.443711146003, 665, 20, 3, 1.0, 2.1, 2.1
1.15352577115, 2000, 20, 3, 1.0, 2.1, 2.1
0.753692659559, 289, 20, 3, 1.0, 2.1, 2.1
0.742686566484, 1063, 20, 3, 1.0, 2.1, 2.1
0.84271241771, 300, 20, 3, 1.0, 2.1, 2.1
1.04679058242, 454, 20, 3, 1.0, 2.1, 2.1
0.538759857053, 189, 20, 3, 1.0, 2.1, 2.1
0.891182954265, 412, 20, 3, 1.0, 2.1, 2.1
1.07415216052, 1584, 20, 3, 1.0, 2.1, 2.1
0.994200577543, 997, 20, 3, 1.0, 2.1, 2.1
1.04052578387, 51, 20, 3, 1.0, 2.1, 2.1
1.06400902498, 1128, 20, 3, 1.0, 2.1, 2.1
1.09483879216, 733, 20, 3, 1.0, 2.1, 2.1
1.00567069325, 1876, 20, 3, 1.0, 2.1, 2.1
1.02036658157, 36, 20, 3, 1.0, 2.1, 2.1
1.04022666797, 257, 20, 3, 1.0, 2.1, 2.1
1.06161055295, 1295, 20, 3, 1.0, 2.1, 2.1
0.834832659214, 109, 20, 3, 1.0, 2.1, 2.1
1.07437256895, 463, 20, 3, 1.0, 2.1, 2.1
0.715065182526, 96, 20, 3, 1.0, 2.1, 2.1
0.949147177378, 1187, 20, 3, 1.0, 2.1, 2.1
0.917662689614, 203, 20, 3, 1.0, 2.1, 2.1
0.433524334244, 184, 20, 3, 1.0, 2.1, 2.1
0.787499107278, 777, 20, 3, 1.0, 2.1, 2.1
0.854879966067, 46, 20, 3, 1.0, 2.1, 2.1
86.0710971375, 2000, 20, 3, 1.0, 2.1, 2.1
1.04159960428, 84, 20, 3, 1.0, 2.1, 2.1
0.176077697647, 588, 20, 3, 1.0, 2.1, 2.1
3.0393853287, 2000, 20, 3, 1.0, 2.1, 2.1
1.01895932641, 1102, 20, 3, 1.0, 2.1, 2.1
1.08998593289, 349, 20, 3, 1.0, 2.1, 2.1
1.07793640963, 405, 20, 3, 1.0, 2.1, 2.1
1.0250024758, 303, 20, 3, 1.0, 2.1, 2.1
0.993188581866, 934, 20, 3, 1.0, 2.1, 2.1
0.817198554178, 1108, 20, 3, 1.0, 2.1, 2.1
0.618694169069, 476, 20, 3, 1.0, 2.1, 2.1
0.974604005134, 555, 20, 3, 1.0, 2.1, 2.1
1.13003835029, 2000, 20, 3, 1.0, 2.1, 2.1
1.01937533356, 633, 20, 3, 1.0, 2.1, 2.1
0.356543565548, 461, 20, 3, 1.0, 2.1, 2.1
1.09671158306, 1230, 20, 3, 1.0, 2.1, 2.1
1.03289226547, 253, 20, 3, 1.0, 2.1, 2.1
0.987906007194, 247, 20, 3, 1.0, 2.1, 2.1
0.879996459327, 644, 20, 3, 1.0, 2.1, 2.1
1.09305286484, 465, 20, 3, 1.0, 2.1, 2.1
0.596798291296, 294, 20, 3, 1.0, 2.1, 2.1
1.09627955711, 200, 20, 3, 1.0, 2.1, 2.1
0.838678854808, 917, 20, 3, 1.0, 2.1, 2.1
1.06371535719, 802, 20, 3, 1.0, 2.1, 2.1
0.972078821244, 567, 20, 3, 1.0, 2.1, 2.1
1.08417438656, 1476, 20, 3, 1.0, 2.1, 2.1
1.09556797782, 869, 20, 3, 1.0, 2.1, 2.1
0.910339011429, 1501, 20, 3, 1.0, 2.1, 2.1
0.837395635668, 568, 20, 3, 1.0, 2.1, 2.1
1.09938405488, 1298, 20, 3, 1.0, 2.1, 2.1
0.985781444649, 428, 20, 3, 1.0, 2.1, 2.1
1.04782584983, 1746, 20, 3, 1.0, 2.1, 2.1
0.739567697431, 233, 20, 3, 1.0, 2.1, 2.1
1.06594371801, 156, 20, 3, 1.0, 2.1, 2.1
1.07644121211, 844, 20, 3, 1.0, 2.1, 2.1
0.613335027387, 361, 20, 3, 1.0, 2.1, 2.1
0.945314584715, 572, 20, 3, 1.0, 2.1, 2.1
1.06979374868, 1097, 20, 3, 1.0, 2.1, 2.1
0.777063038711, 1579, 20, 3, 1.0, 2.1, 2.1
0.94362386755, 1427, 20, 3, 1.0, 2.1, 2.1
1.07107694601, 102, 20, 3, 1.0, 2.1, 2.1
0.371118310886, 51, 20, 3, 1.0, 2.1, 2.1
0.783574041641, 912, 20, 3, 1.0, 2.1, 2.1
1.01326195708, 1814, 20, 3, 1.0, 2.1, 2.1
0.615152115582, 121, 20, 3, 1.0, 2.1, 2.1
0.890050688771, 239, 20, 3, 1.0, 2.1, 2.1
1.07887005099, 661, 20, 3, 1.0, 2.1, 2.1
1.02741262023, 632, 20, 3, 1.0, 2.1, 2.1
0.294308075959, 660, 20, 3, 1.0, 2.1, 2.1
1.02113613952, 567, 20, 3, 1.0, 2.1, 2.1
0.775223308557, 324, 20, 3, 1.0, 2.1, 2.1
1.02141287897, 202, 20, 3, 1.0, 2.1, 2.1
1.03470087533, 377, 20, 3, 1.0, 2.1, 2.1
0.452047465109, 330, 20, 3, 1.0, 2.1, 2.1
0.708682465843, 274, 20, 3, 1.0, 2.1, 2.1
0.996193837747, 197, 20, 3, 1.0, 2.1, 2.1
1.07257425545, 724, 20, 3, 1.0, 2.1, 2.1
0.974058998708, 516, 20, 3, 1.0, 2.1, 2.1
0.999254901094, 240, 20, 3, 1.0, 2.1, 2.1
86.0710866396, 2000, 20, 3, 1.0, 2.1, 2.1
0.61800679475, 1473, 20, 3, 1.0, 2.1, 2.1
1.06696349945, 957, 20, 3, 1.0, 2.1, 2.1
0.979693004438, 1438, 20, 3, 1.0, 2.1, 2.1
1.01149909516, 725, 20, 3, 1.0, 2.1, 2.1
1.08738811126, 1572, 20, 3, 1.0, 2.1, 2.1
0.96983091904, 832, 20, 3, 1.0, 2.1, 2.1
1.08844533325, 273, 20, 3, 1.0, 2.1, 2.1
0.878591015281, 351, 20, 3, 1.0, 2.1, 2.1
0.926056555451, 246, 20, 3, 1.0, 2.1, 2.1
1.08325473064, 1027, 20, 3, 1.0, 2.1, 2.1
0.98011739801, 523, 20, 3, 1.0, 2.1, 2.1
0.967552591518, 57, 20, 3, 1.0, 2.1, 2.1
1.00710729838, 566, 20, 3, 1.0, 2.1, 2.1
1.03103950253, 719, 20, 3, 1.0, 2.1, 2.1
1.51520625228, 2000, 20, 3, 1.0, 2.1, 2.1
1.05920374404, 719, 20, 3, 1.0, 2.1, 2.1
0.955559986652, 1555, 20, 3, 1.0, 2.1, 2.1
1.07734822514, 243, 20, 3, 1.0, 2.1, 2.1
1.08107824339, 487, 20, 3, 1.0, 2.1, 2.1
1.08992073596, 777, 20, 3, 1.0, 2.1, 2.1
0.861209198077, 123, 20, 3, 1.0, 2.1, 2.1
0.628997550802, 1107, 20, 3, 1.0, 2.1, 2.1
1.07713022517, 712, 20, 3, 1.0, 2.1, 2.1
0.887096182279, 265, 20, 3, 1.0, 2.1, 2.1
0.951137525238, 614, 20, 3, 1.0, 2.1, 2.1
1.06974987003, 542, 20, 3, 1.0, 2.1, 2.1
0.725977329681, 375, 20, 3, 1.0, 2.1, 2.1
0.904257453129, 1093, 20, 3, 1.0, 2.1, 2.1
1.01999334792, 270, 20, 3, 1.0, 2.1, 2.1
0.567819095329, 1535, 20, 3, 1.0, 2.1, 2.1
0.85547816682, 528, 20, 3, 1.0, 2.1, 2.1
1.03673419591, 1815, 20, 3, 1.0, 2.1, 2.1
0.856746558265, 575, 20, 3, 1.0, 2.1, 2.1
0.69696342798, 257, 20, 3, 1.0, 2.1, 2.1
0.881268094718, 1176, 20, 3, 1.0, 2.1, 2.1
0.688743946456, 1169, 20, 3, 1.0, 2.1, 2.1
0.745169743849, 293, 20, 3, 1.0, 2.1, 2.1
1.05472811997, 1768, 20, 3, 1.0, 2.1, 2.1
1.01587069995, 1182, 20, 3, 1.0, 2.1, 2.1
1.02298954465, 366, 20, 3, 1.0, 2.1, 2.1
0.352892393416, 426, 20, 3, 1.0, 2.1, 2.1
0.943552764796, 825, 20, 3, 1.0, 2.1, 2.1
1.04008499154, 748, 20, 3, 1.0, 2.1, 2.1
0.576580140175, 348, 20, 3, 1.0, 2.1, 2.1
1.09384007961, 1117, 20, 3, 1.0, 2.1, 2.1
0.897745003426, 463, 20, 3, 1.0, 2.1, 2.1
1.05085659516, 311, 20, 3, 1.0, 2.1, 2.1
0.390157318124, 340, 20, 3, 1.0, 2.1, 2.1
1.00647989926, 1051, 20, 3, 1.0, 2.1, 2.1
0.841469391087, 575, 20, 3, 1.0, 2.1, 2.1
1.01477826797, 694, 20, 3, 1.0, 2.1, 2.1
2.37427920877, 2000, 20, 3, 1.0, 2.1, 2.1
1.06828362332, 526, 20, 3, 1.0, 2.1, 2.1
1.02546371249, 997, 20, 3, 1.0, 2.1, 2.1
0.937109230815, 971, 20, 3, 1.0, 2.1, 2.1
0.780923080819, 1084, 20, 3, 1.0, 2.1, 2.1
1.02902841059, 493, 20, 3, 1.0, 2.1, 2.1
1.02357017956, 778, 20, 3, 1.0, 2.1, 2.1
1.05528926139, 237, 20, 3, 1.0, 2.1, 2.1
1.06838887704, 429, 20, 3, 1.0, 2.1, 2.1
0.927508388484, 772, 20, 3, 1.0, 2.1, 2.1
1.04808474661, 382, 20, 3, 1.0, 2.1, 2.1
1.06585522621, 120, 20, 3, 1.0, 2.1, 2.1
0.744950241493, 256, 20, 3, 1.0, 2.1, 2.1
0.959537378036, 868, 20, 3, 1.0, 2.1, 2.1
0.859803171715, 417, 20, 3, 1.0, 2.1, 2.1
1.09323859234, 308, 20, 3, 1.0, 2.1, 2.1
0.856243602389, 1021, 20, 3, 1.0, 2.1, 2.1
0.876085066326, 171, 20, 3, 1.0, 2.1, 2.1
0.133615675173, 473, 20, 3, 1.0, 2.1, 2.1
0.920963367611, 275, 20, 3, 1.0, 2.1, 2.1
1.01701400221, 785, 20, 3, 1.0, 2.1, 2.1
0.417118482367, 153, 20, 3, 1.0, 2.1, 2.1
0.933469926586, 211, 20, 3, 1.0, 2.1, 2.1
0.469203103069, 62, 20, 3, 1.0, 2.1, 2.1
0.949203205839, 235, 20, 3, 1.0, 2.1, 2.1
0.831118854001, 648, 20, 3, 1.0, 2.1, 2.1
1.09498057106, 534, 20, 3, 1.0, 2.1, 2.1
0.653825159349, 677, 20, 3, 1.0, 2.1, 2.1
1.08863244172, 1356, 20, 3, 1.0, 2.1, 2.1
1.09228835252, 917, 20, 3, 1.0, 2.1, 2.1
1.03030557075, 525, 20, 3, 1.0, 2.1, 2.1
1.00859612847, 802, 20, 3, 1.0, 2.1, 2.1
1.04992357022, 682, 20, 3, 1.0, 2.1, 2.1
1.05789536615, 1400, 20, 3, 1.0, 2.1, 2.1
0.719488525129, 565, 20, 3, 1.0, 2.1, 2.1
1.09986503868, 985, 20, 3, 1.0, 2.1, 2.1
0.838024604862, 669, 20, 3, 1.0, 2.1, 2.1
1.04644220806, 1811, 20, 3, 1.0, 2.1, 2.1
0.878499806769, 969, 20, 3, 1.0, 2.1, 2.1
1.03762560232, 464, 20, 3, 1.0, 2.1, 2.1
0.984110215047, 388, 20, 3, 1.0, 2.1, 2.1
0.41430322738, 652, 20, 3, 1.0, 2.1, 2.1
1.0984546218, 1600, 20, 3, 1.0, 2.1, 2.1
1.09876596018, 759, 20, 3, 1.0, 2.1, 2.1
1.09075730779, 810, 20, 3, 1.0, 2.1, 2.1
0.828666132365, 582, 20, 3, 1.0, 2.1, 2.1
1.09902409671, 774, 20, 3, 1.0, 2.1, 2.1
0.5750840221, 278, 20, 3, 1.0, 2.1, 2.1
1.07898936086, 1187, 20, 3, 1.0, 2.1, 2.1
1.0228540222, 1046, 20, 3, 1.0, 2.1, 2.1
1.08990052827, 1106, 20, 3, 1.0, 2.1, 2.1
0.432143135492, 378, 20, 3, 1.0, 2.1, 2.1
0.997951069891, 994, 20, 3, 1.0, 2.1, 2.1
1.01573651207, 351, 20, 3, 1.0, 2.1, 2.1
0.965263453614, 1269, 20, 3, 1.0, 2.1, 2.1
1.09625513771, 1943, 20, 3, 1.0, 2.1, 2.1
1.06783358425, 1499, 20, 3, 1.0, 2.1, 2.1
0.423449690783, 479, 20, 3, 1.0, 2.1, 2.1
0.902503828269, 409, 20, 3, 1.0, 2.1, 2.1
1.06193004817, 1046, 20, 3, 1.0, 2.1, 2.1
0.83147678281, 375, 20, 3, 1.0, 2.1, 2.1
1.09555885345, 471, 20, 3, 1.0, 2.1, 2.1
1.01771049147, 515, 20, 3, 1.0, 2.1, 2.1
1.29293191995, 2000, 20, 3, 1.0, 2.1, 2.1
0.498791526048, 1050, 20, 3, 1.0, 2.1, 2.1
1.09995381711, 190, 20, 3, 1.0, 2.1, 2.1
0.907788424166, 818, 20, 3, 1.0, 2.1, 2.1
1.00653411064, 1274, 20, 3, 1.0, 2.1, 2.1
0.844676452445, 781, 20, 3, 1.0, 2.1, 2.1
1.09004841607, 462, 20, 3, 1.0, 2.1, 2.1
1.08416242465, 859, 20, 3, 1.0, 2.1, 2.1
0.670324018862, 1196, 20, 3, 1.0, 2.1, 2.1
1.03916508093, 235, 20, 3, 1.0, 2.1, 2.1
0.882764746396, 474, 20, 3, 1.0, 2.1, 2.1
0.797608231397, 1225, 20, 3, 1.0, 2.1, 2.1
1.04137225039, 113, 20, 3, 1.0, 2.1, 2.1
1.06986174929, 491, 20, 3, 1.0, 2.1, 2.1
1.04817542457, 536, 20, 3, 1.0, 2.1, 2.1
1.07745162756, 375, 20, 3, 1.0, 2.1, 2.1
1.08204581985, 1204, 20, 3, 1.0, 2.1, 2.1
1.05128619294, 718, 20, 3, 1.0, 2.1, 2.1
0.488671333463, 705, 20, 3, 1.0, 2.1, 2.1
0.277781330018, 712, 20, 3, 1.0, 2.1, 2.1
1.0757986122, 925, 20, 3, 1.0, 2.1, 2.1
1.06468686048, 1067, 20, 3, 1.0, 2.1, 2.1
1.09525378148, 1655, 20, 3, 1.0, 2.1, 2.1
1.07594374088, 1550, 20, 3, 1.0, 2.1, 2.1
1.0385278607, 1158, 20, 3, 1.0, 2.1, 2.1
0.810498115959, 603, 20, 3, 1.0, 2.1, 2.1
0.973948093119, 219, 20, 3, 1.0, 2.1, 2.1
0.91820372822, 639, 20, 3, 1.0, 2.1, 2.1
1.07494145045, 102, 20, 3, 1.0, 2.1, 2.1
0.408645911378, 350, 20, 3, 1.0, 2.1, 2.1
1.08157437794, 1017, 20, 3, 1.0, 2.1, 2.1
0.881803355652, 1592, 20, 3, 1.0, 2.1, 2.1
86.071070598, 2000, 20, 3, 1.0, 2.1, 2.1
0.965560329549, 848, 20, 3, 1.0, 2.1, 2.1
0.851493203562, 420, 20, 3, 1.0, 2.1, 2.1
0.98538171392, 735, 20, 3, 1.0, 2.1, 2.1
1.08148860508, 801, 20, 3, 1.0, 2.1, 2.1
0.937512027416, 638, 20, 3, 1.0, 2.1, 2.1
0.91576450578, 505, 20, 3, 1.0, 2.1, 2.1
0.375905336639, 1148, 20, 3, 1.0, 2.1, 2.1
0.919318247466, 524, 20, 3, 1.0, 2.1, 2.1
1.02503186528, 845, 20, 3, 1.0, 2.1, 2.1
1.07986416506, 400, 20, 3, 1.0, 2.1, 2.1
0.842108526017, 76, 20, 3, 1.0, 2.1, 2.1
1.04748562035, 921, 20, 3, 1.0, 2.1, 2.1
1.0990483304, 619, 20, 3, 1.0, 2.1, 2.1
0.742381273303, 264, 20, 3, 1.0, 2.1, 2.1
1.09532807712, 1193, 20, 3, 1.0, 2.1, 2.1
1.00776400418, 761, 20, 3, 1.0, 2.1, 2.1
1.06966041179, 575, 20, 3, 1.0, 2.1, 2.1
1.07837367801, 551, 20, 3, 1.0, 2.1, 2.1
1.05100354985, 57, 20, 3, 1.0, 2.1, 2.1
0.98632088444, 668, 20, 3, 1.0, 2.1, 2.1
0.840983840784, 518, 20, 3, 1.0, 2.1, 2.1
1.07959045445, 482, 20, 3, 1.0, 2.1, 2.1
1.04041088522, 263, 20, 3, 1.0, 2.1, 2.1
0.640349606349, 1586, 20, 3, 1.0, 2.1, 2.1
1.01524153637, 477, 20, 3, 1.0, 2.1, 2.1
0.825763801512, 549, 20, 3, 1.0, 2.1, 2.1
0.962338401668, 213, 20, 3, 1.0, 2.1, 2.1
1.06221139182, 967, 20, 3, 1.0, 2.1, 2.1
1.09948896467, 616, 20, 3, 1.0, 2.1, 2.1
1.09446254359, 1357, 20, 3, 1.0, 2.1, 2.1
0.902630392111, 1526, 20, 3, 1.0, 2.1, 2.1
1.09398308385, 621, 20, 3, 1.0, 2.1, 2.1
1.09333235064, 621, 20, 3, 1.0, 2.1, 2.1
0.848389322931, 282, 20, 3, 1.0, 2.1, 2.1
1.05991445865, 566, 20, 3, 1.0, 2.1, 2.1
1.08737229407, 635, 20, 3, 1.0, 2.1, 2.1
1.09275017324, 788, 20, 3, 1.0, 2.1, 2.1
1.03386468133, 1852, 20, 3, 1.0, 2.1, 2.1
1.02330488169, 477, 20, 3, 1.0, 2.1, 2.1
0.888022713858, 1310, 20, 3, 1.0, 2.1, 2.1
2.74412428219, 2000, 20, 3, 1.0, 2.1, 2.1
1.09710584948, 411, 20, 3, 1.0, 2.1, 2.1
0.874784544676, 1594, 20, 3, 1.0, 2.1, 2.1
1.05798193277, 676, 20, 3, 1.0, 2.1, 2.1
1.09792990613, 556, 20, 3, 1.0, 2.1, 2.1
86.071052025, 2000, 20, 3, 1.0, 2.1, 2.1
0.78633052878, 343, 20, 3, 1.0, 2.1, 2.1
1.09918287238, 283, 20, 3, 1.0, 2.1, 2.1
0.896741436918, 275, 20, 3, 1.0, 2.1, 2.1
0.665532928015, 1884, 20, 3, 1.0, 2.1, 2.1
0.981955327467, 1764, 20, 3, 1.0, 2.1, 2.1
0.617316340522, 80, 20, 3, 1.0, 2.1, 2.1
1.03851898489, 962, 20, 3, 1.0, 2.1, 2.1
1.05327490465, 731, 20, 3, 1.0, 2.1, 2.1
1.03846164229, 1761, 20, 3, 1.0, 2.1, 2.1
1.04728547146, 256, 20, 3, 1.0, 2.1, 2.1
1.06122959526, 262, 20, 3, 1.0, 2.1, 2.1
0.99569254921, 500, 20, 3, 1.0, 2.1, 2.1
0.493170937135, 160, 20, 3, 1.0, 2.1, 2.1
0.27346968384, 1098, 20, 3, 1.0, 2.1, 2.1
0.887866756365, 531, 20, 3, 1.0, 2.1, 2.1
1.07429902043, 155, 20, 3, 1.0, 2.1, 2.1
0.900665194556, 622, 20, 3, 1.0, 2.1, 2.1
1.07657935152, 487, 20, 3, 1.0, 2.1, 2.1
1.09812329905, 565, 20, 3, 1.0, 2.1, 2.1
0.544210817045, 686, 20, 3, 1.0, 2.1, 2.1
0.997416467822, 667, 20, 3, 1.0, 2.1, 2.1
1.0985882182, 1649, 20, 3, 1.0, 2.1, 2.1
0.956885943599, 1225, 20, 3, 1.0, 2.1, 2.1
1.09697352262, 584, 20, 3, 1.0, 2.1, 2.1
1.00278846779, 244, 20, 3, 1.0, 2.1, 2.1
1.0436323519, 330, 20, 3, 1.0, 2.1, 2.1
0.259576556744, 422, 20, 3, 1.0, 2.1, 2.1
0.909996443371, 269, 20, 3, 1.0, 2.1, 2.1
1.0018246578, 864, 20, 3, 1.0, 2.1, 2.1
0.865061531659, 718, 20, 3, 1.0, 2.1, 2.1
0.947176706189, 698, 20, 3, 1.0, 2.1, 2.1
0.577778614784, 1292, 20, 3, 1.0, 2.1, 2.1
1.08891480108, 1081, 20, 3, 1.0, 2.1, 2.1
0.205839838338, 288, 20, 3, 1.0, 2.1, 2.1
1.01210186465, 97, 20, 3, 1.0, 2.1, 2.1
1.01962901543, 539, 20, 3, 1.0, 2.1, 2.1
1.06867564063, 461, 20, 3, 1.0, 2.1, 2.1
1.03477877332, 924, 20, 3, 1.0, 2.1, 2.1
0.969893172869, 917, 20, 3, 1.0, 2.1, 2.1
0.792767322989, 1718, 20, 3, 1.0, 2.1, 2.1
0.735837170418, 1444, 20, 3, 1.0, 2.1, 2.1
0.893478958329, 243, 20, 3, 1.0, 2.1, 2.1
1.08632461092, 196, 20, 3, 1.0, 2.1, 2.1
1.09650858095, 818, 20, 3, 1.0, 2.1, 2.1
0.589358853746, 1022, 20, 3, 1.0, 2.1, 2.1
0.865408419021, 611, 20, 3, 1.0, 2.1, 2.1
0.727249725016, 237, 20, 3, 1.0, 2.1, 2.1
1.09882487214, 693, 20, 3, 1.0, 2.1, 2.1
1.06121946187, 1535, 20, 3, 1.0, 2.1, 2.1
1.01526343068, 595, 20, 3, 1.0, 2.1, 2.1
0.927306207607, 1112, 20, 3, 1.0, 2.1, 2.1
0.723147792489, 235, 20, 3, 1.0, 2.1, 2.1
0.64797630741, 1425, 20, 3, 1.0, 2.1, 2.1
1.09962152273, 1077, 20, 3, 1.0, 2.1, 2.1
1.09398482242, 619, 20, 3, 1.0, 2.1, 2.1
1.08526231436, 655, 20, 3, 1.0, 2.1, 2.1
0.900751017055, 293, 20, 3, 1.0, 2.1, 2.1
1.09842135793, 814, 20, 3, 1.0, 2.1, 2.1
0.659446974384, 482, 20, 3, 1.0, 2.1, 2.1
1.06941094152, 1770, 20, 3, 1.0, 2.1, 2.1
1.04634179855, 346, 20, 3, 1.0, 2.1, 2.1
1.09221176086, 435, 20, 3, 1.0, 2.1, 2.1
0.893584677538, 662, 20, 3, 1.0, 2.1, 2.1
0.715914807713, 411, 20, 3, 1.0, 2.1, 2.1
1.26519423885, 2000, 20, 3, 1.0, 2.1, 2.1
1.02711717259, 647, 20, 3, 1.0, 2.1, 2.1
1.05430824225, 511, 20, 3, 1.0, 2.1, 2.1
0.99583150054, 773, 20, 3, 1.0, 2.1, 2.1
0.908428408659, 225, 20, 3, 1.0, 2.1, 2.1
0.926178022969, 409, 20, 3, 1.0, 2.1, 2.1
0.324555874781, 133, 20, 3, 1.0, 2.1, 2.1
1.00905259681, 175, 20, 3, 1.0, 2.1, 2.1
3.31517617, 2000, 20, 3, 1.0, 2.1, 2.1
0.741557119362, 907, 20, 3, 1.0, 2.1, 2.1
0.66298639141, 593, 20, 3, 1.0, 2.1, 2.1
0.864676179516, 759, 20, 3, 1.0, 2.1, 2.1
0.501349588299, 604, 20, 3, 1.0, 2.1, 2.1
8.93522246347, 2000, 20, 3, 1.0, 2.1, 2.1
1.06100110996, 512, 20, 3, 1.0, 2.1, 2.1
0.904876228052, 375, 20, 3, 1.0, 2.1, 2.1
1.0826542588, 419, 20, 3, 1.0, 2.1, 2.1
1.02456380241, 547, 20, 3, 1.0, 2.1, 2.1
1.05474411604, 1347, 20, 3, 1.0, 2.1, 2.1
0.390886297568, 92, 20, 3, 1.0, 2.1, 2.1
0.485822698691, 1673, 20, 3, 1.0, 2.1, 2.1
1.02806097771, 659, 20, 3, 1.0, 2.1, 2.1
0.884782012535, 1138, 20, 3, 1.0, 2.1, 2.1
0.981156413159, 246, 20, 3, 1.0, 2.1, 2.1
1.08745055821, 599, 20, 3, 1.0, 2.1, 2.1
0.796564395852, 289, 20, 3, 1.0, 2.1, 2.1
1.01393128651, 1439, 20, 3, 1.0, 2.1, 2.1
0.906225258901, 1423, 20, 3, 1.0, 2.1, 2.1
1.08073803868, 359, 20, 3, 1.0, 2.1, 2.1
0.614686633849, 1002, 20, 3, 1.0, 2.1, 2.1
1.07644365972, 535, 20, 3, 1.0, 2.1, 2.1
0.167226935737, 236, 20, 3, 1.0, 2.1, 2.1
1.09027026763, 891, 20, 3, 1.0, 2.1, 2.1
0.969983816528, 322, 20, 3, 1.0, 2.1, 2.1
0.184761825255, 1080, 20, 3, 1.0, 2.1, 2.1
0.958619723622, 477, 20, 3, 1.0, 2.1, 2.1
1.03055935839, 898, 20, 3, 1.0, 2.1, 2.1
1.16758083931, 2000, 20, 3, 1.0, 2.1, 2.1
0.765902439488, 160, 20, 3, 1.0, 2.1, 2.1
1.09276150654, 1854, 20, 3, 1.0, 2.1, 2.1
0.218544201045, 102, 20, 3, 1.0, 2.1, 2.1
1.04533718559, 47, 20, 3, 1.0, 2.1, 2.1
1.03376804504, 44, 20, 3, 1.0, 2.1, 2.1
1.04665521955, 516, 20, 3, 1.0, 2.1, 2.1
0.721760471657, 749, 20, 3, 1.0, 2.1, 2.1
1.09405312157, 173, 20, 3, 1.0, 2.1, 2.1
1.04010155642, 1030, 20, 3, 1.0, 2.1, 2.1
1.09423376809, 1344, 20, 3, 1.0, 2.1, 2.1
0.779175480445, 414, 20, 3, 1.0, 2.1, 2.1
1.01209065021, 1050, 20, 3, 1.0, 2.1, 2.1
0.923579154448, 599, 20, 3, 1.0, 2.1, 2.1
0.60988607849, 695, 20, 3, 1.0, 2.1, 2.1
1.02179956071, 117, 20, 3, 1.0, 2.1, 2.1
0.98138742238, 788, 20, 3, 1.0, 2.1, 2.1
0.605862549999, 145, 20, 3, 1.0, 2.1, 2.1
1.06472634738, 688, 20, 3, 1.0, 2.1, 2.1
0.748507843353, 1511, 20, 3, 1.0, 2.1, 2.1
0.790466560951, 1105, 20, 3, 1.0, 2.1, 2.1
1.04067169104, 143, 20, 3, 1.0, 2.1, 2.1
0.904821553966, 1426, 20, 3, 1.0, 2.1, 2.1
0.97162412607, 1311, 20, 3, 1.0, 2.1, 2.1
0.983464629621, 568, 20, 3, 1.0, 2.1, 2.1
0.819907818855, 402, 20, 3, 1.0, 2.1, 2.1
1.06843978415, 557, 20, 3, 1.0, 2.1, 2.1
1.07955933314, 149, 20, 3, 1.0, 2.1, 2.1
0.787516802722, 210, 20, 3, 1.0, 2.1, 2.1
1.04381239483, 49, 20, 3, 1.0, 2.1, 2.1
0.908686241984, 164, 20, 3, 1.0, 2.1, 2.1
1.09191671208, 884, 20, 3, 1.0, 2.1, 2.1
0.900459884435, 354, 20, 3, 1.0, 2.1, 2.1
1.09317808151, 958, 20, 3, 1.0, 2.1, 2.1
15.9606452704, 2000, 20, 3, 1.0, 2.1, 2.1
1.04728803409, 551, 20, 3, 1.0, 2.1, 2.1
0.841608218272, 597, 20, 3, 1.0, 2.1, 2.1
1.0410540206, 364, 20, 3, 1.0, 2.1, 2.1
1.00288157573, 421, 20, 3, 1.0, 2.1, 2.1
0.908277866726, 423, 20, 3, 1.0, 2.1, 2.1
0.930934812882, 456, 20, 3, 1.0, 2.1, 2.1
0.4488278832, 379, 20, 3, 1.0, 2.1, 2.1
1.06865940542, 1316, 20, 3, 1.0, 2.1, 2.1
1.00160697518, 482, 20, 3, 1.0, 2.1, 2.1
1.06827073543, 844, 20, 3, 1.0, 2.1, 2.1
1.09889837709, 328, 20, 3, 1.0, 2.1, 2.1
2.84925878408, 2000, 20, 3, 1.0, 2.1, 2.1
1.05456598282, 638, 20, 3, 1.0, 2.1, 2.1
1.02271337534, 1101, 20, 3, 1.0, 2.1, 2.1
1.09219175601, 616, 20, 3, 1.0, 2.1, 2.1
0.7734431046, 1094, 20, 3, 1.0, 2.1, 2.1
0.509170224994, 181, 20, 3, 1.0, 2.1, 2.1
1.05872857164, 553, 20, 3, 1.0, 2.1, 2.1
1.06828598042, 883, 20, 3, 1.0, 2.1, 2.1
0.964899647873, 494, 20, 3, 1.0, 2.1, 2.1
0.48564960047, 312, 20, 3, 1.0, 2.1, 2.1
0.858284007604, 568, 20, 3, 1.0, 2.1, 2.1
0.987742627571, 345, 20, 3, 1.0, 2.1, 2.1
86.0775828703, 2000, 20, 3, 1.0, 2.1, 2.1
0.95496642641, 396, 20, 3, 1.0, 2.1, 2.1
0.301904967925, 62, 20, 3, 1.0, 2.1, 2.1
1.01855718545, 362, 20, 3, 1.0, 2.1, 2.1
1.09734290378, 757, 20, 3, 1.0, 2.1, 2.1
0.718907453339, 306, 20, 3, 1.0, 2.1, 2.1
2.01517081583, 2000, 20, 3, 1.0, 2.1, 2.1
1.09545753118, 1322, 20, 3, 1.0, 2.1, 2.1
1.04844866493, 806, 20, 3, 1.0, 2.1, 2.1
1.06081812233, 1314, 20, 3, 1.0, 2.1, 2.1
0.584959656259, 254, 20, 3, 1.0, 2.1, 2.1
0.894365683509, 440, 20, 3, 1.0, 2.1, 2.1
1.01188747783, 1054, 20, 3, 1.0, 2.1, 2.1
1.02367132383, 1357, 20, 3, 1.0, 2.1, 2.1
1.0866268202, 757, 20, 3, 1.0, 2.1, 2.1
1.04529050563, 666, 20, 3, 1.0, 2.1, 2.1
1.08538539559, 881, 20, 3, 1.0, 2.1, 2.1
1.09755420292, 1134, 20, 3, 1.0, 2.1, 2.1
1.08620489623, 940, 20, 3, 1.0, 2.1, 2.1
0.740491676752, 357, 20, 3, 1.0, 2.1, 2.1
1.05593935017, 990, 20, 3, 1.0, 2.1, 2.1
0.765903334241, 544, 20, 3, 1.0, 2.1, 2.1
0.950412036683, 474, 20, 3, 1.0, 2.1, 2.1
1.09617967085, 926, 20, 3, 1.0, 2.1, 2.1
0.954817342215, 729, 20, 3, 1.0, 2.1, 2.1
1.01217628238, 811, 20, 3, 1.0, 2.1, 2.1
1.09560838075, 807, 20, 3, 1.0, 2.1, 2.1
0.83710070116, 675, 20, 3, 1.0, 2.1, 2.1
1.09798504664, 814, 20, 3, 1.0, 2.1, 2.1
1.05264425828, 1189, 20, 3, 1.0, 2.1, 2.1
1.04510694881, 1248, 20, 3, 1.0, 2.1, 2.1
1.09008440922, 1226, 20, 3, 1.0, 2.1, 2.1
1.06811492664, 447, 20, 3, 1.0, 2.1, 2.1
0.694885457114, 1209, 20, 3, 1.0, 2.1, 2.1
1.03706306204, 816, 20, 3, 1.0, 2.1, 2.1
1.09325237801, 245, 20, 3, 1.0, 2.1, 2.1
0.796970185504, 531, 20, 3, 1.0, 2.1, 2.1
0.971053367754, 546, 20, 3, 1.0, 2.1, 2.1
1.00766786277, 924, 20, 3, 1.0, 2.1, 2.1
86.0714521377, 2000, 20, 3, 1.0, 2.1, 2.1
1.05188534291, 925, 20, 3, 1.0, 2.1, 2.1
1.07400259516, 410, 20, 3, 1.0, 2.1, 2.1
0.99577497032, 571, 20, 3, 1.0, 2.1, 2.1
0.920802570127, 1332, 20, 3, 1.0, 2.1, 2.1
1.04396333814, 531, 20, 3, 1.0, 2.1, 2.1
0.832484272708, 1311, 20, 3, 1.0, 2.1, 2.1
1.07633104647, 1416, 20, 3, 1.0, 2.1, 2.1
0.900756103702, 198, 20, 3, 1.0, 2.1, 2.1
1.06558218893, 1277, 20, 3, 1.0, 2.1, 2.1
0.892092658526, 913, 20, 3, 1.0, 2.1, 2.1
86.0740320176, 2000, 20, 3, 1.0, 2.1, 2.1
1.02532323081, 744, 20, 3, 1.0, 2.1, 2.1
1.08510571476, 294, 20, 3, 1.0, 2.1, 2.1
1.0762112814, 1453, 20, 3, 1.0, 2.1, 2.1
1.07314408044, 495, 20, 3, 1.0, 2.1, 2.1
1.05680767381, 561, 20, 3, 1.0, 2.1, 2.1
0.871190489299, 314, 20, 3, 1.0, 2.1, 2.1
86.0709313814, 2000, 20, 3, 1.0, 2.1, 2.1
0.761100767815, 785, 20, 3, 1.0, 2.1, 2.1
0.974304727752, 1367, 20, 3, 1.0, 2.1, 2.1
1.06464427479, 660, 20, 3, 1.0, 2.1, 2.1
0.909582817971, 1657, 20, 3, 1.0, 2.1, 2.1
0.868848291361, 967, 20, 3, 1.0, 2.1, 2.1
0.589214478286, 443, 20, 3, 1.0, 2.1, 2.1
86.071051789, 2000, 20, 3, 1.0, 2.1, 2.1
0.860969228757, 408, 20, 3, 1.0, 2.1, 2.1
0.747063108198, 261, 20, 3, 1.0, 2.1, 2.1
0.958952987244, 1020, 20, 3, 1.0, 2.1, 2.1
0.923609005249, 71, 20, 3, 1.0, 2.1, 2.1
86.0708620054, 2000, 20, 3, 1.0, 2.1, 2.1
0.462648977261, 1022, 20, 3, 1.0, 2.1, 2.1
0.728621909241, 451, 20, 3, 1.0, 2.1, 2.1
0.841283089672, 620, 20, 3, 1.0, 2.1, 2.1
1.08853118995, 392, 20, 3, 1.0, 2.1, 2.1
0.294528614721, 368, 20, 3, 1.0, 2.1, 2.1
0.876502040745, 512, 20, 3, 1.0, 2.1, 2.1
1.09277538259, 191, 20, 3, 1.0, 2.1, 2.1
0.510162703579, 335, 20, 3, 1.0, 2.1, 2.1
0.824172268079, 345, 20, 3, 1.0, 2.1, 2.1
0.89878374125, 694, 20, 3, 1.0, 2.1, 2.1
0.917232157914, 752, 20, 3, 1.0, 2.1, 2.1
1.0946197997, 1141, 20, 3, 1.0, 2.1, 2.1
1.09288847532, 836, 20, 3, 1.0, 2.1, 2.1
1.09235046817, 211, 20, 3, 1.0, 2.1, 2.1
0.841012679576, 1566, 20, 3, 1.0, 2.1, 2.1
0.948091877954, 789, 20, 3, 1.0, 2.1, 2.1
0.992874027916, 966, 20, 3, 1.0, 2.1, 2.1
86.0716468192, 2000, 20, 3, 1.0, 2.1, 2.1
1.09919084559, 1096, 20, 3, 1.0, 2.1, 2.1
0.30168491084, 603, 20, 3, 1.0, 2.1, 2.1
1.01156703416, 1518, 20, 3, 1.0, 2.1, 2.1
0.744911036274, 730, 20, 3, 1.0, 2.1, 2.1
0.956846090004, 1344, 20, 3, 1.0, 2.1, 2.1
1.08543952094, 1038, 20, 3, 1.0, 2.1, 2.1
1.04619379941, 644, 20, 3, 1.0, 2.1, 2.1
1.08078027567, 865, 20, 3, 1.0, 2.1, 2.1
0.956888622323, 414, 20, 3, 1.0, 2.1, 2.1
0.782705169693, 867, 20, 3, 1.0, 2.1, 2.1
1.05596834273, 459, 20, 3, 1.0, 2.1, 2.1
0.975152792805, 1171, 20, 3, 1.0, 2.1, 2.1
0.92593866855, 173, 20, 3, 1.0, 2.1, 2.1
1.07876660048, 930, 20, 3, 1.0, 2.1, 2.1
0.947996398125, 356, 20, 3, 1.0, 2.1, 2.1
1.05977205697, 572, 20, 3, 1.0, 2.1, 2.1
0.475812149993, 450, 20, 3, 1.0, 2.1, 2.1
1.06728628043, 756, 20, 3, 1.0, 2.1, 2.1
1.07270096498, 202, 20, 3, 1.0, 2.1, 2.1
1.03129524092, 868, 20, 3, 1.0, 2.1, 2.1
1.09271869915, 783, 20, 3, 1.0, 2.1, 2.1
0.834181998353, 1156, 20, 3, 1.0, 2.1, 2.1
0.514983075059, 30, 20, 3, 1.0, 2.1, 2.1
0.829105818687, 161, 20, 3, 1.0, 2.1, 2.1
0.875571683705, 1072, 20, 3, 1.0, 2.1, 2.1
0.622491689544, 1973, 20, 3, 1.0, 2.1, 2.1
1.0325019165, 781, 20, 3, 1.0, 2.1, 2.1
1.02649859911, 289, 20, 3, 1.0, 2.1, 2.1
0.128816479874, 130, 20, 3, 1.0, 2.1, 2.1
1.04608704355, 1806, 20, 3, 1.0, 2.1, 2.1
0.611791467044, 369, 20, 3, 1.0, 2.1, 2.1
1.02011454253, 942, 20, 3, 1.0, 2.1, 2.1
1.09884997832, 574, 20, 3, 1.0, 2.1, 2.1
1.09035601682, 523, 20, 3, 1.0, 2.1, 2.1
1.02179612303, 306, 20, 3, 1.0, 2.1, 2.1
0.610933779205, 1331, 20, 3, 1.0, 2.1, 2.1
1.09889843226, 946, 20, 3, 1.0, 2.1, 2.1
1.08487024606, 221, 20, 3, 1.0, 2.1, 2.1
1.08387058926, 894, 20, 3, 1.0, 2.1, 2.1
1.09438098661, 521, 20, 3, 1.0, 2.1, 2.1
1.04453687039, 363, 20, 3, 1.0, 2.1, 2.1
1.0695696905, 649, 20, 3, 1.0, 2.1, 2.1
1.04773483396, 368, 20, 3, 1.0, 2.1, 2.1
0.904228249335, 412, 20, 3, 1.0, 2.1, 2.1
1.09408877892, 1702, 20, 3, 1.0, 2.1, 2.1
0.880266996353, 875, 20, 3, 1.0, 2.1, 2.1
1.01416341734, 1599, 20, 3, 1.0, 2.1, 2.1
1.07350717237, 759, 20, 3, 1.0, 2.1, 2.1
0.901132410451, 146, 20, 3, 1.0, 2.1, 2.1
0.968478798102, 1448, 20, 3, 1.0, 2.1, 2.1
0.795246092785, 954, 20, 3, 1.0, 2.1, 2.1
0.996894936051, 546, 20, 3, 1.0, 2.1, 2.1
0.984367828931, 227, 20, 3, 1.0, 2.1, 2.1
1.00722384858, 610, 20, 3, 1.0, 2.1, 2.1
0.481472893345, 583, 20, 3, 1.0, 2.1, 2.1
0.7839525055, 980, 20, 3, 1.0, 2.1, 2.1
1.22528095019, 2000, 20, 3, 1.0, 2.1, 2.1
0.982881769405, 1017, 20, 3, 1.0, 2.1, 2.1
1.29032137006, 2000, 20, 3, 1.0, 2.1, 2.1
1.05496709149, 51, 20, 3, 1.0, 2.1, 2.1
1.03650990905, 1241, 20, 3, 1.0, 2.1, 2.1
0.921838892547, 276, 20, 3, 1.0, 2.1, 2.1
1.07270085819, 391, 20, 3, 1.0, 2.1, 2.1
0.84121688663, 1574, 20, 3, 1.0, 2.1, 2.1
0.351403697327, 743, 20, 3, 1.0, 2.1, 2.1
1.08891895928, 1561, 20, 3, 1.0, 2.1, 2.1
1.06595386464, 700, 20, 3, 1.0, 2.1, 2.1
86.0710496613, 2000, 20, 3, 1.0, 2.1, 2.1
1.05582194876, 679, 20, 3, 1.0, 2.1, 2.1
0.830065340486, 159, 20, 3, 1.0, 2.1, 2.1
1.03142035882, 647, 20, 3, 1.0, 2.1, 2.1
1.07931327944, 484, 20, 3, 1.0, 2.1, 2.1
0.814670821633, 813, 20, 3, 1.0, 2.1, 2.1
0.753735562776, 157, 20, 3, 1.0, 2.1, 2.1
0.90558659401, 1237, 20, 3, 1.0, 2.1, 2.1
0.342487892659, 254, 20, 3, 1.0, 2.1, 2.1
1.05439524137, 1126, 20, 3, 1.0, 2.1, 2.1
1.08914748701, 175, 20, 3, 1.0, 2.1, 2.1
1.09640018507, 1317, 20, 3, 1.0, 2.1, 2.1
0.762493798929, 524, 20, 3, 1.0, 2.1, 2.1
1.0253596209, 353, 20, 3, 1.0, 2.1, 2.1
0.656455596772, 726, 20, 3, 1.0, 2.1, 2.1
0.923725177698, 1009, 20, 3, 1.0, 2.1, 2.1
0.783226805645, 1231, 20, 3, 1.0, 2.1, 2.1
87.5329487115, 2000, 20, 3, 1.0, 2.1, 2.1
1.09138645763, 951, 20, 3, 1.0, 2.1, 2.1
1.08443485546, 1840, 20, 3, 1.0, 2.1, 2.1
1.04235221408, 354, 20, 3, 1.0, 2.1, 2.1
1.02860449954, 765, 20, 3, 1.0, 2.1, 2.1
0.922434957297, 766, 20, 3, 1.0, 2.1, 2.1
1.07408077942, 94, 20, 3, 1.0, 2.1, 2.1
1.02200318628, 1176, 20, 3, 1.0, 2.1, 2.1
1.08406620612, 1310, 20, 3, 1.0, 2.1, 2.1
0.573997252854, 330, 20, 3, 1.0, 2.1, 2.1
1.07675061797, 441, 20, 3, 1.0, 2.1, 2.1
0.919273725764, 856, 20, 3, 1.0, 2.1, 2.1
0.961166467469, 1168, 20, 3, 1.0, 2.1, 2.1
0.561257237181, 117, 20, 3, 1.0, 2.1, 2.1
0.974595627952, 442, 20, 3, 1.0, 2.1, 2.1
0.924271848374, 1718, 20, 3, 1.0, 2.1, 2.1
1.09345369686, 1363, 20, 3, 1.0, 2.1, 2.1
0.941128121063, 811, 20, 3, 1.0, 2.1, 2.1
1.04120492409, 510, 20, 3, 1.0, 2.1, 2.1
0.962674211463, 762, 20, 3, 1.0, 2.1, 2.1
1.08767113685, 447, 20, 3, 1.0, 2.1, 2.1
0.540077222149, 1880, 20, 3, 1.0, 2.1, 2.1
1.0458980327, 805, 20, 3, 1.0, 2.1, 2.1
1.04829553685, 161, 20, 3, 1.0, 2.1, 2.1
0.870031173876, 64, 20, 3, 1.0, 2.1, 2.1
0.903317175034, 191, 20, 3, 1.0, 2.1, 2.1
0.90146600598, 1584, 20, 3, 1.0, 2.1, 2.1
0.365245269912, 1674, 20, 3, 1.0, 2.1, 2.1
1.09350187328, 752, 20, 3, 1.0, 2.1, 2.1
1.09609869627, 1317, 20, 3, 1.0, 2.1, 2.1
0.437226467919, 300, 20, 3, 1.0, 2.1, 2.1
0.691238730982, 1196, 20, 3, 1.0, 2.1, 2.1
0.931622160155, 413, 20, 3, 1.0, 2.1, 2.1
1.09622034713, 542, 20, 3, 1.0, 2.1, 2.1
0.972599815308, 777, 20, 3, 1.0, 2.1, 2.1
0.753093807065, 767, 20, 3, 1.0, 2.1, 2.1
0.143605030166, 407, 20, 3, 1.0, 2.1, 2.1
0.936091132786, 517, 20, 3, 1.0, 2.1, 2.1
1.05010804074, 1593, 20, 3, 1.0, 2.1, 2.1
0.953437702715, 1820, 20, 3, 1.0, 2.1, 2.1
1.00226822629, 401, 20, 3, 1.0, 2.1, 2.1
0.862256953318, 325, 20, 3, 1.0, 2.1, 2.1
1.02327457285, 943, 20, 3, 1.0, 2.1, 2.1
1.09525005477, 1310, 20, 3, 1.0, 2.1, 2.1
0.508589781731, 508, 20, 3, 1.0, 2.1, 2.1
1.09127915082, 426, 20, 3, 1.0, 2.1, 2.1
1.0721042391, 322, 20, 3, 1.0, 2.1, 2.1
1.04044254742, 705, 20, 3, 1.0, 2.1, 2.1
0.953616377718, 803, 20, 3, 1.0, 2.1, 2.1
0.842522713845, 499, 20, 3, 1.0, 2.1, 2.1
1.08058728585, 461, 20, 3, 1.0, 2.1, 2.1
0.340574865958, 586, 20, 3, 1.0, 2.1, 2.1
1.06981614893, 1250, 20, 3, 1.0, 2.1, 2.1
0.878823755783, 313, 20, 3, 1.0, 2.1, 2.1
86.0711398516, 2000, 20, 3, 1.0, 2.1, 2.1
1.0957424839, 330, 20, 3, 1.0, 2.1, 2.1
1.20585316719, 2000, 20, 3, 1.0, 2.1, 2.1
1.0891305661, 932, 20, 3, 1.0, 2.1, 2.1
0.98394235671, 688, 20, 3, 1.0, 2.1, 2.1
0.66837859464, 170, 20, 3, 1.0, 2.1, 2.1
0.852242292629, 309, 20, 3, 1.0, 2.1, 2.1
1.06479354649, 955, 20, 3, 1.0, 2.1, 2.1
1.04338591962, 924, 20, 3, 1.0, 2.1, 2.1
1.04868645542, 568, 20, 3, 1.0, 2.1, 2.1
1.01056021255, 933, 20, 3, 1.0, 2.1, 2.1
0.325561729565, 1004, 20, 3, 1.0, 2.1, 2.1
0.697143595446, 727, 20, 3, 1.0, 2.1, 2.1
0.855045845267, 886, 20, 3, 1.0, 2.1, 2.1
1.02420109365, 817, 20, 3, 1.0, 2.1, 2.1
0.807720885876, 746, 20, 3, 1.0, 2.1, 2.1
0.973413513244, 1200, 20, 3, 1.0, 2.1, 2.1
1.08318708864, 793, 20, 3, 1.0, 2.1, 2.1
1.06785609532, 1464, 20, 3, 1.0, 2.1, 2.1
0.511780013398, 624, 20, 3, 1.0, 2.1, 2.1
0.944885434559, 518, 20, 3, 1.0, 2.1, 2.1
0.853859482087, 531, 20, 3, 1.0, 2.1, 2.1
0.976819819969, 766, 20, 3, 1.0, 2.1, 2.1
0.876254740499, 397, 20, 3, 1.0, 2.1, 2.1
1.04128863023, 245, 20, 3, 1.0, 2.1, 2.1
0.731368733972, 316, 20, 3, 1.0, 2.1, 2.1
0.668516270431, 733, 20, 3, 1.0, 2.1, 2.1
86.0733861019, 2000, 20, 3, 1.0, 2.1, 2.1
0.862729006087, 1973, 20, 3, 1.0, 2.1, 2.1
0.925450091151, 305, 20, 3, 1.0, 2.1, 2.1
1.09437395887, 790, 20, 3, 1.0, 2.1, 2.1
0.914599864271, 131, 20, 3, 1.0, 2.1, 2.1
0.979250078267, 695, 20, 3, 1.0, 2.1, 2.1
0.84007009606, 899, 20, 3, 1.0, 2.1, 2.1
1.03652961704, 375, 20, 3, 1.0, 2.1, 2.1
0.750533845702, 1890, 20, 3, 1.0, 2.1, 2.1
1.01896592951, 1707, 20, 3, 1.0, 2.1, 2.1
0.949625240986, 1084, 20, 3, 1.0, 2.1, 2.1
1.08724807105, 158, 20, 3, 1.0, 2.1, 2.1
0.956976995093, 908, 20, 3, 1.0, 2.1, 2.1
0.745228977759, 683, 20, 3, 1.0, 2.1, 2.1
1.0773406667, 1149, 20, 3, 1.0, 2.1, 2.1
1.0091140048, 569, 20, 3, 1.0, 2.1, 2.1
0.436025143008, 602, 20, 3, 1.0, 2.1, 2.1
1.09696555315, 1245, 20, 3, 1.0, 2.1, 2.1
1.09786415047, 505, 20, 3, 1.0, 2.1, 2.1
86.0709779112, 2000, 20, 3, 1.0, 2.1, 2.1
1.03796303038, 403, 20, 3, 1.0, 2.1, 2.1
0.83280983496, 1702, 20, 3, 1.0, 2.1, 2.1
1.02800576656, 167, 20, 3, 1.0, 2.1, 2.1
1.09576732411, 327, 20, 3, 1.0, 2.1, 2.1
0.746004974054, 511, 20, 3, 1.0, 2.1, 2.1
1.08665771071, 789, 20, 3, 1.0, 2.1, 2.1
0.934101601298, 349, 20, 3, 1.0, 2.1, 2.1
0.598848989479, 386, 20, 3, 1.0, 2.1, 2.1
0.652609440361, 571, 20, 3, 1.0, 2.1, 2.1
0.799209809617, 87, 20, 3, 1.0, 2.1, 2.1
0.553566539952, 163, 20, 3, 1.0, 2.1, 2.1
1.08613953209, 581, 20, 3, 1.0, 2.1, 2.1
1.06622462576, 325, 20, 3, 1.0, 2.1, 2.1
1.05125776563, 1676, 20, 3, 1.0, 2.1, 2.1
0.786352317857, 1149, 20, 3, 1.0, 2.1, 2.1
0.969674505501, 801, 20, 3, 1.0, 2.1, 2.1
0.995537347693, 1957, 20, 3, 1.0, 2.1, 2.1
1.01162022554, 528, 20, 3, 1.0, 2.1, 2.1
1.01161310039, 225, 20, 3, 1.0, 2.1, 2.1
1.09874531991, 522, 20, 3, 1.0, 2.1, 2.1
1.08832048625, 399, 20, 3, 1.0, 2.1, 2.1
0.757470792813, 623, 20, 3, 1.0, 2.1, 2.1
0.784725366025, 755, 20, 3, 1.0, 2.1, 2.1
1.0418174383, 180, 20, 3, 1.0, 2.1, 2.1
0.956545232768, 1950, 20, 3, 1.0, 2.1, 2.1
0.660114258986, 1421, 20, 3, 1.0, 2.1, 2.1
1.01754731713, 1256, 20, 3, 1.0, 2.1, 2.1
1.0179955998, 856, 20, 3, 1.0, 2.1, 2.1
0.824072833272, 683, 20, 3, 1.0, 2.1, 2.1
1.0293169303, 563, 20, 3, 1.0, 2.1, 2.1
0.579323516475, 201, 20, 3, 1.0, 2.1, 2.1
1.02017049187, 673, 20, 3, 1.0, 2.1, 2.1
0.926695332273, 531, 20, 3, 1.0, 2.1, 2.1
1.00002109412, 482, 20, 3, 1.0, 2.1, 2.1
0.378923407738, 638, 20, 3, 1.0, 2.1, 2.1
1.0821611964, 1039, 20, 3, 1.0, 2.1, 2.1
1.05145979041, 707, 20, 3, 1.0, 2.1, 2.1
1.03283128806, 953, 20, 3, 1.0, 2.1, 2.1
0.918484576589, 1083, 20, 3, 1.0, 2.1, 2.1
1.05637092229, 1656, 20, 3, 1.0, 2.1, 2.1
0.948891661095, 457, 20, 3, 1.0, 2.1, 2.1
0.64287481984, 665, 20, 3, 1.0, 2.1, 2.1
0.977729711814, 1249, 20, 3, 1.0, 2.1, 2.1
1.00260588696, 515, 20, 3, 1.0, 2.1, 2.1
0.810956061477, 487, 20, 3, 1.0, 2.1, 2.1
1.06401739826, 1227, 20, 3, 1.0, 2.1, 2.1
0.786959491597, 819, 20, 3, 1.0, 2.1, 2.1
1.0926599448, 861, 20, 3, 1.0, 2.1, 2.1
1.0708132778, 1899, 20, 3, 1.0, 2.1, 2.1
86.0710521584, 2000, 20, 3, 1.0, 2.1, 2.1
0.996800320306, 1004, 20, 3, 1.0, 2.1, 2.1
1.06381540575, 519, 20, 3, 1.0, 2.1, 2.1
86.0746429289, 2000, 20, 3, 1.0, 2.1, 2.1
0.84682576659, 1087, 20, 3, 1.0, 2.1, 2.1
1.09838048042, 1155, 20, 3, 1.0, 2.1, 2.1
0.919825057946, 563, 20, 3, 1.0, 2.1, 2.1
0.958152017828, 827, 20, 3, 1.0, 2.1, 2.1
1.08611954007, 690, 20, 3, 1.0, 2.1, 2.1
0.821569959039, 475, 20, 3, 1.0, 2.1, 2.1
0.727824910378, 1580, 20, 3, 1.0, 2.1, 2.1
1.04503794798, 766, 20, 3, 1.0, 2.1, 2.1
1.07534031217, 1846, 20, 3, 1.0, 2.1, 2.1
1.037269737, 636, 20, 3, 1.0, 2.1, 2.1
0.729337128583, 1337, 20, 3, 1.0, 2.1, 2.1
0.694329494802, 638, 20, 3, 1.0, 2.1, 2.1
0.565998256695, 383, 20, 3, 1.0, 2.1, 2.1
1.07697550589, 537, 20, 3, 1.0, 2.1, 2.1
1.04921022047, 609, 20, 3, 1.0, 2.1, 2.1
1.03072518359, 1864, 20, 3, 1.0, 2.1, 2.1
0.745948220526, 164, 20, 3, 1.0, 2.1, 2.1
0.785655490909, 266, 20, 3, 1.0, 2.1, 2.1
0.528386945501, 65, 20, 3, 1.0, 2.1, 2.1
1.05445443026, 353, 20, 3, 1.0, 2.1, 2.1
1.09854260273, 1337, 20, 3, 1.0, 2.1, 2.1
0.935863148838, 197, 20, 3, 1.0, 2.1, 2.1
0.656265161761, 283, 20, 3, 1.0, 2.1, 2.1
0.835458157386, 422, 20, 3, 1.0, 2.1, 2.1
1.05234197981, 779, 20, 3, 1.0, 2.1, 2.1
1.09779947055, 1099, 20, 3, 1.0, 2.1, 2.1
1.08883621422, 229, 20, 3, 1.0, 2.1, 2.1
0.66267401443, 590, 20, 3, 1.0, 2.1, 2.1
0.659926025784, 923, 20, 3, 1.0, 2.1, 2.1
0.940777885028, 1957, 20, 3, 1.0, 2.1, 2.1
1.05832120932, 687, 20, 3, 1.0, 2.1, 2.1
0.868345560513, 428, 20, 3, 1.0, 2.1, 2.1
1.07035412079, 449, 20, 3, 1.0, 2.1, 2.1
1.0997511985, 1739, 20, 3, 1.0, 2.1, 2.1
0.810582996466, 643, 20, 3, 1.0, 2.1, 2.1
0.70217069524, 158, 20, 3, 1.0, 2.1, 2.1
1.05602136368, 36, 20, 3, 1.0, 2.1, 2.1
0.706501513618, 1540, 20, 3, 1.0, 2.1, 2.1
1.08531826566, 1536, 20, 3, 1.0, 2.1, 2.1
1.08537790979, 129, 20, 3, 1.0, 2.1, 2.1
1.04558168055, 942, 20, 3, 1.0, 2.1, 2.1
1.0894211715, 220, 20, 3, 1.0, 2.1, 2.1
1.01815094008, 983, 20, 3, 1.0, 2.1, 2.1
1.09704470806, 708, 20, 3, 1.0, 2.1, 2.1
86.0716758352, 2000, 20, 3, 1.0, 2.1, 2.1
1.06995124923, 977, 20, 3, 1.0, 2.1, 2.1
0.915991114577, 936, 20, 3, 1.0, 2.1, 2.1
0.84427595925, 1774, 20, 3, 1.0, 2.1, 2.1
1.06777748528, 627, 20, 3, 1.0, 2.1, 2.1
1.04127347686, 236, 20, 3, 1.0, 2.1, 2.1
0.962557054654, 938, 20, 3, 1.0, 2.1, 2.1
0.990858449214, 182, 20, 3, 1.0, 2.1, 2.1
1.09826772618, 290, 20, 3, 1.0, 2.1, 2.1
1.08542493442, 1327, 20, 3, 1.0, 2.1, 2.1
1.0768408603, 78, 20, 3, 1.0, 2.1, 2.1
0.583840668537, 1632, 20, 3, 1.0, 2.1, 2.1
1.09559150945, 213, 20, 3, 1.0, 2.1, 2.1
1.09582444105, 275, 20, 3, 1.0, 2.1, 2.1
0.944038999046, 1234, 20, 3, 1.0, 2.1, 2.1
0.443463635497, 1118, 20, 3, 1.0, 2.1, 2.1
0.945243857852, 937, 20, 3, 1.0, 2.1, 2.1
0.796727903885, 958, 20, 3, 1.0, 2.1, 2.1
86.0710948421, 2000, 20, 3, 1.0, 2.1, 2.1
1.05671798862, 1359, 20, 3, 1.0, 2.1, 2.1
1.01095100976, 416, 20, 3, 1.0, 2.1, 2.1
86.0721292469, 2000, 20, 3, 1.0, 2.1, 2.1
0.846079161739, 417, 20, 3, 1.0, 2.1, 2.1
0.704411058823, 447, 20, 3, 1.0, 2.1, 2.1
1.00019545073, 1211, 20, 3, 1.0, 2.1, 2.1
1.069250254, 680, 20, 3, 1.0, 2.1, 2.1
1.00729759746, 537, 20, 3, 1.0, 2.1, 2.1
1.04419478198, 598, 20, 3, 1.0, 2.1, 2.1
1.07921171141, 679, 20, 3, 1.0, 2.1, 2.1
0.950680785312, 1212, 20, 3, 1.0, 2.1, 2.1
0.925222277429, 453, 20, 3, 1.0, 2.1, 2.1
0.975974066576, 828, 20, 3, 1.0, 2.1, 2.1
1.09486761335, 434, 20, 3, 1.0, 2.1, 2.1
1.06257572974, 484, 20, 3, 1.0, 2.1, 2.1
1.05695335592, 401, 20, 3, 1.0, 2.1, 2.1
0.787590006312, 1217, 20, 3, 1.0, 2.1, 2.1
1.09352519952, 589, 20, 3, 1.0, 2.1, 2.1
0.743153186631, 386, 20, 3, 1.0, 2.1, 2.1
1.02172374853, 579, 20, 3, 1.0, 2.1, 2.1
0.491003512325, 1242, 20, 3, 1.0, 2.1, 2.1
0.972483359549, 884, 20, 3, 1.0, 2.1, 2.1
1.07388495792, 455, 20, 3, 1.0, 2.1, 2.1
0.713356869978, 69, 20, 3, 1.0, 2.1, 2.1
0.901591812319, 114, 20, 3, 1.0, 2.1, 2.1
0.979349992323, 828, 20, 3, 1.0, 2.1, 2.1
0.955315116595, 260, 20, 3, 1.0, 2.1, 2.1
0.960561498315, 343, 20, 3, 1.0, 2.1, 2.1
86.1928618387, 2000, 20, 3, 1.0, 2.1, 2.1
0.811520533287, 977, 20, 3, 1.0, 2.1, 2.1
1.09194356178, 703, 20, 3, 1.0, 2.1, 2.1
0.976209062384, 670, 20, 3, 1.0, 2.1, 2.1
1.05290990553, 1827, 20, 3, 1.0, 2.1, 2.1
1.04014077855, 587, 20, 3, 1.0, 2.1, 2.1
0.989807799906, 400, 20, 3, 1.0, 2.1, 2.1
1.07994184533, 543, 20, 3, 1.0, 2.1, 2.1
0.713317227419, 55, 20, 3, 1.0, 2.1, 2.1
0.983104603226, 494, 20, 3, 1.0, 2.1, 2.1
1.08835073971, 727, 20, 3, 1.0, 2.1, 2.1
0.723491189761, 194, 20, 3, 1.0, 2.1, 2.1
0.933929327593, 281, 20, 3, 1.0, 2.1, 2.1
0.964276548762, 836, 20, 3, 1.0, 2.1, 2.1
0.920390430301, 358, 20, 3, 1.0, 2.1, 2.1
0.813413700234, 257, 20, 3, 1.0, 2.1, 2.1
1.03567200172, 97, 20, 3, 1.0, 2.1, 2.1
0.569429630878, 993, 20, 3, 1.0, 2.1, 2.1
1.0206158298, 1239, 20, 3, 1.0, 2.1, 2.1
1.09693758381, 731, 20, 3, 1.0, 2.1, 2.1
0.939200829268, 734, 20, 3, 1.0, 2.1, 2.1
0.449090472973, 90, 20, 3, 1.0, 2.1, 2.1
0.975981389702, 593, 20, 3, 1.0, 2.1, 2.1
1.08902411606, 1317, 20, 3, 1.0, 2.1, 2.1
0.82559435094, 452, 20, 3, 1.0, 2.1, 2.1
1.07341453332, 798, 20, 3, 1.0, 2.1, 2.1
0.99561540355, 1414, 20, 3, 1.0, 2.1, 2.1
0.971076821819, 225, 20, 3, 1.0, 2.1, 2.1
1.09746315102, 449, 20, 3, 1.0, 2.1, 2.1
1.09763309829, 982, 20, 3, 1.0, 2.1, 2.1
1.06808980921, 712, 20, 3, 1.0, 2.1, 2.1
1.01464615541, 1857, 20, 3, 1.0, 2.1, 2.1
0.87527138289, 160, 20, 3, 1.0, 2.1, 2.1
0.704545472874, 319, 20, 3, 1.0, 2.1, 2.1
1.01675377234, 1496, 20, 3, 1.0, 2.1, 2.1
0.917895748488, 586, 20, 3, 1.0, 2.1, 2.1
0.631515717736, 405, 20, 3, 1.0, 2.1, 2.1
1.0956225601, 1608, 20, 3, 1.0, 2.1, 2.1
0.999361945913, 900, 20, 3, 1.0, 2.1, 2.1
86.0709056346, 2000, 20, 3, 1.0, 2.1, 2.1
1.03116325145, 335, 20, 3, 1.0, 2.1, 2.1
1.07766555466, 341, 20, 3, 1.0, 2.1, 2.1
1.09518680103, 1188, 20, 3, 1.0, 2.1, 2.1
1.09105542039, 318, 20, 3, 1.0, 2.1, 2.1
1.09994747103, 1143, 20, 3, 1.0, 2.1, 2.1
1.98306267298, 2000, 20, 3, 1.0, 2.1, 2.1
0.93683560178, 669, 20, 3, 1.0, 2.1, 2.1
0.703274307335, 249, 20, 3, 1.0, 2.1, 2.1
0.985429219641, 346, 20, 3, 1.0, 2.1, 2.1
0.862784385535, 702, 20, 3, 1.0, 2.1, 2.1
1.09951548297, 614, 20, 3, 1.0, 2.1, 2.1
0.958944484912, 553, 20, 3, 1.0, 2.1, 2.1
0.486818975649, 734, 20, 3, 1.0, 2.1, 2.1
0.939737437019, 1140, 20, 3, 1.0, 2.1, 2.1
1.07236477039, 488, 20, 3, 1.0, 2.1, 2.1
1.05486128726, 14, 20, 3, 1.0, 2.1, 2.1
1.09314982107, 1591, 20, 3, 1.0, 2.1, 2.1
0.964308236179, 660, 20, 3, 1.0, 2.1, 2.1
1.08482468498, 816, 20, 3, 1.0, 2.1, 2.1
0.443785556099, 846, 20, 3, 1.0, 2.1, 2.1
1.08165535233, 274, 20, 3, 1.0, 2.1, 2.1
0.943311618164, 823, 20, 3, 1.0, 2.1, 2.1
0.69566379916, 899, 20, 3, 1.0, 2.1, 2.1
0.679134176679, 1025, 20, 3, 1.0, 2.1, 2.1
1.0179660675, 1864, 20, 3, 1.0, 2.1, 2.1
0.994805314068, 340, 20, 3, 1.0, 2.1, 2.1
0.807633371998, 160, 20, 3, 1.0, 2.1, 2.1
0.521512616389, 563, 20, 3, 1.0, 2.1, 2.1
1.08995100354, 806, 20, 3, 1.0, 2.1, 2.1
0.459166731482, 935, 20, 3, 1.0, 2.1, 2.1
0.934353114857, 366, 20, 3, 1.0, 2.1, 2.1
1.07273836834, 1144, 20, 3, 1.0, 2.1, 2.1
1.09922513957, 1320, 20, 3, 1.0, 2.1, 2.1
0.879188477851, 131, 20, 3, 1.0, 2.1, 2.1
1.08229464377, 288, 20, 3, 1.0, 2.1, 2.1
0.766903234915, 120, 20, 3, 1.0, 2.1, 2.1
0.910827172883, 770, 20, 3, 1.0, 2.1, 2.1
0.735071215612, 1044, 20, 3, 1.0, 2.1, 2.1
0.976948621452, 461, 20, 3, 1.0, 2.1, 2.1
1.09870925995, 1261, 20, 3, 1.0, 2.1, 2.1
1.02557297455, 467, 20, 3, 1.0, 2.1, 2.1
1.05796501945, 797, 20, 3, 1.0, 2.1, 2.1
0.993357266303, 774, 20, 3, 1.0, 2.1, 2.1
0.575412433081, 342, 20, 3, 1.0, 2.1, 2.1
0.77281475583, 718, 20, 3, 1.0, 2.1, 2.1
0.970689845707, 601, 20, 3, 1.0, 2.1, 2.1
1.08693019, 440, 20, 3, 1.0, 2.1, 2.1
0.818513666903, 212, 20, 3, 1.0, 2.1, 2.1
0.777467871364, 722, 20, 3, 1.0, 2.1, 2.1
1.01266683121, 565, 20, 3, 1.0, 2.1, 2.1
1.09257420955, 647, 20, 3, 1.0, 2.1, 2.1
0.986301792611, 272, 20, 3, 1.0, 2.1, 2.1
0.915676339189, 1074, 20, 3, 1.0, 2.1, 2.1
1.05120542872, 1043, 20, 3, 1.0, 2.1, 2.1
0.987689251119, 135, 20, 3, 1.0, 2.1, 2.1
0.935271834895, 563, 20, 3, 1.0, 2.1, 2.1
0.666807052723, 1642, 20, 3, 1.0, 2.1, 2.1
0.858643569904, 527, 20, 3, 1.0, 2.1, 2.1
0.929017140191, 500, 20, 3, 1.0, 2.1, 2.1
0.64048905499, 434, 20, 3, 1.0, 2.1, 2.1
1.08800155411, 391, 20, 3, 1.0, 2.1, 2.1
86.0710569099, 2000, 20, 3, 1.0, 2.1, 2.1
0.947763437321, 699, 20, 3, 1.0, 2.1, 2.1
0.732749349792, 465, 20, 3, 1.0, 2.1, 2.1
0.989401679468, 899, 20, 3, 1.0, 2.1, 2.1
0.960528874936, 640, 20, 3, 1.0, 2.1, 2.1
1.06624673892, 1123, 20, 3, 1.0, 2.1, 2.1
1.02013392798, 463, 20, 3, 1.0, 2.1, 2.1
0.927269442059, 655, 20, 3, 1.0, 2.1, 2.1
1.03270095768, 1385, 20, 3, 1.0, 2.1, 2.1
0.972038361749, 295, 20, 3, 1.0, 2.1, 2.1
0.47399136904, 694, 20, 3, 1.0, 2.1, 2.1
0.864929347095, 187, 20, 3, 1.0, 2.1, 2.1
0.86017298639, 953, 20, 3, 1.0, 2.1, 2.1
1.06406177874, 1177, 20, 3, 1.0, 2.1, 2.1
1.03438043664, 1269, 20, 3, 1.0, 2.1, 2.1
1.09802335035, 1777, 20, 3, 1.0, 2.1, 2.1
0.382146428692, 344, 20, 3, 1.0, 2.1, 2.1
1.08887837299, 1388, 20, 3, 1.0, 2.1, 2.1
0.933987209625, 259, 20, 3, 1.0, 2.1, 2.1
0.410070826205, 288, 20, 3, 1.0, 2.1, 2.1
1.07276854805, 1247, 20, 3, 1.0, 2.1, 2.1
0.988705520038, 1090, 20, 3, 1.0, 2.1, 2.1
0.89126574338, 770, 20, 3, 1.0, 2.1, 2.1
0.858927305733, 749, 20, 3, 1.0, 2.1, 2.1
1.03087078329, 1099, 20, 3, 1.0, 2.1, 2.1
0.741774785782, 1758, 20, 3, 1.0, 2.1, 2.1
1.06657461366, 1032, 20, 3, 1.0, 2.1, 2.1
1.06282227261, 249, 20, 3, 1.0, 2.1, 2.1
1.03081025962, 1064, 20, 3, 1.0, 2.1, 2.1
1.04594234447, 1049, 20, 3, 1.0, 2.1, 2.1
1.09748512827, 1028, 20, 3, 1.0, 2.1, 2.1
8.33955728678, 2000, 20, 3, 1.0, 2.1, 2.1
0.97843658658, 397, 20, 3, 1.0, 2.1, 2.1
0.974695529574, 1054, 20, 3, 1.0, 2.1, 2.1
0.371439344374, 734, 20, 3, 1.0, 2.1, 2.1
0.878534903539, 434, 20, 3, 1.0, 2.1, 2.1
0.96912634486, 999, 20, 3, 1.0, 2.1, 2.1
1.07940891527, 908, 20, 3, 1.0, 2.1, 2.1
1.03387369563, 1427, 20, 3, 1.0, 2.1, 2.1
1.04601590473, 539, 20, 3, 1.0, 2.1, 2.1
0.884638809023, 851, 20, 3, 1.0, 2.1, 2.1
0.817049568776, 206, 20, 3, 1.0, 2.1, 2.1
0.878851977724, 439, 20, 3, 1.0, 2.1, 2.1
0.958822778557, 998, 20, 3, 1.0, 2.1, 2.1
1.09218664658, 297, 20, 3, 1.0, 2.1, 2.1
1.04433662824, 870, 20, 3, 1.0, 2.1, 2.1
0.869889773178, 385, 20, 3, 1.0, 2.1, 2.1
1.03732257573, 1491, 20, 3, 1.0, 2.1, 2.1
1.09572337284, 1591, 20, 3, 1.0, 2.1, 2.1
1.92694523663, 2000, 20, 3, 1.0, 2.1, 2.1
0.829276688808, 672, 20, 3, 1.0, 2.1, 2.1
0.837574081627, 281, 20, 3, 1.0, 2.1, 2.1
0.599259654572, 259, 20, 3, 1.0, 2.1, 2.1
1.07018985178, 409, 20, 3, 1.0, 2.1, 2.1
0.771917527613, 402, 20, 3, 1.0, 2.1, 2.1
0.867374442192, 1081, 20, 3, 1.0, 2.1, 2.1
1.08905015732, 1835, 20, 3, 1.0, 2.1, 2.1
1.02120182239, 636, 20, 3, 1.0, 2.1, 2.1
1.09384405017, 710, 20, 3, 1.0, 2.1, 2.1
0.934834907548, 491, 20, 3, 1.0, 2.1, 2.1
0.926628284965, 569, 20, 3, 1.0, 2.1, 2.1
1.07927976968, 715, 20, 3, 1.0, 2.1, 2.1
0.543027783253, 459, 20, 3, 1.0, 2.1, 2.1
0.468371955643, 1409, 20, 3, 1.0, 2.1, 2.1
0.962288299449, 150, 20, 3, 1.0, 2.1, 2.1
1.09380534488, 666, 20, 3, 1.0, 2.1, 2.1
0.979384958774, 985, 20, 3, 1.0, 2.1, 2.1
0.756175026447, 1524, 20, 3, 1.0, 2.1, 2.1
1.07982005704, 829, 20, 3, 1.0, 2.1, 2.1
0.971371459657, 405, 20, 3, 1.0, 2.1, 2.1
0.68765598149, 600, 20, 3, 1.0, 2.1, 2.1
0.83542519338, 396, 20, 3, 1.0, 2.1, 2.1
1.0987266767, 1068, 20, 3, 1.0, 2.1, 2.1
0.756706808959, 1277, 20, 3, 1.0, 2.1, 2.1
1.02628146146, 242, 20, 3, 1.0, 2.1, 2.1
0.53776267864, 231, 20, 3, 1.0, 2.1, 2.1
1.09529955728, 627, 20, 3, 1.0, 2.1, 2.1
0.565456897449, 903, 20, 3, 1.0, 2.1, 2.1
1.09949337374, 800, 20, 3, 1.0, 2.1, 2.1
0.983145673441, 1292, 20, 3, 1.0, 2.1, 2.1
0.832239728382, 191, 20, 3, 1.0, 2.1, 2.1
0.997675644245, 697, 20, 3, 1.0, 2.1, 2.1
1.05980600853, 956, 20, 3, 1.0, 2.1, 2.1
0.898503579005, 82, 20, 3, 1.0, 2.1, 2.1
86.0726845857, 2000, 20, 3, 1.0, 2.1, 2.1
