0.3455008560251054	7.016931908734103	-1.2713649694132645	1.4171225214736083	-6.0	2.4744529754005438	2.110571531553033	7.20561873096179	
-5.99853146101932	7.013669535789342	2.7621640345448313	6.251439604842609	1.5098756077707023	1.5097869705504117	-4.156766264077461	2.2712666967944397	
-5.631082484838473	7.013626581002788	1.5529018827476646	1.380515558830525	5.852208563798866	9.0	-0.3910647128048952	6.918275981823951	
-6.0	7.013711853350733	3.592503011579325	6.397332270613369	-5.546743572448891	1.3806303028664368	8.816495984064513	9.0	
0.13663049023416285	7.01396273398276	-0.8264432516726412	1.380802687831534	-2.0748034587390647	7.896876033256168	2.9342652133010034	6.807270373251793	
-4.204143965983825	7.014005647440712	-6.0	2.2738708655196707	1.999701327865302	2.8905409710277503	-1.0381080953793251	1.5084517553145238	
-0.4493703259429571	7.01367257958298	-0.0007584952600172556	1.3806094919495315	-5.828155931117136	8.256849887994228	9.0	9.0	
-3.575104189267445	7.013776385933523	6.22933974126266	1.3806526394076135	6.388484870085371	8.577701661110432	-6.0	9.0	
-6.0	7.013705111734655	9.0	1.3806240732923918	-5.5769507441408805	8.998408024272088	5.52020630306445	8.479934762738587	
-2.164333535530832	7.014155491077176	-4.008580940680659	1.4093194331183634	-1.2409372032421224	2.581797433901338	-0.016848345785668073	4.493427906095864	
-1.5278847252214494	7.013686704040955	-3.667407569016908	1.7928905318529473	-2.957299925407882	9.0	4.622912222423791	1.5931623336443916	
-5.999178953525491	7.013658201362517	8.998204433853772	1.380586874789472	1.6300334121911426	9.0	-1.298513034239651	8.865719510230104	
-4.130243672436988	7.013723680652584	2.383836316895481	2.3070689642864863	-1.78348400110659	1.4353496593780504	-0.5688066396832667	8.074592988791865	
8.631689524856096	7.7958578585024725	-5.765165164336078	1.3806247390380024	-5.316320010890072	7.927918885320514	5.624777670104077	9.0	
3.3623676514083876	8.999954882366502	3.595010627940873	8.999883282535688	3.3180089079579353	1.380625886866886	-5.577443519730098	8.246896856055635	
-1.493498783804946	7.014583653012105	-0.7024292227113751	5.741026888802708	-0.7775414806690399	1.380820269730112	1.4314829016830162	7.250945996142905	
-5.949723621586243	7.013726892495377	-5.852566444979551	3.5695131510801836	8.479901254543101	8.43844317478743	1.1203646212831853	1.7057105113355808	
-3.9252320828676144	7.013701279532226	3.3103024604604645	1.8068651920129009	-0.3553436236126917	8.782511740716604	-2.771490211663517	1.5845767987321642	
-5.999999043067195	7.013594957581686	0.10874323566340038	2.04855827656594	-5.999999043067195	8.999999043066563	8.509509300544263	1.485538706398854	
9.0	9.0	-5.97960193331	1.3806408111033557	6.45027012662319	7.019441598627608	-6.0	9.0	
3.342679423581151	8.98043552906076	1.076766695784082	5.458019634220609	-1.2349985658868423	1.3806559485782461	-1.294755934661234	9.0	
-0.8760648642670477	7.013623374930356	-5.974561310947161	2.120034796648568	-1.1585732814494056	9.0	4.681369258460586	1.467925905896145	
-4.677051344317244	7.01370415774783	-5.45035814887577	6.724006408851189	8.217988399686341	8.607757156820849	2.854576034232318	1.5291053646051127	
-4.295631979065451	7.013774155283503	0.367334817528322	5.466431075341113	0.7638414393328086	8.847382082167247	2.943362222474679	1.3807147257595567	
3.6383686638570296	9.0	5.22280614855452	8.694618552046997	-4.810872541089909	1.6565707379001386	-5.92026690000135	1.7082651645493048	
0.6210892357834226	7.013688613467915	-6.0	1.388090496598756	-6.0	9.0	9.0	3.1487307408898246	
-2.0121252684630115	7.013677243770378	-2.578814246225871	3.943044367258601	-6.0	8.999962930069401	9.0	1.3817982279494654	
-2.564946919666689	7.013768616936726	-4.545218203387696	1.5639529633818974	-3.7368259548220846	3.4940037524650087	1.8427433976134031	1.8534599754808019	
-2.0496000961506486	7.013800803127376	0.6862804533814622	1.9759481576632387	-2.897646953629218	1.6746885920853511	-6.0	2.0040308692976687	
2.855258505751223	7.133313429867821	-5.782732029400536	9.0	2.2331281231644553	4.259711270206919	-0.4567675214986373	1.3852788906563873	
1.9885807628684056	7.013734010446415	-6.0	1.3806421175352703	-6.0	6.784602235886982	8.956038785995954	6.695060106759639	
-6.0	7.013675834654684	9.0	1.3820014264348686	-0.9089245599750262	3.8755185232105838	-6.0	6.749305108354134	
-5.7994967227799545	7.013709006300653	-2.2393043755560433	8.689617371965886	8.999997328674265	1.6816364716000756	2.494330917974912	8.999997443829232	
8.981091801894856	8.999991675280143	-6.0	1.380655430398761	0.15727866291622838	6.999312383583442	0.3121476123840665	9.0	
1.7042503554199158	7.505930033953694	-0.6351080834744787	9.0	-0.4904636722663014	1.3807460906148208	-0.701762195785891	4.919659261385803	
8.439738552621721	7.1199776581958165	-2.778076330845228	1.4770572650498695	-3.0036903380950597	8.999971977100069	-5.907181784816604	2.083183359813038	
-5.999998499740031	7.013836458443915	3.7024904406189965	3.3694716016292325	1.96069901575731	1.3851315214938866	-1.830465208939267	8.993701307102437	
-5.020049066830667	7.0136269111490215	-2.3209054918409704	8.684525064957985	5.321767122407703	1.3826358974495072	3.8223482475750448	7.6518033371247505	
-4.8557689313743735	7.0137511289877565	4.195804774916535	9.0	-5.39257253325558	1.818553760690519	2.5331827645720075	1.5777623620594108	
3.358863807288804	8.99615154103505	0.8515743412012577	4.525419672513232	-6.0	1.3809290337207507	2.762644086403938	9.0	
-6.0	7.013694839250974	8.937416290496085	1.3806706951665397	2.8211277319280086	5.293597707684855	-6.0	9.0	
4.838791041143406	8.988893426493835	-4.18052399752778	1.3949933146075342	-4.366476419556239	2.868219412706406	1.0932695030069812	7.062376055343352	
-5.969931527251049	7.0137802767072355	-3.269891055683646	5.955804047235704	-1.3223528910292384	1.3808140177209127	7.098592134288559	5.115484395558477	
-1.6386187200093296	7.013710436184633	-1.1655594069924273	2.756723289638998	-5.577853528664168	6.798947281504061	3.4212984024612236	1.3992966922779448	
-0.4359506219533058	7.018907488493181	-5.902290252654424	7.285190668968024	-2.4607935686546507	1.5174810821859346	3.6406104883065087	1.9494117673930926	
-2.168882397161077	7.013905232310151	1.654815201962382	9.0	-4.808390106184746	1.3806849767854708	7.556320202550523	7.768690856777168	
-2.3571781174677184	7.0137959405931944	-5.647386287053847	6.43917180851701	1.7516612376248606	1.3806133786477037	5.125224837464188	6.968171753415499	
3.362412263012194	9.0	-4.635709169408859	5.114648619510637	-4.90555968912	1.3807034482032687	7.744807452127985	9.0	
-1.1855188120171842	7.013827508955728	-5.384863746564098	2.509906227609065	1.3430542941449595	3.982951821258375	-2.779072615732871	1.4163422376011647	
-4.442945562325132	7.013761100034564	5.667645959896966	2.0266237227616735	-5.932567051096198	1.4919531284298984	0.6644396157637145	8.35364980008925	
4.848331590556198	7.0137712541861195	-6.0	7.38421388093	-5.999138950107545	9.0	9.0	1.3806821243652063	
-2.2296994597758584	7.013705230070382	9.0	1.3810399893078582	-4.231299271226902	7.010063366633636	-5.662545965788951	4.4010655555508755	
-0.47373539113612395	7.013718718683503	-4.519830181428944	1.8979300714643603	-5.040205256107654	3.657921269495084	1.2151768408382662	1.54124244459309	
-6.0	7.013430173309379	0.12751280123536546	5.222193755422243	-4.872423053775484	1.3804988339959836	8.579901209631863	7.148326852370655	
-6.0	7.013710499746789	-4.774518331062034	2.1017480198634644	-2.3340014379002545	1.4721626098439256	9.0	8.23327936665	
3.517689589581906	7.0137996489610615	1.922051884055029	7.806247474530064	-0.23540783015304712	8.255072621353136	-3.6779715919255964	1.3806701346725028	
1.1828113437325865	7.226954636759265	-4.507899574164346	8.838101975225289	-2.3069631020387815	1.3809336123184526	4.740701773626325	4.592058375409749	
-0.015974178268078454	7.014087654921115	-5.465806967419624	2.6563014672544583	2.4378867965869535	6.0607411947028	-2.7498363131366697	1.4045371330422718	
-0.9874927271645664	7.015553532257178	-0.08513462067005051	8.697348575776239	-5.84317303768189	1.380615020024135	8.015820828203296	6.935923580416484	
-3.412899385051622	7.01381407067257	-6.0	8.938851935180594	3.19078856601803	1.3806993447693756	9.0	8.373971810494083	
1.1952844122129003	7.018223617601187	1.5553150337629704	1.9699971241254577	-6.0	3.172407567502157	-6.0	1.5193942064275667	
-3.858700294529821	7.013730002449741	8.007299242695765	1.38080720081269	-0.7780208454851234	7.136652839141201	-5.977516701655171	4.791280816004447	
-4.570105364607887	7.013701935238046	1.3324428686903378	8.134731527492871	4.8784321867288885	2.3235541316290167	-3.108901142263167	3.9892972293813678	
-5.39947261646	7.01369309269	-1.1140089414637142	2.602908486975977	-5.99558423735	1.7772360037895343	2.622640028553647	1.6491556066596011	
-1.3165468936534284	7.014058354860687	-0.3333101503625606	1.3808009886718118	0.9975181134586428	8.425241028229106	2.6151559697530438	8.072118114639085	
-6.0	7.013699862421504	4.429715943553775	7.010180968789225	-5.99941049884484	8.955221634645401	9.0	1.3806214467323237	
-1.3647433324893417	7.013614446025882	-0.5239865642986121	1.3843290323443744	-5.079732725071889	5.779476341791124	1.664279614983574	3.447815760308144	
-6.0	7.01375076784554	8.883798679450127	1.3806230895239917	2.5397137653636506	9.0	-1.9585802593984223	9.0	
-2.598224108369482	7.013784890476895	5.761454868795056	1.3806604737792565	-5.94650833360364	9.0	6.2483017411659905	9.0	
-5.995649201489389	7.013716346228126	9.0	6.518619875211279	-6.0	4.908511943850931	-0.11215245731023504	1.380762321846655	
9.0	9.0	-2.507622263146853	9.0	0.4044913572460036	7.0618052197549765	-3.383877570819908	1.3806098890188636	
-3.369169198155228	7.013764640295268	-4.2579709455888635	1.3809564807669643	5.85794484085665	8.491730264420678	0.2372165509302091	4.511001432766957	
-3.305542676592567	7.0137151295728035	3.283678956626005	1.7951739072747745	-6.0	1.5917264073989301	2.0341216218304243	8.541066265038754	
-5.999863723030662	7.0136921841623	8.659548860728288	8.63146272453935	-5.994818990699976	3.1310977591050353	0.5703698215455679	1.3884007797940026	
3.363665422398686	9.0	-2.1057134863719664	3.92193580246337	-4.691554004309831	1.3818692549789198	2.40665472948133	7.5986651525411	
-1.1866923951065633	7.0140295055767865	-2.570759101307399	1.380856892340688	-6.0	7.269862331240539	7.506383396281423	5.013606759836801	
-6.0	7.013645113778168	6.123401862611923	8.649180718955378	2.8175594638812704	6.901541622527148	-1.925379605071016	1.3806336573489233	
-5.877581980264855	7.013675134556216	-5.967164312712844	1.462191700654726	4.776849097162023	2.1473631719195083	2.574705298679614	7.8129992322288615	
0.07885970052791258	7.013878864776917	-4.841279052771297	1.3807243161129383	7.606338173507551	9.0	-2.3782451705467436	6.000486273947876	
-5.532394948214792	7.013731034882655	5.83246409729772	9.0	-5.835133953482856	9.0	9.0	1.3806244879001586	
3.3659316005556335	8.999999999976946	-5.999999235312514	8.999999235316666	8.999999999723304	6.911137558378725	-0.9111908051058215	3.473014275685234	
-5.783065202619722	7.014124218708265	-2.6928711035550386	3.5067948960013737	2.192674957994493	2.161177592725412	-2.1835407442883508	1.7805194701660554	
5.963083911001506	7.01411467259021	-4.077121728191166	1.380621766703265	7.579350068106722	9.0	-6.0	9.0	
-5.541444618561316	7.013706789690909	6.584015360160919	1.380622717923158	3.140780448742408	8.99364045002282	-1.279231567143948	8.445572363701615	
5.179092366670121	7.013791676546328	-1.964658763627245	1.547040701055181	-1.127324688519737	9.0	-5.577894749116183	1.8778005955289645	
4.043935745342315	7.013823143866528	-4.745765843284124	1.3806945385207605	-6.0	7.833082630908207	9.0	9.0	
3.576794272360452	8.88751428518231	-5.273923157413256	1.7518644285487524	-5.993469834421847	1.7088254814583204	-0.5310057177384264	2.359609784635035	
-3.2568497621594257	7.013641431692733	-5.999993966661655	1.3806853246280495	1.3382342601661978	5.5857020415403795	3.9497153428429073	4.980501282962614	
0.6607127729891697	7.0891604158015245	-5.323514674362198	3.764449876807321	-5.992288260855915	1.3823939871022697	8.961664415988668	8.999994006912564	
5.8394416805168525	7.014225900453557	2.911193815825259	9.0	-6.0	8.789271963977129	0.5040426577308486	1.3806061027910808	
-4.775129372142445	7.013640006379713	6.360314151759955	9.0	5.790191685555451	1.410472620367634	-5.942824975755501	6.937838316420391	
3.384422967980573	8.859952527454002	-5.9702067340970855	1.8905057082323635	1.454158645483572	1.5469938343759004	-5.823545435603396	3.6767967091963634	
-5.486115027022233	7.0136823628484795	5.057150823958953	4.626245009387464	-0.10812680717317846	1.3810770364297351	-4.675846248454302	4.6954761063976544	
-5.529110463403459	7.014143125311957	-0.3128189752014805	6.961996515735212	7.517546779595932	1.3973639063395513	-0.3040592353240035	8.927513737034298	
2.6468214655758384	7.013817418958006	-3.9220864443716184	2.60143841275562	-2.058281525052242	9.0	0.4271063284545864	1.4075374280277346	
3.31250910707109	8.950637247643261	-0.8905561496156	9.0	8.880252229092218	1.6258866123828524	-5.65510088981357	9.0	
0.9493715984155324	7.013737701163759	-2.9600514114092817	1.3806435025932506	1.7575557712147933	7.192994992371666	0.785106772545701	7.874026293361609	
-6.0	7.013818523507311	1.3780601633833234	1.380671820297283	-1.9676868471118567	7.6112818293447795	6.61295972122554	6.946957223975094	
-3.765941318187046	7.013658570527232	-5.860443389530436	4.331874616997625	-6.0	1.3838776802321728	9.0	3.5736191398353405	
9.0	8.999583413837769	-5.134324144563543	1.380582015155463	2.1432942465151985	7.0185372563718165	-2.539782157697085	8.999904273645347	
