1.04981505564, 36, 20, 3, 1.0, 2.1, 2.1
1.07544358347, 163, 20, 3, 1.0, 2.1, 2.1
1.08087762917, 67, 20, 3, 1.0, 2.1, 2.1
1.05273511286, 33, 20, 3, 1.0, 2.1, 2.1
1.07192076854, 99, 20, 3, 1.0, 2.1, 2.1
1.0131591662, 81, 20, 3, 1.0, 2.1, 2.1
1.098437855, 93, 20, 3, 1.0, 2.1, 2.1
1.06205116785, 181, 20, 3, 1.0, 2.1, 2.1
1.08598228439, 124, 20, 3, 1.0, 2.1, 2.1
1.09387959503, 114, 20, 3, 1.0, 2.1, 2.1
1.04563446064, 52, 20, 3, 1.0, 2.1, 2.1
1.04497973773, 73, 20, 3, 1.0, 2.1, 2.1
1.01747686267, 89, 20, 3, 1.0, 2.1, 2.1
1.09261370035, 69, 20, 3, 1.0, 2.1, 2.1
1.08154717652, 84, 20, 3, 1.0, 2.1, 2.1
1.04355718847, 59, 20, 3, 1.0, 2.1, 2.1
1.09760105082, 52, 20, 3, 1.0, 2.1, 2.1
1.09956627971, 161, 20, 3, 1.0, 2.1, 2.1
1.09129095923, 318, 20, 3, 1.0, 2.1, 2.1
0.965138313667, 108, 20, 3, 1.0, 2.1, 2.1
1.09772324464, 111, 20, 3, 1.0, 2.1, 2.1
1.09204940677, 333, 20, 3, 1.0, 2.1, 2.1
1.06066346177, 47, 20, 3, 1.0, 2.1, 2.1
1.09656845017, 105, 20, 3, 1.0, 2.1, 2.1
1.07651358963, 204, 20, 3, 1.0, 2.1, 2.1
1.06712652358, 68, 20, 3, 1.0, 2.1, 2.1
1.09486498932, 91, 20, 3, 1.0, 2.1, 2.1
1.0644719692, 110, 20, 3, 1.0, 2.1, 2.1
1.08405482588, 252, 20, 3, 1.0, 2.1, 2.1
1.07964755912, 131, 20, 3, 1.0, 2.1, 2.1
1.07324769925, 87, 20, 3, 1.0, 2.1, 2.1
0.968709326389, 113, 20, 3, 1.0, 2.1, 2.1
1.09338194471, 209, 20, 3, 1.0, 2.1, 2.1
1.0965218084, 450, 20, 3, 1.0, 2.1, 2.1
1.06207481282, 122, 20, 3, 1.0, 2.1, 2.1
1.05541439562, 42, 20, 3, 1.0, 2.1, 2.1
1.04776052112, 118, 20, 3, 1.0, 2.1, 2.1
1.01054007263, 89, 20, 3, 1.0, 2.1, 2.1
1.04025166407, 80, 20, 3, 1.0, 2.1, 2.1
1.06787177372, 332, 20, 3, 1.0, 2.1, 2.1
1.06334386215, 173, 20, 3, 1.0, 2.1, 2.1
0.996567134645, 69, 20, 3, 1.0, 2.1, 2.1
1.0924388261, 96, 20, 3, 1.0, 2.1, 2.1
0.995554911033, 87, 20, 3, 1.0, 2.1, 2.1
1.06462002837, 83, 20, 3, 1.0, 2.1, 2.1
1.09512161029, 126, 20, 3, 1.0, 2.1, 2.1
1.09851182737, 89, 20, 3, 1.0, 2.1, 2.1
1.09189411215, 79, 20, 3, 1.0, 2.1, 2.1
1.0853876514, 122, 20, 3, 1.0, 2.1, 2.1
1.08842257982, 136, 20, 3, 1.0, 2.1, 2.1
1.09113539701, 82, 20, 3, 1.0, 2.1, 2.1
1.06344344649, 88, 20, 3, 1.0, 2.1, 2.1
1.03502983609, 82, 20, 3, 1.0, 2.1, 2.1
1.07981706746, 78, 20, 3, 1.0, 2.1, 2.1
1.05623687926, 32, 20, 3, 1.0, 2.1, 2.1
1.07921533162, 60, 20, 3, 1.0, 2.1, 2.1
1.09829965622, 49, 20, 3, 1.0, 2.1, 2.1
1.07539277117, 76, 20, 3, 1.0, 2.1, 2.1
1.05247465377, 154, 20, 3, 1.0, 2.1, 2.1
1.09537528108, 92, 20, 3, 1.0, 2.1, 2.1
1.09695695558, 181, 20, 3, 1.0, 2.1, 2.1
0.9204665324, 69, 20, 3, 1.0, 2.1, 2.1
1.07432238844, 83, 20, 3, 1.0, 2.1, 2.1
1.08505934549, 348, 20, 3, 1.0, 2.1, 2.1
1.03879961158, 47, 20, 3, 1.0, 2.1, 2.1
1.03834709774, 97, 20, 3, 1.0, 2.1, 2.1
1.07215229674, 55, 20, 3, 1.0, 2.1, 2.1
0.9639116546, 88, 20, 3, 1.0, 2.1, 2.1
1.01092207897, 74, 20, 3, 1.0, 2.1, 2.1
1.09238225789, 69, 20, 3, 1.0, 2.1, 2.1
1.07546965671, 31, 20, 3, 1.0, 2.1, 2.1
1.09977956352, 233, 20, 3, 1.0, 2.1, 2.1
0.919619157502, 50, 20, 3, 1.0, 2.1, 2.1
1.03351268228, 63, 20, 3, 1.0, 2.1, 2.1
1.09608371423, 49, 20, 3, 1.0, 2.1, 2.1
0.945432074169, 55, 20, 3, 1.0, 2.1, 2.1
1.07593781454, 118, 20, 3, 1.0, 2.1, 2.1
0.932700772149, 125, 20, 3, 1.0, 2.1, 2.1
1.06962845826, 52, 20, 3, 1.0, 2.1, 2.1
1.025643126, 59, 20, 3, 1.0, 2.1, 2.1
1.06414060767, 69, 20, 3, 1.0, 2.1, 2.1
1.09322945907, 410, 20, 3, 1.0, 2.1, 2.1
1.09200453067, 67, 20, 3, 1.0, 2.1, 2.1
1.09928224581, 66, 20, 3, 1.0, 2.1, 2.1
1.04875140393, 114, 20, 3, 1.0, 2.1, 2.1
1.06226049877, 73, 20, 3, 1.0, 2.1, 2.1
1.06368235397, 97, 20, 3, 1.0, 2.1, 2.1
1.09664519755, 98, 20, 3, 1.0, 2.1, 2.1
1.0778071493, 101, 20, 3, 1.0, 2.1, 2.1
1.05275016231, 134, 20, 3, 1.0, 2.1, 2.1
1.09671915134, 146, 20, 3, 1.0, 2.1, 2.1
1.07877788236, 198, 20, 3, 1.0, 2.1, 2.1
1.0624189748, 137, 20, 3, 1.0, 2.1, 2.1
1.04744699225, 101, 20, 3, 1.0, 2.1, 2.1
1.07390736537, 122, 20, 3, 1.0, 2.1, 2.1
1.07966439737, 136, 20, 3, 1.0, 2.1, 2.1
1.09088677652, 105, 20, 3, 1.0, 2.1, 2.1
1.08048633678, 84, 20, 3, 1.0, 2.1, 2.1
1.04742426449, 86, 20, 3, 1.0, 2.1, 2.1
1.08752773936, 79, 20, 3, 1.0, 2.1, 2.1
