0.5647099178641002	9.0	6.998350303507928	9.0	3.375743247139928	8.9999793955	8.999995816145766	9.0	9.0	5.783907023910377	
0.5640455353626997	8.999999242676363	6.805050559345666	8.839839303900543	3.8347443851527085	9.0	8.999999904741795	9.0	8.995973656287658	6.203290190018379	
0.564184480964409	9.0	6.785768397207855	9.0	5.685276143685474	8.99995353009	9.0	7.878048131634635	8.99919138849	9.0	
0.5645051568921468	8.99983655803	6.800099433120562	9.0	4.6911136676950385	9.0	9.0	6.898741743688609	9.0	9.0	
0.564175730019399	9.0	6.924865769495945	9.0	6.702580605018062	8.999737627474314	8.999999591478213	9.0	8.965390872646193	8.99999999992	
0.5635718959957332	9.0	6.275597903069585	8.42427081931707	5.399615144127841	8.99999013559	9.0	7.657189215418402	9.0	9.0	
0.5643020988829941	8.999999903462758	6.9915431555	8.99327686591	6.592532717003049	8.99999962437	9.0	9.0	9.0	8.9983343227	
0.5647496832845136	9.0	6.777173535180571	8.98314375246448	2.763105160633291	9.0	9.0	4.8816676775515955	6.900092122181439	6.993879890342334	
0.5641229126845739	9.0	6.964204314039236	8.99729937275	6.625842209682009	9.0	9.0	9.0	9.0	8.99999986996	
0.5641879423960217	9.0	6.956251080560465	9.0	4.056313798611756	9.0	9.0	9.0	9.0	6.419821211195475	
0.5642961610235588	9.0	6.95610579306164	8.999934715421297	3.7193116573116622	9.0	9.0	9.0	9.0	6.083201350505346	
0.5642769436671478	8.999977511390188	6.668283417651774	8.835898210661536	5.356175520516634	8.99987985599121	8.814857318812766	6.312964357553179	7.901808175741309	8.99914751261	
0.5638269213280972	9.0	6.251547338491111	8.272900656640536	4.514901967394923	9.0	8.955330270068485	8.721648055805906	8.985887301736422	7.119209808006026	
0.5640681896325894	9.0	6.96985736979	9.0	6.568405731399114	8.999976161831466	9.0	9.0	8.979188848237246	8.924660054429328	
0.5647358966697915	9.0	6.846145513790436	8.96705620876	5.492740185815638	8.999999988812874	8.99676677738	6.895874561433658	8.119477489068586	8.99976261014	
0.5647467501678283	9.0	6.812774387093767	9.0	5.653894226810258	9.0	8.99187730911	5.82610737279217	6.960008807028217	8.999999999979806	
0.5659092518739013	8.99994461381	6.463130802342684	8.45600150031505	3.138315969302326	9.0	9.0	7.229052468270369	7.332023939149657	5.654841402887836	
0.5643344272018581	9.0	6.836108702926854	9.0	4.544671971589729	9.0	9.0	7.827771568152881	9.0	7.959735056836589	
0.5648200789745077	9.0	6.893175995635145	9.0	4.131341022334473	9.0	9.0	6.181727170402828	8.671888563856065	8.921825012676848	
0.5642182050999919	9.0	6.4628579078254855	8.682263745475753	4.515496588800106	9.0	8.947224963238448	6.2413189930291075	8.42978959410291	8.838933715959199	
0.5646878355282818	9.0	6.810317733316391	8.9733468463301	4.528108432320595	9.0	9.0	6.208592206552683	8.436290891412307	9.0	
0.5652854449959461	9.0	6.624290522307484	8.945471745738018	3.9642205759433455	9.0	9.0	5.779838137263127	8.46313774305489	8.73161164507405	
0.56468814906496	9.0	6.800545947730075	8.997460875217808	5.763943429212856	8.999946002174989	9.0	6.458256147684844	7.4839140533513415	9.0	
0.5641211406095072	9.0	6.969880056860873	9.0	6.62287625349329	9.0	9.0	9.0	9.0	9.0	
0.5631868272211671	8.999962421133866	6.845121698789424	8.99613779012044	5.829958138988946	9.0	9.0	8.304273413340608	9.0	8.782055727509842	
0.5644385325676294	9.0	6.373486441865904	8.46405834156382	3.701469858250382	9.0	9.0	8.349696564	8.999485553484005	6.659997403557082	
0.5639432937410258	9.0	6.599283185510307	8.644849613904585	6.633646156611213	9.0	9.0	9.0	9.0	8.995054702477079	
0.5646427934521081	9.0	6.820463727469901	9.0	3.9953218432267557	9.0	9.0	6.5773431230682196	8.769801721003997	8.415748581053617	
0.5640905232328588	9.0	6.96872757587	9.0	6.45648523459316	9.0	9.0	9.0	9.0	8.83257203709	
0.5768543802348278	8.999999523398092	6.596788990610804	9.0	3.371276245830151	9.0	8.999999692739934	7.72478908017	9.0	6.66096003068307	
0.5641725853126465	9.0	6.963807203106871	8.99961153433232	6.633140264239012	9.0	8.999963451423973	9.0	8.995409594	9.0	
0.5642713132876831	9.0	6.662603957936261	8.99571716819	3.684542662770122	9.0	9.0	8.02387670574923	8.959612952071812	6.698289037957008	
0.5639827780366886	9.0	6.913550348024995	9.0	6.4859973688831465	8.999999344954754	8.99979995621	8.8066211069	9.0	9.0	
0.5601321498345995	8.999998545775593	6.964511968829459	8.999969388305487	5.2138871004164775	9.0	8.970346592454135	5.787907410011419	6.824392360800658	8.593609673337886	
0.5653776725865691	9.0	6.81706181187228	8.849649876434015	5.344028986184162	8.999999614151267	8.98165802635	8.331323597273462	9.0	8.3683642205235	
0.5646442766470019	8.999993870044008	6.78538555309	8.981206453364031	4.148440263632509	9.0	9.0	6.2519252424781016	8.891612905214952	9.0	
0.5644585810381502	9.0	6.781903908131172	9.0	5.052835995113311	9.0	8.979576844192689	7.109878604015641	8.88789949234182	9.0	
0.5612235793305201	9.0	6.920987623897436	8.787090547677364	5.851572309723521	9.0	8.986696667863876	7.227148745159232	7.8151932904964765	8.966555137253387	
0.5630892984237061	8.99999951003	6.89320176435	9.0	4.791158390591376	8.99999536519	9.0	6.411816251443332	8.267080033328487	8.946844981101542	
0.5648421435705505	8.999078710234595	6.339664041138159	8.448853515472656	5.65417032180364	9.0	9.0	5.858475404316777	6.297861872934153	8.390940816481155	
0.5659725431637834	9.0	6.696885930402234	9.0	4.285919330700246	9.0	9.0	5.150344007734825	7.232243202622385	8.470798367823157	
0.5585865336329919	8.999989940846937	6.79160120755856	9.0	3.6889696467113176	9.0	8.999987826716259	5.891110511719053	9.0	9.0	
0.5639103189768069	8.99922969333	6.915994441752913	9.0	3.763636192619462	9.0	8.99896786266	9.0	9.0	6.08579132890736	
0.5646131867223049	8.999984325221664	6.945621264076818	9.0	3.593298912309053	9.0	8.870613784912557	5.717022374490409	8.900220154273203	9.0	
0.5647517009012138	9.0	6.790066046799532	9.0	4.330105500922369	9.0	9.0	6.5272097111682665	9.0	9.0	
0.5643987078697157	9.0	7.0467698320444185	8.997344026153957	4.076583631384832	9.0	8.985764549152787	9.0	9.0	6.518179000332822	
0.5646765650956842	9.0	6.830009661752019	8.996291799791916	5.580901334818512	9.0	9.0	7.916545485112076	9.0	8.905453180702587	
0.5656874825749547	9.0	6.4048124570347875	8.513582241008333	5.096071994790334	9.0	9.0	7.3910381736215385	9.0	9.0	
0.564534231181342	9.0	6.808763944734449	9.0	5.483839376760453	9.0	9.0	7.017786073691382	8.315819514282543	9.0	
0.5634489734203536	9.0	5.747043651409963	8.06235415772891	2.812184459466593	9.0	8.919153873597088	4.988765422693267	5.596823952631135	5.42924596411784	
0.5652905839227595	8.999996381503362	6.913011789877357	8.95301298136809	2.912008648414659	8.99975136035	9.0	8.98275827535807	9.0	5.297315154680234	
0.5652500997700123	9.0	6.875402246239863	8.976874596677247	5.315460648995752	9.0	9.0	6.385767131712841	7.764517944964645	9.0	
0.564065638892824	8.999989004103096	6.9712951189108745	9.0	6.515422265475054	9.0	8.994755844016208	8.946174061066525	9.0	8.943391185257422	
0.5643548668116933	9.0	6.876930585333911	9.0	4.3300783730587895	9.0	9.0	8.219485027152132	9.0	7.395110958082096	
0.5640956893068686	9.0	6.946024785358873	8.999912310534711	5.040205123677068	9.0	9.0	9.0	9.0	7.3934028733563295	
0.5641405770520762	9.0	6.904648895287291	8.93493064770114	4.185455241633109	9.0	9.0	9.0	9.0	6.562239252209984	
0.5646781352252639	9.0	6.145113911181565	8.300207584009303	3.6587035478769647	9.0	8.989830522252824	5.7342068544059925	7.330773695763764	7.495771935960766	
0.5659081602437737	9.0	6.518593751324962	8.543329348858013	3.0457048400852793	8.999788896939972	8.991700755037382	8.65377719989792	9.0	5.765189376532927	
0.5640053305111131	9.0	6.552359434980405	8.693188979198903	4.428162784200314	9.0	9.0	6.368550932749137	8.238130689252953	8.56389814902716	
0.566600224508054	9.0	6.902283389229954	9.0	4.89956395942095	8.999999996596038	9.0	6.827229068266728	8.60252239344798	8.984009810768303	
0.5644316976579076	9.0	6.82861939857673	9.0	3.4981744669520287	9.0	9.0	7.214224290886039	9.0	7.5206738144144625	
0.5647163219877049	9.0	6.613373197848708	8.779021614692404	3.867159851086091	9.0	9.0	6.109366070197373	9.0	8.999489009231986	
0.5650637579746464	8.999641174029891	6.594161356399913	8.957018133896703	3.680269721809037	9.0	8.98976261078	5.697873958233619	8.962299188592553	8.979555582437683	
0.5646142096017022	9.0	6.820579914529691	9.0	4.539860107812437	9.0	9.0	6.60108488734704	8.833231024038604	9.0	
0.5641185439921661	9.0	6.96245930065035	9.0	4.450405190450246	8.999979741130087	9.0	9.0	9.0	6.820128366006346	
0.5603776816653577	9.0	6.413381915422983	8.88955296862963	6.419724073397083	9.0	9.0	5.629873417109584	6.2835218217111	9.0	
0.5646149790107975	8.999513225846847	6.921689372932729	9.0	4.186028905861207	8.99988044066	9.0	6.35965702621097	8.844127969865976	9.0	
0.5601769683030993	9.0	6.713935962424948	8.967098731792106	5.3551164954888275	9.0	8.999988430156804	7.647463972244868	9.0	8.862763251507062	
0.5655706859957537	8.999322240425986	6.769490011558162	8.99986417805	3.5742380207306077	9.0	8.982837062112015	5.73753015805	8.999978410738917	9.0	
0.5647516976575424	9.0	6.5178339768845	8.70030955646	3.234470135798405	8.999516255496955	9.0	6.512789340150295	7.5607607485248565	6.5082930245657185	
0.5641092938041248	9.0	6.94724469256	8.942153126918733	6.601726175265808	9.0	8.98591115874359	9.0	9.0	9.0	
0.564406965930715	9.0	6.55686097446714	8.72951030063275	4.90926164680465	9.0	9.0	7.143813982602321	9.0	8.9999647841422	
0.5683558893819369	8.999156678315536	6.015749818668683	8.053540337326012	4.875059391363475	9.0	9.0	9.0	8.988111998009888	7.228608871342028	
0.5643004819490653	9.0	6.80060238442791	8.995760500987174	4.8849342428817275	9.0	9.0	7.907572732102798	9.0	8.189831950469415	
0.5642273866097107	9.0	6.985824296190567	8.999495750775235	6.6120457843230716	9.0	8.994467684248187	9.0	9.0	9.0	
0.5657432486560033	8.999999971	6.783430647734125	8.997644550796958	4.794165024957039	9.0	9.0	5.137494714634934	5.907933260874159	7.756227441638368	
0.5638585011838244	9.0	7.001922448132075	9.0	4.004379571559868	9.0	9.0	8.999399056561018	9.0	6.41417875211202	
0.5688679501880904	9.0	6.88725749497511	9.0	3.062333936536814	8.99982959945	8.977950549104428	5.261574506697144	5.41492432034511	5.486378286578274	
0.5613090543643786	9.0	6.972881834716911	8.999985439090088	3.5306901612421413	9.0	9.0	8.87453271050283	9.0	6.03535262337206	
0.5641511762289568	9.0	6.944044507775505	8.980960932282574	5.638017524449056	9.0	8.99965641481467	9.0	8.999139560673221	8.007142715259082	
0.5657014203454822	9.0	6.8395691117152415	9.0	3.038317804523917	8.999744932548168	8.939732300842277	5.481817110939225	6.539884825376843	6.283841324728116	
0.5642447611590213	9.0	6.509926641916779	8.727728818481403	4.603318862571099	9.0	8.99263512919714	6.441395470440545	8.655866651885372	9.0	
0.5651370192626044	8.999891477738203	6.708057627534508	8.929332848557042	3.3510311493629628	9.0	8.980218058787653	6.612657868135633	8.96547860073224	7.870072226102943	
0.56447498133567	9.0	6.851227819560784	9.0	5.05785381077	9.0	8.99118243343	7.2954468584912116	8.98816473056583	9.0	
0.5643190382786536	9.0	6.972356323784871	9.0	5.012169313300943	9.0	9.0	8.355172093084674	8.80132878488	7.83770710744	
0.5644784703841921	9.0	6.816341466650024	8.93038827836	4.434433378280296	8.999937701445123	8.95115833556	7.95487074472	8.845618781374508	7.56958976291652	
0.5702140200072399	9.0	6.812937982582528	8.915108253810104	3.965266900255907	9.0	9.0	5.961242843309508	8.694544939713357	9.0	
0.5645711669042278	9.0	6.681155973850043	9.0	5.880510945450469	9.0	8.859958777870546	5.033293499410682	6.203411546702582	9.0	
0.5746239274925363	8.999379422948296	6.594737142231692	8.713651857335726	5.159132801948929	9.0	9.0	7.2864173434007835	8.841105242896052	8.999999998360355	
0.565039037821992	9.0	6.7569098769698	9.0	6.325854780518203	9.0	9.0	5.441358774170485	5.9512982889995545	9.0	
0.5652898493799282	9.0	6.931258012911446	9.0	6.121033860757155	9.0	8.70958672873054	4.935414791160468	5.199420393243534	8.431739160771258	
0.5649933987692054	9.0	6.912276351900203	9.0	4.0247354293301925	8.99997271571	9.0	6.334652243723435	8.990037624390862	9.0	
0.5642806570788603	9.0	6.928167865005783	8.99571641622	5.257994962455953	8.999728545905995	9.0	8.833522140976754	9.0	7.763944954554814	
0.5650774107693609	9.0	6.766407510650536	9.0	4.630434132253118	9.0	9.0	5.376985582403515	5.950946182984243	7.377596486603146	
0.5586523643901639	9.0	6.911900306127858	9.0	3.533565702824861	9.0	8.999302585219203	8.820536406918455	8.850090113491934	5.9069065143363355	
0.5636727240880878	9.0	6.731804006231682	9.0	5.512862036015186	9.0	9.0	7.676526088091398	9.0	8.975856165563297	
0.5641593849446563	8.999858216672925	6.599681401612383	8.65162137189527	3.493749917289793	9.0	9.0	9.0	9.0	5.8487095148740185	
0.5646188262723328	9.0	6.861278935799087	9.0	4.914300927198795	9.0	8.993162507819624	6.592352994118516	7.580145412348484	8.163903210466458	
0.5641266678232576	9.0	5.997720735066794	8.175592822221962	6.4599721865372235	8.999992817832789	9.0	5.7873839711160695	6.100464476272185	9.0	
0.5641127108347419	9.0	6.962833915873601	9.0	6.629901178351897	8.99999998054535	9.0	9.0	9.0	9.0	
