7.48354620428	7.95669993824	9.0	4.58343158557	3.92092192691	9.0	
7.13592493002	8.3154056296	8.57732597214	4.20728852274	1.58406215468	5.85274332855	
2.20486136037	7.17551726119	8.96930332685	4.25457607138	5.75066498821	6.41620411315	
3.2919697649	7.42274593145	7.8955190413	5.02992574186	8.49662722507	8.02890627232	
9.0	7.90493524681	8.1503915974	4.34853678277	2.89160062599	8.56675568822	
6.43492705764	9.0	8.31256613845	4.98541211421	3.27371548913	4.78885422393	
8.88698757169	7.78125236447	9.0	4.25871344984	1.97876732557	9.0	
8.99443010065	9.0	9.0	4.36235902557	1.39721468498	7.23101050929	
1.87292036894	7.27180967749	8.99871112201	4.83208335043	6.19703317987	5.90536762357	
5.53612019831	8.65618087851	8.69506069713	9.0	6.81146760382	4.29284866581	
5.85789665756	9.0	6.70182907098	6.03608351892	9.0	7.56172659771	
8.75770666842	8.89416763373	8.27612383401	4.57241594002	3.34578244151	7.81244663764	
9.0	8.40204140602	8.74371073551	4.46694417856	2.88515812903	8.85139762153	
3.86765221527	7.74481576219	9.0	5.36061685979	3.64710041135	4.42711175489	
2.85226993691	6.89769560457	8.13129387382	9.0	8.30916664256	4.40262547904	
5.4405333245	9.0	8.94832510698	6.84214159609	5.0620859195	4.5579802238	
2.09708467846	7.09400746583	8.99105857922	4.35765682575	8.40411701759	8.99501168731	
6.0717298432	7.8872411042	6.24475002062	4.44486726898	7.56324963314	8.76242990844	
8.94848479229	8.85816372654	6.42077718862	4.43752987585	5.44758861263	8.67339775477	
6.84392815867	7.13900136168	9.0	4.21707690497	1.86378652311	7.32099093136	
9.0	9.0	7.15006783047	4.21936823038	3.61495815771	7.53529722869	
4.5028069995	6.90652625904	8.07243253619	4.37303724199	6.35474131267	8.67463636789	
3.76778682972	7.77095551832	9.0	7.41499051099	5.59998630599	4.31936055687	
1.64315646071	7.09898960882	9.0	8.97394371543	8.98009571379	4.52926482946	
4.57899076076	7.07886105887	9.0	4.25931967279	3.94217162347	7.29845765549	
6.02887988293	8.98820616277	8.99814869118	8.44675943803	5.56466826696	4.12535585008	
9.0	9.0	6.88303143722	4.69597123126	6.00938007822	9.0	
6.10425882423	9.0	9.0	4.80077027668	1.86326818557	4.36761957839	
6.27088143514	7.42719731758	9.0	4.48212889085	4.92991120836	9.0	
3.85410664248	7.78054419118	7.28607562095	7.50965901048	9.0	5.86276298355	
1.88229407131	7.38926326072	8.99861315511	5.65886888595	6.03819891305	5.11361406533	
8.34160798487	9.0	9.0	4.45037991025	2.36727563585	7.05499391871	
4.74414417612	7.67196692464	7.32840527637	4.65165704405	5.75077054481	6.38796038595	
2.22029497614	7.15440344315	8.85960205459	4.5843360523	8.33156066379	8.64455944741	
8.97009884158	8.99983490588	6.6349159386	4.33806368976	5.75811695033	8.95709911643	
6.04824836738	8.50893969329	7.13543683601	4.63070923048	3.69092199321	4.53952824886	
6.69643304312	9.0	8.65820907498	4.38372695256	1.56908566021	4.69058628667	
2.26875285659	7.06395988682	8.41023286061	4.50603979911	9.0	9.0	
9.0	9.0	9.0	4.12372734445	1.27626859792	7.15710865981	
6.19882809969	8.87518874767	6.11533066455	9.0	8.99172112812	4.5575035605	
5.60061139918	7.35771582095	7.07784853042	4.5175435159	6.90458908516	8.82618915147	
6.11116347257	7.54484490607	9.0	4.37623011285	3.41737182881	7.69607669877	
2.21087022807	7.31790737641	8.49425642501	4.46343657965	6.31493234259	6.32201789507	
2.43006222573	7.79556871537	9.0	4.52368035225	8.90986931541	9.0	
2.24130237265	7.72657776003	8.97559486248	4.70244790043	9.0	9.0	
2.32243461119	7.39103401564	9.0	9.0	9.0	4.61487241796	
2.01986619028	7.51787685184	9.0	7.27935731612	8.446974657	5.77417488882	
8.98468099569	7.39376298581	6.77790337295	4.14900403935	3.88343255161	9.0	
5.39447573637	9.0	8.44754733586	6.87075748085	5.4376201171	4.50348946162	
6.28812966515	9.0	6.69346916633	4.99558026025	8.87848717375	8.92572712287	
5.43910415888	8.98279154939	8.43941757553	8.9329321964	7.43397507082	4.44867172179	
6.15024299783	8.89417804598	6.61889114771	5.19755272686	6.76715545692	6.45618894458	
6.20702832109	9.0	9.0	8.70989609551	6.11987786829	4.40742202107	
2.33939512222	7.30065244391	9.0	4.2529852784	7.15095773214	7.80626944686	
9.0	7.9958296734	7.79207198622	4.35568741426	3.73236411545	9.0	
6.21580638415	8.51558839274	8.9701069443	4.45381947247	2.46157772074	5.68044525912	
2.68405219136	7.83758177258	9.0	4.91435180856	9.0	9.0	
4.51675709675	7.49683813027	7.06385519993	4.56940231903	4.1677326856	4.53129688876	
6.61780762639	8.98921801598	5.96741896447	4.48840106515	8.94062785613	8.99854878818	
5.50109585302	9.0	6.86704130054	5.11863258144	6.48348036993	5.8632054037	
9.0	9.0	6.61603708124	4.18753112883	5.64256863195	9.0	
6.84810231232	7.61144325164	8.99904543948	4.46627642163	4.34361990688	9.0	
6.09144076433	9.0	6.22888913871	7.23762219025	7.89070441746	4.97111364608	
3.21307960452	7.41464921003	7.58950929859	5.35373686212	7.88094118792	6.93606281841	
3.56040559143	7.51055084367	9.0	4.6984428078	2.89868425541	4.4362124174	
6.19722382084	8.79427505354	6.3794871806	4.84823889447	5.07321726717	5.23941677345	
5.44971299409	8.83722457572	6.96681237462	7.41580098049	9.0	6.07036069098	
5.58378094192	9.0	8.92454461986	4.94269032538	3.04421655825	4.70422805142	
8.50603156536	9.0	9.0	4.19920000084	1.64331025209	6.85237789221	
3.56957494265	7.10748900797	7.64357750336	8.89741757908	8.46467678181	4.48754249516	
8.48697423998	9.0	6.46122271142	4.14497978858	5.22288417097	7.912423122	
7.3350717393	8.9132897768	8.29834204519	4.32352451451	2.19717598987	5.72085886135	
5.87433944698	8.99482797957	6.41487178989	5.11632706977	7.17122674701	6.3476259171	
2.86465417761	7.95926198937	8.98293285848	4.75443159437	5.98199840208	6.10085833155	
7.48686282772	9.0	9.0	4.54217933261	2.65963251058	6.58813646104	
6.81239556629	7.40794599266	7.78094576259	4.36534408005	5.48969939428	8.99018988131	
9.0	9.0	6.6729331387	4.19074986297	5.47982972369	8.85429766889	
1.60927179703	7.11277805593	8.97465738368	9.0	9.0	4.51549915991	
4.34714655553	7.8951889613	8.26459506503	4.7594416212	7.98803223971	9.0	
5.66847838592	8.25027898102	7.39417209106	4.35850105641	3.97525232214	5.26359445581	
4.64720309044	7.94939048323	8.30741355656	4.60818375692	6.0154941898	7.53799573913	
6.07524625085	8.94764985685	6.74121683598	9.0	9.0	4.98779580755	
6.72688355156	9.0	9.0	4.28871912862	1.33201240925	4.79944817306	
8.99948673316	8.05899455973	7.64271741333	4.71018820243	4.14305363765	9.0	
3.69479474102	8.05360322829	9.0	4.60254756488	7.95056872762	9.0	
2.94051553524	7.10688130786	8.12208486403	6.93180324879	6.44728813897	4.33970594009	
7.80681707604	8.86342515454	6.30146116995	4.26149155706	6.29130239938	8.37671941954	
1.40138512199	6.96172910566	9.0	8.53623192483	9.0	4.95134128825	
4.63010435896	7.3718218872	8.17676388642	4.22109354169	3.67426748666	5.96012763869	
7.61912092538	8.90820419077	6.45459142738	4.68433051475	7.56199469139	9.0	
8.88509140909	9.0	8.63883732936	4.47438058535	2.10384368682	7.06743366298	
2.11662761035	7.18860288019	9.0	4.41281897475	8.59922675626	9.0	
3.79778409221	7.39119404529	8.94187937273	4.49089321625	6.77634631976	8.8710024253	
6.5598246345	9.0	6.69311606955	4.98925540114	4.63680746067	5.02764725718	
6.93327944167	8.99745878792	6.49818058575	4.46656860839	6.95875668045	7.86268676547	
8.85115633182	9.0	6.98068857697	4.42793383752	5.83024438275	9.0	
6.07868053525	9.0	8.83534716473	8.46122268445	5.66709693871	4.14893454864	
4.29969280406	7.40993979534	6.83602031916	4.61089324836	9.0	9.0	
5.62228685724	9.0	6.81091987678	5.81865125873	8.8967379651	7.48024483967	
1.42584764073	6.90456212934	8.74884826613	5.1182855605	5.76512077198	4.99964229001	
