2.7305258064493483	7.115660185795569	7.282386270738437	2.331609637105286	6.596471529467376	8.089478772508778	7.931786792026875	8.906592886657041	-1.86030630879094	-0.10734335014083562	0.9729147588189839	2.0870926245637182	-1.1788675603206125	0.4823250110872186	
3.300924138409492	8.108003057932372	8.997474428243592	7.1539057170866105	4.354653123469927	2.318513315657869	-4.987149031102078	-4.012347888979763	-4.212937505101728	-2.4599825973292373	1.3060647628869706	2.4202358172631033	-3.4620244814491	-1.8008387539006447	
8.999999737336	7.433002796380526	8.163127330428992	2.3178600826107996	0.5733421813202968	8.91297398463358	3.3281693503573564	4.302975019145233	-5.99995745995337	-4.247011380916373	-2.393927025832795	-1.2797505025283966	3.2443111814547105	4.90549694592608	
3.2407016856823745	7.275930163379053	8.766253947802117	2.3480855348609406	0.18286006647970776	3.4931719812480626	1.0436968479742266	2.0185021803648784	-2.0253821209782994	-0.2724232627795029	-2.4873009757827913	-1.373125682784881	6.853870439850489	8.515051297546291	
4.640335236339753	8.99999766574885	6.159849258362387	2.5319847888603455	8.745512409424709	8.941081804574583	-5.930047080366403	-4.95525081034815	-1.7322303096195029	0.02072293153246374	1.0329950187993333	2.1471630423228873	7.338422646303311	8.999604728513928	
6.445695769179469	7.471234817401598	6.54129292599217	2.3178845919727173	2.672457802817245	6.797691272784334	1.401611326535165	2.3764146961767025	2.637870853940697	4.3908244054394885	-5.249602596780667	-4.135434101157112	5.477679230583899	7.138862969966082	
2.1200720348525177	7.209205238125948	8.826981513890365	2.651971060949325	0.5785215902210741	2.591772171617203	2.2905613623689742	3.265367186781411	2.0437277850206748	3.796683815882341	-2.4707806568621247	-1.3566037196562917	0.7388900854714633	2.4000778491915664	
2.7891656924214967	7.228392457533836	8.069041480727845	2.381049952272134	1.0289466268308303	3.2050744902014294	6.854718064984903	7.829525304655316	1.2207662598802482	2.973722905583122	-5.999999909297612	-4.88583572045488	-0.16102759891931218	1.5001625676846526	
3.7346600990360894	8.488307106935592	8.974546846900594	3.524403202848367	0.7224986815228043	2.346365896985029	-5.9999970675182555	-5.025205075112709	1.7529505316667944	3.50590243906864	-1.5316578534781815	-0.41748501623840184	-5.749644651553382	-4.0884631753523575	
4.2694591056985125	8.99999998226	9.0	9.0	6.1232779884555	2.318906572047627	9.0	9.0	-6.0	-4.257784270959299	-5.995366923704859	-4.89211603293	-6.0	-4.349338303708038	
6.103294749427118	8.112503092971416	8.970129676703563	2.3185310503199794	-0.4537723426436049	5.11598852667529	-0.17324695888949027	0.8015582936890748	4.686743604718545	6.439696044970351	-0.5759725738929156	0.5382013245722401	1.288352756061248	2.9495358115017574	
4.209742112353677	8.97959784888723	6.658505304629495	8.999989314767749	8.668506128523415	2.484207835086753	5.742777363672772	6.717484953838619	7.235770424450147	8.988968830090467	7.87778200408961	8.991978934830378	7.338762165232852	8.999999999430312	
2.9804524786813467	7.082645387616516	8.99999884109903	2.318007518094813	5.49234866224732	8.999517358508617	8.02390161902247	8.99870695430607	1.2693509501330889	3.022309585820075	-3.546006148568221	-2.431827707453586	4.088456330224046	5.749644664769901	
4.230889391062663	9.0	7.818294755240707	6.650805446944457	5.001558229450955	2.3274222781536356	1.539913930346759	2.5144908084005237	2.8563313323845847	4.6092066034602475	-1.1014834108966056	0.012786747989043334	-2.547881808751076	-0.8868249821700216	
1.3442879253031021	7.100369968650632	7.901466908928185	2.5441296816797045	2.4270609004289856	2.9556921475748297	1.2081964107622394	2.183004925660258	0.1621371676859953	1.91509854338085	-2.7232666753769563	-1.6090924890927782	1.5744372503983017	3.2356247326500416	
1.7477268401302624	7.185410336435444	8.999394931237063	5.381727557419225	3.213818302334319	2.3211724670534615	3.90785745860161	4.882663901684547	0.9548827567672422	2.70784046514982	-4.009404936168409	-2.8952285322849134	-2.3547381909217506	-0.6935480310375999	
4.301274316412629	8.999999771207598	8.831506137106752	3.14125057360925	0.47051481899871206	2.3894128045316485	-4.166795507063216	-3.1919965340119765	3.7709277936731507	5.52387573046909	-0.8097516120170924	0.3044168941731211	4.178354405660098	5.8395322080060765	
3.6439812377798635	8.428133528085041	7.015326365988942	8.90002566152837	8.12698322951749	2.385497524949402	1.0702307032299645	2.045033768771834	-1.3195333692206228	0.43342343082227064	-0.6352003310723191	0.47897289797898157	1.6108190357726766	3.2720008957233	
0.6339838511560512	7.083562472135377	8.605596643553266	2.3996986956215487	5.469070421798632	6.152764864481224	5.569439321633277	6.544240013451692	-1.6914354711107826	0.06152475559123882	-4.2698802303223555	-3.1557186486552573	-1.642319144265172	0.01887072837359849	
4.61674536928056	8.185295161472832	6.190234479300482	2.344096659081643	7.546327424246877	8.751284594089604	3.1005009552479414	4.075301892333787	-5.492288662052372	-3.7393367163399645	-5.739085027543155	-4.6249169887262545	1.0139180115719046	2.6751001117693622	
2.3827331319511575	7.416667830475252	6.725599816829412	8.999181306835949	8.998855611588302	2.6187036029261	7.428619660128968	8.403426902930756	6.410212008679151	8.163169868219105	4.963482686940035	6.077656567798321	-5.999999977305371	-4.3388252694948415	
4.38262842285455	8.923724228626986	6.160870593747713	2.704780079979722	8.949885632481957	8.792250660325669	-5.999999769325398	-5.025209346422961	7.225010762892795	8.977964509367625	-4.078668680168275	-2.9644984060218267	5.496973373155853	7.158154669304517	
8.997807524345811	8.693509008000474	6.176542534396809	2.3178206680952194	3.900315407396004	8.99070553047103	3.821398838248749	4.7962003964038775	-2.6201150992290163	-0.8671592648097857	-0.38597473213590483	0.7281979054592718	-5.999697184795442	-4.338522414039667	
1.815787800239768	7.153530401541122	8.999557178388228	2.6831629984794585	0.6610011566056286	2.5670277591108643	4.098898057509869	5.0737059382856255	-4.811503154383315	-3.0585431129686436	7.551085233656172	8.665263022706487	0.049937487013691495	1.7111288961984963	
5.577840635183673	8.999795680185189	8.988477946722131	2.337784990333681	-0.49019778270464265	3.6659100738705046	8.025188307094375	8.999999736671509	6.939601186673714	8.692517274578998	-0.10111701034221987	1.013053563509959	1.3333587422762374	2.994538413448222	
4.230601963424212	8.999994356529246	7.698902953665952	8.926671585151656	7.400356209230782	2.330559548503718	-5.989015970608989	-5.0142199411904915	7.223414491017028	8.97637060616433	-5.9999999528067445	-4.88584934214784	6.183721530677467	7.844902621312233	
3.9650309837673614	7.0924464136866	7.7798466021430315	2.318110555541775	5.738286276592252	8.999975760704634	1.5961449748523542	2.5709525951280927	-4.892731330846874	-3.139771034762627	-5.999367217748151	-4.88520001586039	4.342680827317485	6.003869069003239	
4.417415515312845	8.999999253383924	6.159843813475508	2.7742936728815177	8.390256303143016	8.12058560490146	8.024710543161218	8.999513155142207	-0.28878559687311256	1.4641657852589107	6.785391314964945	7.89955775222689	-5.999999779073259	-4.338842249964265	
2.3644127962223838	7.211355590686654	8.676769624640045	2.480072961222314	0.5520880584441423	2.8292069905827617	5.9586006740309205	6.9334074451961225	1.5135550706537542	3.266511168628533	-0.4920055046060643	0.622171665989006	-5.97432882927237	-4.313147472345665	
2.988445415155379	7.836618176436792	6.390075116810083	8.620254303437743	8.999849278053933	2.848865703156793	0.46100553144631906	1.4358117633493688	-0.7766364770698742	0.9763219963071403	7.751207154227195	8.865383371264517	-5.999999268998348	-4.338825113486939	
3.4505916367527174	8.245590783685003	8.99999889699884	8.481291815918194	5.667406083222442	2.318484002428338	4.452918035321487	5.427720815682738	0.7053405527508723	2.45829536539528	5.696455661553852	6.810627251383085	-5.999255804804966	-4.338079596749569	
3.0190687927596933	7.316917576461089	8.999990266162888	2.384763346750832	-0.08008522263389661	3.164654542127243	-3.274643021599214	-2.299835913182113	-1.6760251491505853	0.0769344391911142	-1.5009510749593256	-0.38677503776191724	0.5724313888400197	2.233618615116743	
0.5620111047533642	7.082738377388054	8.999000718371128	2.360582974951285	3.1950515869501466	4.240115926928391	3.6722446130960797	4.647052644649396	2.2071755065663634	3.960133576544086	-0.15959807921798586	0.9545809921678465	1.8251740962597225	3.486361846100861	
-0.3210424017763849	7.0826589063436565	8.997214562434674	2.7602407217349114	4.467190448366196	4.227832369940678	-1.0817494520120317	-0.10693892194834032	1.7861901814146979	3.5391483536176747	-1.7524762068029256	-0.6382971330971774	-1.5302388636292754	0.13095338489827402	
8.944592902257943	7.671538798117652	8.345174861831252	2.3178338206954496	0.2602246293067427	8.48798528986986	-5.999999775822367	-5.025207563486825	-1.7414628432520871	0.01149366655094397	4.313029631403019	5.427200105641116	7.272271606321265	8.933453481013032	
1.2291242101005881	7.11605469729991	8.999935251827946	6.821095577554132	5.106909266407975	2.3261901565393135	5.906477147891337	6.881285927664223	1.3434883199634582	3.096446800761397	7.883405121953592	8.997580735189464	5.683682984061143	7.344872374832578	
3.987719346119473	8.690457296691791	8.878723843126696	3.132540096704128	0.4200641715482414	2.390880083400683	7.919048900204158	8.893851513614372	-3.907165565212228	-2.154210365245098	7.703911640275429	8.818083269972647	-2.2240086159060866	-0.5628230322425631	
8.62712997328276	7.3556562521808395	8.972872603533217	2.3178533153788745	-0.16873818101895033	8.685120650599758	0.8504920760535573	1.8252984791305877	-1.8971275425080156	-0.1441682160388531	-4.230232024739392	-3.1160572303720926	-5.885279272668338	-4.224096563905007	
8.999549145296339	8.999999771681498	6.165186842240669	2.3178237329761338	4.225201104582576	8.999486028870479	-5.999999776771606	-5.0252101674088205	1.784916977954965	3.5378665142068826	5.096594040822033	6.21076223694363	3.031638968214091	4.692818455673473	
4.569837683947142	7.233353529260889	8.999999974076028	2.318852652516167	0.0067799843501141766	4.951780796298106	-5.193980597857812	-4.21917716263367	-2.685089473336919	-0.9321320291397281	4.830965103932989	5.945136883476957	4.090676306283081	5.751859795515108	
4.7706982313264366	7.425540440970233	6.742266621611201	2.3196930327086154	2.2723441805114124	4.967437717157836	4.337462777751391	5.3122670312924765	2.058513408431878	3.8114676045981373	1.261881181416511	2.3760540243669634	4.584402274978862	6.245586939459338	
2.9456722650018747	7.576524299190309	6.322220806200686	2.618968626800804	8.999682523933268	8.999445822678934	6.254629882635239	7.229435030585337	7.244537901915265	8.997501030343816	0.7440507534524743	1.858225189739115	0.9958337718381225	2.657019191592452	
8.930537372991306	7.527553746407801	8.825652270426634	2.3178516175178263	-0.15895568948568517	8.679196508766424	6.470947868404934	7.445753610300578	1.2793346999752178	3.0322900187706185	-2.890955414222112	-1.7767800233472686	2.98543791846725	4.646622614419725	
4.531508881870607	8.999965584997275	6.159889955458054	2.6189480824396902	8.99999320509749	8.999828314313126	1.1905313791819792	2.1653343583243707	-1.549674705899979	0.20328217022917539	-2.5702164419934492	-1.4560432001728056	5.346511842824929	7.007695027900931	
2.05108868279898	7.269132072258337	6.610496229928058	4.686582616901097	8.98544755503195	6.618617692104241	2.618350313631371	3.593074422358214	7.077560780470423	8.830337618797438	6.740109599401146	7.854240119743798	-5.999999991120286	-4.3388256336217665	
-0.3347747741954308	7.082987124409451	8.980077104458081	6.3124649861609505	6.626585975839557	2.8038058595587856	0.3077986239148558	1.2826091854522819	-0.05575576362107437	1.6972065622337125	2.7986663171162647	3.91284255435059	4.04632489082868	5.707513263392803	
1.0690237219970582	7.099169654425259	8.973297495215048	2.862081251702577	1.4728629818193042	2.4813126841324564	6.008588976391238	6.983395864680233	1.7173284602941425	3.470285882091293	5.54802069983443	6.662196179727998	2.3848331702840877	4.046020456731096	
5.000200876746877	8.999685630272223	6.163864999107886	2.398665684600438	4.430919663196178	5.124004324145162	5.624334291483763	6.599134454782627	-5.956204229622534	-4.203256505274592	2.6454653766044505	3.759633169882573	2.909166745233705	4.570346351671418	
4.179394716061941	8.949450724475177	8.33644408423713	7.7767197367793734	5.603685553338618	2.3207239841989065	-1.6264650162361027	-0.6516622314571174	7.2444992726911135	8.997450076731585	3.533884336692111	4.648053063751917	7.335203093989808	8.996386923132006	
3.3808995864973603	7.887402540395053	8.9999079293121	2.5903350045313243	-0.18033383664190783	2.650107485276184	6.920329953344293	7.895133730575697	-1.7492407352524824	0.003716171320039763	-3.363223624715292	-2.2490508277789427	-5.971705862554755	-4.310529281972201	
5.0750938126825424	8.999999859347517	8.868398526699828	2.38486901231626	-0.3228268731285322	3.16316616733501	0.6226960661616845	1.5974982298414862	-3.1378910942041816	-1.384937044258832	4.360324337505698	5.4744927751280965	-3.9639880461063	-2.3028049840588345	
4.456628730506761	8.999999899269474	6.159838874021014	2.7095791399408657	8.999766408771013	8.834026041286803	6.591805691419628	7.5666050577702375	-1.6738899841415549	0.07906295577147304	2.440926094064201	3.555092560582498	0.9806431323415659	2.641822602722689	
4.152053442393065	8.353888783438235	8.999999984799965	2.448202240075881	-0.37268638258198106	2.904644157747301	2.5021841637958087	3.4769860482058323	-2.4192843278680862	-0.6663278746735095	6.092332169101304	7.206503345041025	-0.6659214121832431	0.9952648414537952	
3.5216608012302792	7.622318447985469	6.53823609308758	2.39071175661814	2.5322255848025943	3.5064557984281937	0.7852931033387334	1.7600984625293998	-2.150191145914343	-0.3972330279335221	7.714662417935493	8.82883293874745	-1.4393345523693686	0.22185322335405022	
6.865234500173232	8.999798630925248	7.14409564030532	2.3188273965173494	1.3821296309054425	5.0002047200729205	4.301374358192836	5.276175054476521	0.2867457797252362	2.039699653940149	-0.5687110836704452	0.5454605565968729	1.3610601996839602	3.0222408893857615	
3.0333728009659495	7.868586951832443	6.594535473388715	4.1510995437335865	4.035888494456142	2.5714771721336938	-1.0934666099369768	-0.11866057435700661	-0.19041364118657444	1.562544473332153	2.5186142155424065	3.6327859198092565	-0.712712270137783	0.948475502845989	
1.5402137035333832	7.143375928278923	8.999999822979728	3.361719286092537	1.4012506966167884	2.363736794038811	-0.32647635944981257	0.6483329569900391	-5.999999785264641	-4.247060590451877	-3.593884583183288	-2.479707338005353	5.085347272291395	6.746534965247285	
4.356563848171129	8.999999801502293	6.159836214031316	2.9168526162339443	8.94541113608155	8.472331425428495	3.222632641968435	4.197429449184575	6.672501084684448	8.42545138846503	7.88571007755265	8.999864588061651	7.333124584186384	8.994308091414654	
3.5234167093774627	8.267096012458275	6.302442875532787	3.2832684226306164	3.7865688893473877	2.989429438386818	2.134124426396294	3.108926505939124	-0.8845331350813357	0.8684238349994668	-2.1999454239777183	-1.085772134242406	-3.233966198785486	-1.572780520624204	
4.230586181492663	8.99999999505048	6.305651371661785	8.600530016140743	8.999992519284909	2.8630984003164386	7.9674749197755705	8.942295928307992	-5.999967334140117	-4.246848657520759	2.2835135374998394	3.3976895552676183	0.5537290186001957	2.2148869040960815	
4.4406967708206295	8.999997738184637	6.159623271833141	2.7341173079705605	8.28295487162605	8.076629260709193	-2.21382689219758	-1.2390422926421518	4.980460280291272	6.73336224306448	1.795630361023866	2.9097846881832385	2.890232530319267	4.5513721950236725	
1.3863739747354913	7.08429679375522	8.434658113396713	2.3378958262795724	5.563060324702983	6.889270594186707	1.433550506416748	2.408357508071761	6.728761720079898	8.481722165720154	7.88527484057883	8.999419290622447	-0.7747379456125305	0.8864533119654974	
3.0384347654515853	7.689317846982808	8.057068015124926	2.6947720882628126	0.9227335310466351	2.5615135095205996	4.098702130003597	5.073504809917681	-0.16535149566339857	1.5876053613719812	2.2719010494557708	3.3860715262156127	5.230371617310347	6.891554083881946	
5.652819660082006	7.083754176898131	8.59336373548443	2.317934311680279	3.2281637043462332	8.999999995962842	-5.999998947260145	-5.025687411762286	0.5749965393861123	2.3279254844284765	-5.891059473017929	-4.777098723131939	-0.20691690619792258	1.4541473870932418	
0.4238579750881142	7.083856457305183	8.524284982633327	2.495644254450511	6.32423807802123	6.62025285432847	-5.9651267599851865	-4.990324754645992	2.063089510625721	3.816045508908916	7.883776188482505	8.997947121848126	-5.999997030166958	-4.338826565121689	
8.999625761793054	8.999330431251185	8.640524806687274	2.3178513426536416	-0.16133984347651698	7.088993251044423	-5.9999998811998765	-5.025213880965394	-4.107161239944383	-2.354204200880405	-2.863654344685487	-1.7494800621510054	1.3337365192514579	2.99492033449304	
4.334934520810279	8.647777464082552	6.460955357433621	2.5010175621652895	2.5143639095586146	3.0888272309949976	2.4983158035937727	3.473117086659185	-5.999999751932614	-4.247057600831889	7.88232330233247	8.996498249612864	-5.995442923699601	-4.33426687167651	
2.502173233506422	7.387185928071052	7.4088687868739935	3.014550392180322	2.019120204795678	2.4553456498250963	2.4971273908214027	3.4592192795956986	5.3351059320395375	7.0776248588555095	9.0	9.0	-1.6464691207578666	0.0027846699091549354	
1.1372526264661298	7.109689276868631	8.725362220906328	8.999709583898005	7.656482557429108	2.3370741249107176	-2.978414383423443	-2.00360972036113	-5.793040569322791	-4.040088297769891	-4.279646149932538	-3.1654735171565425	2.1591898476113354	3.82037239701169	
1.3750864988777618	7.12756862249878	7.154752303468523	3.9049628048552663	8.997424002572387	7.4217157844532835	8.027383997731109	8.999998590577656	-5.909506694216486	-4.1569197520493	-5.299073454754465	-4.185557779336087	2.4216832473701118	4.082995298928838	
4.4039543737808735	8.148402325249618	6.384438516625012	2.3575279570882017	2.6156068250299214	3.825435421719517	5.173642507480505	6.148445323089621	-3.6449288176058823	-1.89197287139815	4.988776873234491	6.102947951527261	4.657729011817931	6.318911892975908	
5.101254059516197	7.916129629802052	8.99999928626917	2.3217664424426037	-0.45411852559796806	4.336329215210764	7.944382689893784	8.919625684527562	-5.9999960431927715	-4.246392954432678	3.462064012710968	4.576345369996909	-5.999993340499179	-4.339654450659353	
5.1484310125455455	7.794782810436336	7.27952663556885	2.3205188453014625	1.3315239331189437	4.571547687875727	-3.315669047464422	-2.340863862742912	-5.9999999186159085	-4.247055936290238	3.8396047098097714	4.953776306995602	0.9613684125557933	2.6225529148385363	
4.1839962677912315	8.95223015536452	8.136431150884007	4.704995917287386	2.7336436320154505	2.324215396757584	-1.7391746202644702	-0.7643722515465461	5.207788747341619	6.960740084844209	-2.5319665884817177	-1.4177957525174847	-5.434653632372312	-3.773472828347749	
1.4631798028787149	7.111417520194006	7.338764669188098	2.61990767105779	8.984890516345825	8.982875180351726	1.87082280623234	2.8456307958539355	-5.999987325624936	-4.247073465781137	-2.0602917595091235	-0.9461127125034015	-5.915756121191101	-4.254569806717403	
2.5447350135170996	7.3013654314871435	8.979125022514033	2.5323744603081355	0.11108781156027092	2.728598263856899	4.879734618440091	5.854539287049256	2.038873693675839	3.7918279153445695	0.2585744659903746	1.3727497128657884	-1.7740090920799965	-0.1128208131239381	
4.231292765126845	8.999991713995586	6.2891387070852165	5.116100951626727	5.576023956799094	2.9077333708467012	-1.6480438845891934	-0.6732443585501633	-5.313800842081443	-3.5608519972024797	-4.748135538106331	-3.6339687766107875	-2.3673917766724784	-0.7062106757095208	
0.16028588692813628	7.0837007285963285	8.568732373929535	2.67062702963751	8.84044540464408	8.742507990375632	-2.49906580176283	-1.5242554871146394	0.1919643474926529	1.9449258573783652	2.2270128282295225	3.3411888983577356	-2.1058468591970705	-0.44465486148991573	
8.746078905301442	8.999999999856415	6.170503477983997	2.317823420883254	3.9225820588250144	8.44871269584308	0.9042541998081397	1.8790587644811545	6.299132538359737	8.052101941315641	2.7392030158602054	3.8533736948364226	1.5568412096654125	3.2180272427341094	
4.2308267724214925	8.999999998687674	6.60317669021974	8.999999700930195	8.74887118168883	2.510864490836825	-5.999998428266933	-5.026937584784932	-5.99999648994717	-4.24548434619517	-5.9999999999645	-4.885894898082547	7.3393360574210345	8.999999771306783	
1.0187640137039908	7.103298611521442	7.540143783388244	5.991157270979281	6.783009494305256	3.1748292455857534	0.7124405277897967	1.6872506912789182	-0.5501963973243669	1.2027665439315225	2.6235155357211735	3.7376918635023753	-5.237496089942246	-3.576306914900001	
1.949268173534584	7.232004583078895	7.937134396673066	3.7630625715948263	2.540265050297503	2.3589686544513064	5.2229545785329154	6.197760345883786	0.16220041248881945	1.915159361815566	1.7227730340127358	2.8369464067368355	-1.2877872801238537	0.37340222404486667	
-0.22914283155655468	7.08193679389057	8.999998359926048	8.999999766357758	8.999999766365944	2.6180221934638226	8.02479036469852	8.99999984414023	7.247217014160167	8.999999998355186	7.867186241224523	8.981282379382991	-5.999999780857058	-4.3395549054370495	
4.472215502449316	8.999999977129875	6.767493816896026	2.687797746940136	2.2033472825231666	2.6826364339330766	-0.2996777406685869	0.6750995308608889	-2.2607037465259756	-0.5077864290801974	0.6866258458342838	1.8007476552573554	0.4272459773513333	2.088446377707996	
3.3109958437331155	7.082698864203708	8.964267191084978	2.3179410330180783	5.195840999078268	8.997834335768053	7.672601838430241	8.647410234055746	7.241752031123035	8.994711278112568	-4.133346045656069	-3.0191679931484816	-1.318144048429832	0.3430480723327305	
-0.20315571690426548	7.082747336780152	8.935066248966931	2.6658616631638417	8.998935524931916	8.909608124043691	-1.706706851671675	-0.7318965532028505	2.614080127200884	4.367038266806597	-0.3967266261896052	0.7174524357236018	1.833013284852428	3.4942010400108767	
-0.3187740694934238	7.081623345465033	8.999996716573113	8.147780804755595	8.351308064129668	2.7312299730044725	-2.956017514867408	-1.9810944090293772	-0.45763304642976266	1.295712416036273	3.233948314623449	4.347964574003001	2.107790959947467	3.768525107672817	
1.0804796748033025	7.106463558150557	7.750473994709177	7.3047374624239545	7.241158580040812	2.588278321810705	5.1360675795932575	6.110876231397032	-2.92626028630218	-1.1732980075983068	1.177867333520239	2.292044441599579	0.36710571646297474	2.028296728340262	
8.999973511519775	7.434388071381498	8.822832980818562	2.317859553344835	-0.09354915519680951	8.904380318653518	5.0960537754807955	6.070859457981651	-5.999996562131842	-4.247051425057585	-5.998997029609836	-4.884831471945514	-5.999999829127738	-4.338824225206012	
5.988760412748643	8.997265176912766	8.990383069400043	2.32541362212816	-0.5044172599293608	4.079418513058906	7.276179425610692	8.251338059106814	1.0761494843843957	2.8291088798074693	-3.705589182028777	-2.591410694932987	-2.1350971391571423	-0.4739049668197959	
2.4792792278838185	7.1295522661364945	8.996710251372692	2.353967687497594	0.502350917304355	3.422194039888293	-0.8845473051812442	0.09026290447079255	2.507271370358289	4.260229311612301	-4.83661859383365	-3.722441382721015	1.679238716899638	3.340426274750328	
3.927069016541335	7.38735370708828	8.931355257792372	2.3288840352884836	-0.14969828991434309	3.919863773083481	3.869517594096301	4.8443215999676354	-3.833471613654019	-2.0805144263413133	-0.6392467992607536	0.4749281011669453	2.695631160302373	4.356814917375729	
4.230849778817756	8.999997295451807	8.906169581683503	8.999993332736565	6.254512353845133	2.318572861086718	7.347950024875743	8.322789886720669	-5.999988216065658	-4.247535381720791	7.886306512424055	8.999975914231467	-4.843863692604618	-3.182265943378388	
4.364520298540995	8.29878048236579	8.441462592013826	2.382817712839243	0.12554340237974504	3.1772979437240174	0.8790489059760862	1.8538529914979414	-4.665318300691954	-2.912362988606161	7.629661119504238	8.743834487196178	7.287909665684383	8.949094398727281	
-0.009865263035016447	7.083557567448157	8.720519815458882	2.925263326897918	3.4504109686538644	3.0796140420212517	4.4107195890697035	5.385527854984131	-0.5734735391679218	1.1794893223141418	0.6305076709730386	1.7446862421737341	1.9608085524134866	3.621996469416988	
1.2781790180175951	7.085143403174941	8.995341349757604	2.3536037267950967	1.7560232079819649	3.5181676815803833	3.497510111379583	4.472318026219817	3.967370893594879	5.720329307715245	-2.5314182484592105	-1.417239479282003	3.0102561619226993	4.67144400574187	
3.813598788266029	8.591306798969208	8.258094215926233	6.084227344006456	3.9979085346208	2.3214367273603393	6.1432342670264095	7.118036859484569	-0.8903442432604258	0.8626121915958764	-2.656992888886949	-1.5428203074262576	5.647743035977168	7.308925933515933	
4.007284947583363	7.31225175985135	6.676816040568905	2.3241030749671747	2.756507995896577	4.731611545192125	2.9713410366736994	3.9461465323169325	-5.999999824940546	-4.247053514693455	-0.973433535361858	0.14074310108670396	6.306327094974863	7.967514796889645	
1.0566070294116239	7.099510001041931	8.272884996153088	2.919819510664185	2.2984157738828213	2.5359566168019345	2.405931251722965	3.3807383862664864	-1.838021020825649	-0.08506219811572979	2.62936529677477	3.743540411411562	-1.2106415123668226	0.4505485927580084	
5.226322367111333	8.999999997091043	6.304693021508713	2.3640526293273716	2.7664980142553244	3.860830458195135	1.237905784976041	2.2127062716796804	1.193435814458331	2.9463866179475744	0.0773367373301399	1.1915078208705685	1.0296611517181748	2.6908421517226344	
