1.9623786238681769	6.160589165632105	7.176801178178891	4.2080278031139215	5.784029430536	5.145656919793963	
4.092470520715949	6.69140285747825	6.652573685604683	3.8603118531170058	2.965528209273483	3.7499203764914277	
4.686516612862027	7.221907245338432	9.0	3.93556349504669	0.5327941478680858	3.652904363595571	
6.230591402735522	8.908723324916657	9.0	5.8464509611014215	2.405997024572226	3.4724788583827184	
1.3655192369349	6.153102051379591	8.99997460500045	6.247931807757761	4.936379899588111	3.491917665135807	
6.073351616316046	8.753638209240563	8.990660131773819	9.0	5.569215618105201	3.470652715545084	
7.208973245174143	9.0	8.669227603241442	3.5305633341344524	0.42091733700473455	4.359617976448474	
3.6878784565142286	6.5602563199881025	9.0	4.807600043031966	1.580119819920192	3.49120345242968	
8.347055472652965	9.0	5.570938431600162	3.4745912951158786	5.038501908827259	7.072969622242542	
1.6855846146094455	6.156757577134039	9.0	6.57390614532024	4.934702017554075	3.48068721962737	
8.526640352484204	8.03773345800581	5.566196417614297	3.4707795824089054	5.824605289879226	9.0	
6.978363339172828	9.0	8.024122297359408	3.5782209461671535	1.1148217232825495	4.130151705365041	
6.284460199144542	8.848463483562423	8.94442915566	4.100286775020557	0.7155401271078325	3.58674096462353	
5.21821255724668	6.204617877754892	6.865000549683886	3.4715384009768275	3.3237908217915813	6.321914818337195	
7.120920476505905	6.1660548543301665	8.232088159132479	3.4704956405512597	2.254992041440765	8.562515490883507	
1.181764441701012	6.151920070009442	8.177180375986968	5.545935658847602	5.501285230221308	3.753436982146747	
6.577632505620118	9.0	8.677275803692588	3.8199649015262462	0.7022642729275956	3.7282718199205327	
8.979548903195202	6.614846817733751	6.992103734680134	3.4704935421824814	2.2442853577690443	8.721661955479426	
8.841076596440605	6.6007399031405765	8.474805782046182	3.4704861582638564	0.7448340442621015	8.580572396643657	
4.764419450857837	7.461324124577457	8.68112760519601	5.505592457288477	2.405161754321142	3.4748580679024563	
8.972929831171463	9.0	5.561853555909451	3.4714563954939557	5.691077638297081	8.345470162325455	
9.0	6.450880009225637	9.0	3.470489719918838	0.33030428939419654	9.0	
4.6647818404312	6.214055318625833	6.42248282080142	3.4749524709992556	5.648356167464417	7.637684527385472	
5.927729356062258	8.588752051621727	5.70662831061059	4.822246459844255	5.2191846123425325	4.033606365076633	
2.416337029251384	6.1499684069402765	8.787753650778555	3.47360032384157	4.646818715019576	6.818405079484272	
8.834924342575807	7.377433973900269	5.604226990627815	3.47051961432242	4.817737684535334	9.0	
9.0	6.642364946180884	6.006096218969411	3.470469280798781	3.5156782281012884	9.0	
2.21347427973045	6.1729497068076284	9.0	5.702639906259217	3.547113612826159	3.476065396372281	
5.115848066144711	7.480809132665776	6.543648520515969	3.7400208591669593	2.825673139700637	3.8554014019058656	
6.315800189888153	8.995611688104162	5.8433029123089	8.965364733227538	8.99999508328337	3.789182829397406	
9.0	9.0	5.559852569030573	3.471397777152319	6.315188922946735	8.994716208065782	
0.3700529185296588	6.149885177940481	8.9441415437	3.7883237649477746	8.23763480723824	8.204673719831067	
0.07964116626862161	6.149829598039604	9.0	4.484336513673949	6.329293899729546	5.365844094407397	
8.063795781342051	6.496636293484306	5.861341698312879	3.4705025112196566	4.450932525206307	9.0	
1.5093209479600977	6.153197555930731	8.999735085320097	4.055895547561494	2.730136351883907	3.621165929512287	
6.304558141430773	8.98424610451518	9.0	6.829061208902409	3.3885169215182387	3.470846138931556	
4.063241890651092	6.8412468695353645	5.6771322257467425	7.665860662072269	9.0	4.824321773545922	
2.911995636951426	6.2552874159427905	6.2248201578726405	5.856966383669874	8.999999625802504	6.6156219766996305	
3.111914487686052	6.288544600238172	9.0	4.325045062855638	1.4470664811059324	3.536455023537881	
6.424052847788214	6.320233150500888	8.826238291450698	3.4707277348129626	0.6922486691599463	6.742663893408107	
6.320212884685052	9.0	8.931580135234725	7.603226126379168	4.231074910606726	3.4707058135850204	
1.9300967764737873	6.150298974362427	8.838325122586149	3.4918699422463604	3.2791964007857555	4.996512740806157	
5.969582145180555	8.650157805488309	5.861034804116768	8.999999981762938	8.999999981037268	3.7715209532929084	
6.457594644082963	7.93737627454785	5.565791615097437	3.498356058506854	7.821282063468054	9.0	
2.2965238440128175	6.177390696437149	9.0	5.2367250865985255	3.0070756693674614	3.4805466543674797	
8.96052456780441	8.996361444573196	7.826811629883473	3.4714744772420616	1.2062624557944224	6.116826784237997	
0.035741797743538584	6.149825176490607	9.0	5.314761127438889	8.33702527435577	6.499413143745047	
6.320453713422825	9.0	9.0	6.678900084173467	3.2382991543113206	3.4709167469523425	
2.4861911254084674	6.157997477870735	8.93510974721702	3.559886301613135	1.916166171200504	4.210646760648958	
4.090271271782527	6.1511456018290644	8.097413267637739	3.4708359071443233	4.243339788806802	7.400099691025089	
1.1281891468394996	6.15145041090754	8.790258346103297	4.434647098481667	3.6652038542301746	3.5886198588064513	
6.696711681472037	8.999999177881218	8.999985944589042	3.7072281497708524	0.26664742891194493	3.847184138750732	
6.32585796054183	8.933533463408192	5.560589649750467	4.2850904055502355	6.827134065944227	6.086022646616575	
9.0	8.884177783930223	8.191015434869353	3.471188252663449	0.8406225262722771	6.267335710303426	
4.614918479062284	6.149984945568887	9.0	3.4705104704949203	3.546606342535899	8.132092873175583	
4.307660448507507	7.045849067645884	6.096892065945919	9.0	8.69571966189	3.645498730059469	
6.9966590546572185	6.314016199782619	8.882992402319164	3.4705491841671225	0.6485047281670395	7.33465545717924	
3.138031454488912	6.1715009826780225	6.869247900633386	3.5213907807166187	7.720068314411643	8.625527706531877	
1.9511608102315297	6.16263135523983	9.0	7.62890800642251	5.725217385280967	3.475906422821824	
4.550024853231552	6.995109974585633	5.625551745567304	3.7715248410761895	9.0	9.0	
6.797324211607982	6.1890333072948245	6.650906766170936	3.4705142986149724	4.6202491763147915	8.999998397963877	
2.2083444914522605	6.172813517340613	8.999995409851945	9.0	6.8469368979214345	3.4735320723583243	
1.8094108899252106	6.159068616928588	7.489482873540249	8.914541566333517	9.0	3.816348974245992	
6.233183252290363	8.7014223421323	5.5598646223418395	3.8833461608643542	8.419505971907945	8.218844772007898	
5.419963179017179	8.10401822453477	8.963201609837292	8.89325577636339	5.493710048828117	3.4706647147793284	
2.9872939316217533	6.273026573774258	8.912809734816655	6.516506020209572	3.770024670299758	3.471658743316155	
5.7422628557476845	6.394954261810446	8.999998899884917	3.4722586102825588	0.39630006576965915	5.862415779328202	
3.7408925139809988	6.3788684228364065	9.0	3.673151280532032	0.6193541322534006	3.8992894207759523	
5.9395630710837	8.377569181328116	5.56121182146275	3.837481524735651	8.950034749055593	8.826822013829922	
9.0	8.674191046783758	5.564736053983335	3.4709190455038463	5.4235984079431905	8.434295978406457	
8.846396620617536	9.0	5.559651304321967	3.4717808778960944	6.474652275491515	9.0	
6.236101961045758	6.705528535324097	7.9374402336527226	3.4724311132897654	1.2376705835717718	5.824307805105439	
6.320661330353136	9.0	5.5604097643401325	6.42945014203395	8.998692194905768	6.041378164291725	
2.1058080361103713	6.1680557221253345	8.999854736858985	8.913422224518367	6.859057126528107	3.4743064538451556	
6.13567524513123	8.815817073787805	8.704768046869866	9.0	5.855111213978965	3.470802074862938	
9.0	9.0	5.559858241904642	3.471397324372017	6.320475558304011	9.0	
3.3580944978728198	6.222520040431588	6.37006914532879	3.5876696610082703	8.49091276791179	8.99995176639884	
9.0	6.45090472920457	8.896045158136346	3.470518209124675	0.4342488806474911	9.0	
6.320190247443241	9.0	9.0	8.222570436099572	4.781964313911942	3.4706541568407836	
6.624263651084657	9.0	5.55924578448111	3.7684886305637946	8.976469468190611	8.98255524053802	
5.193536545953343	6.666215599991624	7.134585706160745	3.489684995555386	2.088291656382353	4.8515789211790565	
5.756929822656746	7.008113063935831	9.0	3.4846750787925345	0.10824129755726286	4.9634465405436075	
6.308450859564747	8.9882853438334	5.860291375512308	9.0	9.0	3.771521144562371	
8.001290460784983	9.0	9.0	3.4796374714581244	0.03904123493760192	5.15175838396479	
9.0	8.997179622810346	9.0	3.4713927496006924	0.03079827693840631	6.153290533266544	
1.7013274326344092	6.152539638477144	7.7438921887892835	3.682446542709073	7.709407948893153	7.910705552312546	
3.383827525295036	6.150045003334078	8.658188944443097	3.4709175735852895	5.349438634233556	8.361557051220796	
4.148009966606688	6.14985255914471	8.999995574378596	3.4705184286276722	4.881288093669696	8.99999558113995	
4.248265009193089	6.609305696569818	5.786587660175659	3.634070667428384	4.618318445872843	5.000863918765765	
9.0	9.0	8.629472830466998	3.4713988850719595	0.4015431829052023	6.150677303569376	
8.97782546554672	6.439974531982802	8.861654860933232	3.4704840697221435	0.47991497360704205	9.0	
6.408112767310753	9.0	5.559256377910328	4.2073539049910345	8.749910046945544	8.100989856634872	
0.4515185781736175	6.150119768217031	9.0	7.762003578448995	7.546606943058734	3.6770630951489416	
6.488847356240777	9.0	8.262343396334636	3.962853216190224	1.2606149898726828	3.640017117685437	
9.0	6.450877920819959	9.0	3.47049028133158	0.3303060668579958	9.0	
4.9114184182603395	7.074051986684617	5.614359735405747	3.6060745939221928	6.405587840114848	6.8423015086938825	
1.5520688551302237	6.154887932798955	7.48402548522826	6.078292678725765	8.865444184840602	6.259421677432046	
2.780379035777914	6.15191818428648	7.8545125423896405	3.481461673791763	6.4229098608659445	8.015493162819844	
0.7134298353280135	6.150453979004512	8.31857163942136	6.621619838613329	8.999706165761552	5.850697929619978	
3.534487907486618	6.4345650939130685	7.237781090886482	4.169328691299105	2.827315721678456	3.5867559369372	
