7.5952807366	8.34441885641	8.24380034735	-6.0	6.29728089368	9.0	-5.97282437402	1.02282530569	8.90085806611	8.99999999789	2.03555472851	-6.0	1.9894593403	8.97067218129	8.88189324121	-4.12124768769	
5.64216418248	9.0	4.13595415633	1.24541581825	9.0	8.31253788454	5.71142662931	2.12446744817	-5.20928796715	-0.653614411166	8.9996609757	5.74663291669	-6.0	3.7816297597	6.20205789173	-6.0	
-1.08536061724	4.55878760972	-1.03979399137	-6.0	3.69107361158	1.55722755076	6.14538986993	3.81996268811	1.32255922741	-2.1024467573	5.26284872472	8.9999999997	7.87531642629	-6.0	-5.99934978108	3.28306717451	
5.17386027777	8.94399754306	-0.089329878024	-5.65347568032	-0.197064083099	1.02144029626	7.75519871892	4.53482268192	5.10700875622	8.99455966482	-3.76264220557	-2.71320114476	8.86373626724	8.99990300914	2.13546331809	1.38948352544	
1.99963240889	5.47682198866	-1.97047351384	-4.59061567985	5.37607681241	5.03558986341	5.83756158265	1.52626238902	2.97555750197	-4.54440621064	-4.44480662879	-0.22258139188	3.51092246481	1.65801495373	1.35370908033	-2.00346529562	
4.32352284718	7.6678766484	5.5310550336	-4.53890763998	2.20034676761	1.0563988758	-0.767312477633	3.3063672577	6.41393465807	-4.25947947953	7.12339001477	-4.50904641334	-5.04289721068	-5.99672522105	-5.99573921246	-5.72306415672	
-4.23386932371	4.79048372501	4.71568875949	-5.99997636619	0.594367736942	1.0555119553	4.83662467278	2.2709125159	5.09770843717	8.98331042912	-1.00462759361	3.51403394174	3.56561263738	2.66749862838	8.99778620917	5.30386392361	
8.97752335084	6.60763312838	8.42789916945	4.54188145344	-2.45169267579	7.16740264358	8.18046190465	1.02139448965	-1.95290094917	-5.26247967559	1.4372749812	5.9599744041	2.86604364231	-4.64178956855	8.9993739559	5.65762701136	
6.36691077562	4.48790467994	7.75109092111	-0.974044823429	-5.79945523168	8.99999986962	8.99642329159	0.996576216636	4.70388480611	4.1278762989	8.83084556029	8.52102604482	-5.63568997037	-5.99879086093	-6.0	-1.71917142875	
-5.86125746235	4.79070132829	8.99999976875	-5.99999955909	0.330528609687	1.02129824193	8.99990968115	8.86130056876	5.11397181593	-5.11339353341	-3.27915865951	1.24364751061	8.94076800533	1.85701964029	7.45730681652	-4.07295362423	
-5.00476279312	4.79070235546	4.41345462694	-5.53780793204	8.99991886803	3.9349084972	7.25222741315	8.67715512424	1.0229100398	4.74174800186	-0.17998848877	4.34284250331	-4.42778268946	-0.853475721675	8.97760969597	-5.14077362197	
5.27136232981	8.16566408362	3.29378691341	-2.3663211253	3.08983996504	3.61625853185	2.72378279171	1.15472657687	2.58801572987	5.16810313229	4.15152447172	7.02275680673	-5.82936350593	8.86137547416	5.78608431947	-5.99250280753	
2.93590424448	4.79286468571	4.66079059933	-4.79924359249	1.46755066336	6.28488724657	4.55227048508	3.5421173131	1.02259570722	4.55501644206	1.09652662792	5.68458636453	-5.23858623	3.93271142737	-4.99678421128	-3.33747407669	
-3.35858687605	5.23441125318	8.99955004955	2.75255465313	1.43572264435	3.15329009796	8.96546869604	1.12540679161	4.57989081189	7.09523530903	-1.4656121772	3.30524846829	7.69301486927	-3.69516274618	-3.48872347163	1.9885187927	
1.68642953391	5.51304971092	4.44796590388	4.28695157457	8.91594721503	1.28263929258	8.82762012313	8.99999915068	4.72270374646	8.6741199617	4.76726127717	8.99960178387	-5.61501691785	-4.22028196208	6.47100679887	2.99481920016	
5.30809967028	8.99912456873	8.99999042923	5.31605015103	6.58867868199	2.32539452837	4.84627083823	5.30560911668	-0.957221618854	-6.0	4.6592261648	8.95613568434	7.8228936235	8.50128481754	8.99999946534	8.10011575843	
8.84948398071	8.74625351197	4.16432145567	1.02145715578	1.59413458624	4.74329449425	8.48969715014	4.77781717022	-4.5450182128	-6.0	7.74534404417	-0.726133246637	8.19656473189	-5.00411905253	8.84256349552	7.1805927665	
7.40901011909	4.97189866165	4.5572123409	4.75894332732	2.66157002926	8.90014453398	8.99999667659	1.18569049044	4.4948063556	4.30939862538	1.19544638767	0.597501928527	0.899330256446	-4.30157906795	2.85682004491	5.66803621999	
2.45106560321	4.79373328108	8.31151503932	-1.84035916899	1.08002732553	7.78147218801	3.70962548235	1.02150693138	4.42011932892	-5.8428320371	4.06527085707	8.66361349586	3.54045879593	-4.28460713057	8.9385774272	7.54899780085	
5.14829957174	8.91685027574	8.9997408256	5.1137240951	0.516491161021	1.02238996977	7.92379250312	3.7394365234	-6.0	-3.09626707337	-1.69366851157	-0.541862650388	-5.06466020993	-1.42558892766	-4.21483844068	8.05919915104	
5.08148671898	8.85029416808	7.13370447891	-1.49788354458	-0.501443975041	1.02387028413	8.99132145478	8.53290774059	3.24414577241	-6.0	-5.68999247523	-1.10081477325	1.78503741916	-5.99998847018	6.71840249437	-3.73002061938	
8.99995075817	6.49538254691	3.11331493505	-3.72441779609	-2.78953289714	6.97558050313	8.98066464997	4.76133814961	1.01584407323	1.83436096003	6.56088680607	7.42310639023	7.9109773692	-4.18936936723	5.70193349258	-1.49543245931	
5.21672939155	8.7813231499	-1.09954435215	-3.80848899851	6.84745747491	4.07054341528	5.41102659476	3.74616815822	6.25019236892	7.61838343838	-1.00717314501	3.12234351341	-0.677578012052	2.63546203101	3.81620973348	-4.22758329083	
-5.96047186688	4.59201548247	8.8815008168	-5.968583275	0.51929148375	8.99999999095	8.99999928731	1.0279104687	5.04910518994	-6.0	-5.97909623081	-5.89486869515	-2.82677093271	-3.22232448524	6.2495179328	-5.96948444971	
3.52624143591	6.25213267161	8.99999955917	5.01001776314	1.5673742847	2.70644453172	4.73165911318	1.06079830654	4.42513417119	-5.69091977558	4.39608652507	8.98524540564	-5.90068046641	-4.45481945187	4.86402333907	-1.98658035809	
5.40662405844	8.69709282621	4.14014274175	-5.99994540863	-0.652401463556	1.46153282058	0.191946621588	1.17179960351	8.99410496729	3.2788618526	0.490971448791	-4.81641462402	4.52574163776	8.45148156322	4.42202764268	6.96139148066	
-4.06316570108	4.78114193115	8.99999806784	0.711113132065	1.16605559416	4.40980596821	8.61637439607	1.02157620058	5.43192345221	8.98680213104	2.1049659494	-4.94762665733	4.8707907494	8.52983139978	5.79433582981	2.2027353629	
1.71241039691	4.96068576527	8.99998942656	-6.0	-6.0	3.50167920177	2.78954274362	1.23929534975	6.43274249415	8.99999999217	8.93108022752	8.99199213408	-6.0	8.16633101655	7.81440470638	8.96498053229	
3.06906574452	4.84832718945	1.52848782712	-3.34499911071	6.80198949975	7.89813372571	5.09476660191	3.29570310115	1.03403878089	4.97265273701	-3.51452888784	1.02930523556	6.66656569543	2.62298696867	8.99290658303	-0.45199650631	
4.93712548433	8.70648288402	8.47021536331	-5.96266524359	8.99778303034	4.56137792815	-5.84612004772	5.45792824369	4.58418499315	-2.61044115922	3.59461283552	8.1174458824	-2.18876555226	0.977024348759	-5.93823177404	0.518152725732	
2.09663447522	4.90596621578	1.75176158433	-5.1432398629	-5.68801899017	2.54250978128	8.97575889436	1.03561800962	5.18211781835	8.99926027132	6.34955795136	-5.97657213721	-5.78246013783	7.16647161527	7.43016938175	-1.11584833174	
3.89063337175	7.53778948665	5.34217182126	-5.33179434132	4.16827469183	1.12932802438	-0.95591172546	5.30680899448	1.25950345493	4.23802065306	3.53282300896	8.10167435781	-2.98006607169	-5.57344690094	1.47514659929	1.78258268573	
-3.80885350765	4.51536658455	8.99970342757	-2.82225426568	7.16641465626	1.05132448072	2.51791379627	8.33493663609	5.85330086242	6.66851424324	8.99629501628	8.99974449172	-5.83952449442	-0.455816467116	-4.75114475116	-0.405011719827	
-3.21125091502	4.79069843412	3.78362004189	-3.26648707573	3.42644336631	2.02480141749	5.83124663866	2.48520298257	5.10109203049	8.98702920843	8.98945512784	-5.99831070162	-4.07862886241	5.55895281079	1.90620450827	0.212071858552	
1.65237173903	4.60140836113	-2.73243811279	-5.83165365971	8.84947551614	5.19216277897	8.98690199791	8.99851439932	1.02135263481	-6.0	4.55995238059	-6.0	-6.0	-6.0	5.64108394441	9.0	
4.45311761821	7.43558342255	2.54322985995	3.0406381217	6.39533524731	6.8746566826	8.9335831261	1.14467720834	6.00211626718	8.50116599577	-3.52724210687	0.831729076936	-3.33068172206	0.296038269082	1.05194452463	-4.26873785503	
0.758488439678	4.85625840651	8.94704757247	-2.17985698569	6.29276916289	5.03359660265	-2.35473584791	2.16532441411	4.91657167681	4.27354183835	-2.67738855518	1.83408714454	-3.94751727474	-6.0	-4.37492048318	-1.45637289801	
5.51003970276	9.0	-0.213650568262	-5.99999999987	2.34718523086	1.02124423524	8.99999999987	8.82679517296	5.87959280978	8.99999966858	-0.498694238024	-3.40728172496	1.42609924339	5.6872483446	3.47860327111	8.33276228688	
-5.52984653967	4.79099384501	7.86482582013	-2.02932433577	8.97627973363	1.31615779776	5.55114046285	8.98886792632	5.14496320722	8.99989156509	2.94943461402	5.29435143582	-3.94057417041	5.55264563475	5.39692247631	8.99992545127	
1.12526901091	5.14862404511	5.24928276118	0.966463351477	8.20777638894	3.83720023515	4.55840778435	5.39258578992	5.10955442204	8.99622349602	4.40711214738	8.99524324243	2.38726017304	4.38702143384	-4.93610777916	-4.91030533765	
6.15376866199	8.99938577413	-2.44753878614	-5.4972914367	5.05202914005	1.93475419517	8.99999977012	8.52367419959	1.0758693362	4.94629005618	6.74898819818	-5.99968063788	4.96334544137	8.999984316	6.38778169215	-5.646034785	
4.30589578176	4.82763414429	8.37828354914	-0.762190224551	-5.64872581249	5.35596243256	7.20326572805	1.02143032864	4.49235057571	-6.0	0.506030533476	5.03336974369	-5.94433536933	-5.67219443383	-5.99776012137	-3.59575867767	
2.21646573134	5.75008193435	6.04086329134	-6.0	-2.61380313453	1.04986734574	1.48692176946	2.41447042976	2.85387899786	-3.09717858516	-5.99835479871	-1.56832041646	-5.60181120468	-1.60303597534	-3.08993664226	7.18286584229	
7.72956885382	4.94492464098	1.78860612913	-5.45528700226	4.32292201679	8.43408291811	2.14964046475	4.27113526473	1.02151664865	4.91075213106	4.41098871771	8.99999972849	3.26341428448	-4.95958391225	7.30435704495	3.44741459796	
1.4979510722	5.42688372946	5.14009393934	-2.04039446302	7.42185113589	0.961385206182	3.04039682396	9.0	2.63560185865	6.35105686561	6.03687750609	3.10789526694	6.14608792486	5.98677437874	8.99998447334	-2.4438223004	
8.99999865134	8.73612211523	-1.40812186765	-2.64266016793	4.92292430467	8.87039917158	7.25946016724	1.01973136134	3.23435839215	6.92215809712	-2.55878044551	0.994511729093	2.17434164908	-3.55229449294	0.573516794061	1.13243883059	
-5.23381207184	4.45122045397	8.99999965103	1.36025504374	6.8952623216	0.955677912618	8.99999964069	8.99999975004	6.52765085056	8.59547953488	-0.727742976589	3.42966709372	-5.30630748063	-6.0	-6.0	-4.53965081302	
0.0704001620565	4.82112766862	7.8119919865	4.70772822983	-0.67623108078	1.192663405	8.8238498081	1.51268687433	1.22719427077	8.51333264702	4.48948928955	-4.35432130154	-5.99515549775	5.73377522728	6.10786667546	0.337067201808	
4.95329734871	8.49637301787	4.31038364822	4.89583191352	6.64987934035	4.30332454297	8.94759900916	3.37010469387	-5.58664015197	-3.11938986628	7.96849401238	-4.98093377612	-2.84832835304	-5.65715908988	2.89148924253	-1.49220367266	
-4.68156228877	4.51431796796	8.50295999971	-5.79032755795	-0.351112298989	4.93648884027	5.00747582742	1.02140485834	5.35223695384	-6.0	6.75827254211	-5.99998379316	-5.99093613685	2.51830441715	-5.90140119315	-5.99994055064	
8.98906827881	8.87982727067	4.07199207231	1.02134572123	5.81693358043	4.7440191135	8.55101429399	8.97629690578	-5.65943332349	-6.0	-3.25687659325	-5.99603525434	-5.92520731444	-6.0	-5.94438350268	7.5392054557	
1.91182329175	5.28924063721	8.98959921339	8.89421446378	8.8643075645	8.8273416567	8.36009225042	1.32380223846	-4.74476344998	-5.83316774196	-5.8783854521	-1.56090614829	-5.57108672456	-1.97272232139	2.6035899391	-3.51552441467	
2.64352332148	5.78573721085	2.16908806976	-5.40640358353	5.55493186422	5.53889935491	0.542580442528	1.29975980485	3.25693499393	-2.13541558356	3.22520986003	-1.79843075394	-5.99099195406	6.69166417014	3.95821706707	7.04081512305	
0.181987059988	4.62211277385	8.91280306398	-5.99999689564	-5.97207276711	1.09997905386	8.99775545301	8.45924027167	8.0038087879	6.83160404032	-3.61689521234	0.469534163802	-5.99738761907	-5.99313876008	-5.9979807317	-5.99272614328	
3.80025890384	7.21685793768	5.05677015621	5.64681478681	3.85717831295	3.51630523392	8.98852889566	1.52684238706	5.78926998222	-3.13199514173	4.81988765105	-4.3788355386	2.42091048117	8.00298376813	4.52008338626	-2.75703186591	
2.3938369539	4.76354672675	-0.202959070689	-3.22791618955	-1.21093284667	2.18675025542	7.3882613258	0.871933546881	3.533660695	6.70096623592	0.901234523821	4.97211721901	5.88719506139	-3.28856526925	-3.3461118367	-3.53867364014	
8.25166156347	5.55033649563	8.88329910827	2.24872645721	2.36485415667	8.93780939339	2.05424676915	1.02130919102	4.99649449115	-4.94047955777	3.20460665695	7.72743807997	-5.66937865361	5.00175303182	-5.36550602189	-5.99988823752	
0.738481619742	4.59908656723	4.88414551921	4.73001371533	2.67174862648	2.84899992384	8.98794622442	1.24687874111	3.38475470331	6.16084411193	8.19065592498	1.88138007607	-3.20358213844	4.68186652893	7.77792563381	7.16305285003	
8.99970897568	8.99998660063	8.99999985811	6.81086700592	5.54781786792	8.99981769177	6.08034100688	1.02171525832	7.41279987246	-1.58549672807	2.73567224094	6.52888576586	1.20980807957	8.89131641703	-0.961329249501	-2.27774199171	
8.99999999978	8.85803911851	4.62836624485	1.10314266096	8.70254809558	8.99999999978	5.21077671364	4.62055308628	-4.59065874405	-1.59245731857	0.244486742202	-4.30690692636	6.18432297563	2.83364138833	8.46114355283	-5.99888387244	
-0.460008492495	4.45189743395	-4.11494847105	-5.99999845709	5.93555015745	1.45319133192	8.00919894668	5.62922138244	8.31673384304	-2.51359860782	4.56273714027	5.01874260849	-5.44339553763	4.90310572264	1.18623611075	3.08127653112	
0.115515651704	4.523791924	9.0	-0.433859582363	-5.38002392571	1.02343951562	8.68858294234	3.51518181255	8.82580171824	8.99999181459	9.0	6.58606202975	-1.13687036967	-5.56566507843	-3.07372554698	8.97195853415	
-5.63745822797	4.79071275603	8.99998738878	2.73400602243	8.93848590604	7.62557812059	8.99996766183	2.35482178206	5.3602898373	8.88508311004	1.18137304791	5.70440006099	7.34316819477	2.57128931788	0.0392992723772	0.606389770252	
0.171810198427	4.47742850278	8.99995492061	-5.60231779998	2.36316842492	4.29262535144	-3.62271722701	0.925922299784	7.36322004339	5.42860405801	-5.28268971333	-0.68840504567	7.79447196999	-5.3798502021	7.96657778188	-1.29306611424	
2.12451694966	5.24379442518	8.93955699134	7.01996284492	-0.295161642564	1.61752339553	8.06244930473	1.15452880649	-0.748531967582	-4.8316559016	2.76347739492	-6.0	-6.0	6.52295782238	2.48112401974	-4.63071998384	
5.2305660365	8.99999714574	8.99996705099	-2.50933824793	8.99995901484	1.33731389153	-2.63615171745	8.97048757829	5.11393670833	-5.8081573752	-5.9858341721	-1.46300114955	3.09260656812	-2.34733868622	8.99970369249	-5.99882959298	
7.74666686655	6.67625112439	5.41505885751	-5.52355567487	-0.0528111929392	5.89134522898	-1.08617816093	1.18281564326	1.52902884251	-6.0	-5.30211133165	-0.779316110337	7.50502011694	5.00820908101	5.68636757014	-5.32560296805	
8.91421688564	4.68226706988	8.99999999981	-5.85152896096	0.665221665976	8.99999999805	-5.99999999981	0.932976389086	8.09217016573	8.99602851756	-3.70246480329	0.300093483744	-2.99717132008	8.00676174254	-6.0	-0.810577014504	
-4.75313442639	4.82971976707	8.4830309672	-4.76104983647	8.19650103517	6.610915239	0.934606198741	2.40537201409	3.99703594679	3.50677894964	-1.91162722859	2.93089748141	-5.91674913485	1.18350427291	-0.398736125338	-3.1937027976	
7.04741200211	6.08442169065	3.12713279623	-3.68354305783	4.0933995554	6.510727353	1.88704776566	3.44750629112	1.02289292803	4.90166949149	-1.93121119805	2.59197474314	-1.93033090513	6.4626484355	-0.16314996044	4.34184726454	
5.82228686258	9.0	7.68055227979	-3.76957144666	-0.411136261639	1.19514830732	-1.35657217001	1.51367972437	8.90156697886	2.69079047332	6.31222125486	3.13318490286	-5.98202104952	-5.12836082326	1.25353769362	-4.8202821397	
3.30535375019	4.50646895362	0.650210715251	-5.99999990604	-4.31625310243	5.31540594112	8.99999963879	1.02010075714	4.73524719937	7.75155926933	0.188583539269	-0.692473062628	7.06202129135	2.76622089914	-2.44417890282	3.80592693419	
5.08978393596	8.56414970807	4.28315946084	3.05632762263	1.29236065544	1.05967425216	7.77568665812	1.96237204101	1.91386188255	-6.0	-5.78735259984	-4.24546845862	5.09110361943	-3.791139238	3.40342360026	-5.70651259546	
2.5239588374	6.14258460672	7.26910360056	-3.67587119804	-2.52246402819	0.916645564801	8.84289847894	8.94147280934	7.84948402577	8.08882657137	1.43082034844	1.64414100265	-2.72496950041	-3.95168995769	-5.98541073114	7.90564716418	
4.24107010054	5.54426941436	-0.908368056022	-0.455833043548	2.95315627526	5.17254034219	8.69778009619	0.995222251706	4.48993928309	-3.15958725835	8.9502322502	0.841821198122	-4.10501360524	-6.0	8.63429866703	5.96334668891	
8.99999982225	8.99998632722	4.37503351615	1.11512007435	5.44869642107	4.85422524751	8.94284988719	8.9979304887	-4.50741896337	1.27567984064	-3.1846345779	-6.0	6.36804592649	8.86198928252	1.25562921449	-4.09339577751	
8.14804428019	4.95230673158	0.0210043208444	-3.00922758366	2.91650501729	8.99730826431	6.22758161604	2.57686780478	1.03347822202	4.91954257234	8.83606248222	-5.9924163995	8.29844609571	-6.0	-5.77228898504	-0.328996913336	
4.139302209	5.07735350719	6.24487899005	5.01903746728	2.56543378571	5.71792524713	7.68192666138	1.02149952434	4.44601491754	8.99998634127	4.67821538068	3.87275308148	-0.089351203961	8.94507741843	2.23578009289	-6.0	
2.43496368186	5.36839539921	6.97641400671	4.26801226792	-2.51672328112	1.54632506235	9.0	0.962607452867	7.33499084873	6.13089530228	2.5010491963	4.54229073786	0.0872350954418	4.62708750658	-5.92292048237	7.2931987139	
-5.648621463	4.47739878733	3.28138125213	-2.9537359975	8.99998700293	1.3369472244	8.99991482294	8.97022148131	4.52849920216	-5.86641387383	-5.72208909787	-1.80728895703	-5.99288164123	-2.96478351225	-5.86590233259	-3.57564467363	
8.58010291717	8.44950060931	3.5641612394	-5.76409811743	2.2212375946	6.08147202591	-0.708356554671	1.09439068502	1.83136558265	5.71790148367	0.405873261153	4.99507830015	8.19759755411	-5.74615217443	-1.4956503232	-1.97483908352	
-0.740485822644	4.79668983183	-1.16267485041	-5.95831501662	0.0297390037876	1.12582538401	7.35805599582	1.72455394671	5.11396513818	8.99999733351	2.79440360662	7.31735556186	3.26687773366	6.99716755243	0.481732846123	3.36353484372	
7.74026644138	4.49720123874	1.90349460744	-5.99999947653	-2.58376542264	8.99999929497	8.99234176468	4.76743978666	1.02114942827	0.199534948843	-5.01369406713	-1.09732458013	-6.0	6.50471889435	8.29252071954	-6.0	
3.72656367968	7.24490344492	2.74562327097	-6.0	7.77166843188	6.67281612811	-0.53441807816	2.05628247858	8.99800457439	5.49536941731	-2.60062761303	1.04764640601	-5.99492308451	1.4805541056	4.91987599677	-6.0	
5.42499107396	9.0	-6.0	-5.94848374394	8.99459806648	8.87251471049	9.0	1.55478154025	4.77010485027	8.7884109608	-5.45879021754	-5.62940173448	7.24941139498	-5.43866390545	-6.0	2.59885487263	
5.37378880515	8.99886991013	4.08758380263	-2.23139033196	3.60222769289	3.19754015725	2.27168855492	1.5743891017	3.54077983335	7.42660931891	-2.47439829166	-1.21179673896	-5.73466922669	-1.95190214357	-2.77762127294	8.99999978733	
2.27616539248	4.7689619334	6.14357762996	3.57824887578	2.82014860589	5.0050251043	6.96373807664	1.04877145642	-4.48599085779	-0.891541269189	2.90679171965	7.3493548932	-3.91333691716	-5.48365476354	-0.582429729334	0.834719295533	
3.99766373308	7.76746905132	-0.241229598809	-5.99896256118	0.799790671051	1.021389685	6.93204958768	4.90249820052	5.11295842789	8.998988398	-5.82250774274	-1.2997012667	6.72791700704	8.91377045215	-4.38458994178	-5.99999960651	
-1.69622698074	4.59940531071	2.2242049072	-1.806490532	8.77046882345	1.2711028386	7.44493798832	8.88348574112	3.45289896385	-5.99935708791	-5.99794325376	-1.72496457541	4.1621609043	2.70681777984	-0.136519989739	-2.04243874617	
-0.98666130721	4.79478862327	8.68221474541	-0.166829714892	0.609695824639	1.02144580126	5.90572119788	4.76568573187	4.79646576858	-5.99736225216	-1.13882210131	3.38123338728	-4.37303992236	2.49939415055	3.66689556418	-4.39826552623	
0.359149991138	4.51578035638	6.98417460284	-5.99999999972	-4.90617061973	7.18021352345	8.07570444268	1.02127792199	3.80882872815	-5.56021583337	3.24155571583	4.43649131819	-1.95768573941	-2.15768138172	3.39444100352	-0.664332580821	
0.194432134159	4.85049014163	5.89732572495	-5.39032134666	-5.09580390172	1.02535737897	6.33812584182	3.05267342367	5.11431422335	8.99999976875	5.9046955048	5.25848437158	-5.38987445159	5.60795801891	1.96547214941	-2.90526201184	
-6.0	5.02049440156	9.0	-6.0	1.08646672763	9.0	8.90382934823	1.04674162177	4.68736576975	8.23073848861	-2.67066582683	8.99999935392	7.86837563241	-4.93582027499	-4.47289096555	4.00854384926	
-0.147662319811	4.79071241479	4.99818428518	-5.60903263573	0.329683596782	4.28380082568	3.2230172258	1.14186241875	1.63773384661	5.36999134184	-2.59268715846	1.93004400447	0.962511896062	4.24282684479	4.69098890272	-0.291869901815	
0.718521851567	4.90848862388	5.62573491056	-1.76914221904	-0.785278233391	1.22620288552	4.36086384694	1.75841304071	1.73958169645	-3.69785578686	2.03124142479	-6.0	-5.79693335331	5.86548975417	8.96586149642	-4.49758376012	
1.09779823278	4.89851886052	-1.79206138948	-5.31525552781	1.58230602764	1.10799263202	6.91484176184	3.31574717758	1.81524194012	-5.72156408109	-5.88121210448	0.188083545669	-3.97875369346	-0.80544441476	-5.83919952136	8.89293228382	
5.48940127653	8.97065347601	8.99999976875	8.94503805323	8.99794415306	1.31302917301	8.5335389086	8.99969124696	0.247755816058	-6.0	8.880970088	-6.0	2.02574483802	8.99969524556	4.91238995895	-3.82470441754	
8.06170138897	5.4310270752	-1.22308124887	-4.22203401334	3.30104131507	8.81678031296	5.72380156936	2.0418096323	1.06479446766	4.95082686964	6.41104196725	-5.62681146229	5.73875647583	-5.64711691891	0.107060462283	-4.22078381557	
-2.90883908982	4.79074909406	6.76823026771	-1.97443814243	-1.71022214741	1.03489635546	8.28617902111	2.78826056915	2.88220446398	-4.21244542796	-0.978642810229	3.54417320816	1.76413187643	2.6134759285	7.04051285909	7.12347424676	
4.85646302278	4.95553416754	4.53245830219	4.83933653448	1.14901766786	5.05496998583	8.9997474052	0.95429511581	4.64293491646	-5.74371347358	2.12411127035	6.08079068299	-5.75451087721	-0.70323149733	-1.77755336618	-5.93246582722	
8.99951177198	5.4405207032	4.36056432353	4.48480755635	1.68153951343	8.92164692526	8.60957643317	1.008898604	-5.0342381484	-5.00208696539	8.87810092654	-5.99554910755	3.40608570112	-1.19481147082	1.94493777802	-2.99514066966	
-5.59472295726	4.79069020068	6.38914527877	-5.99999667165	6.20149430627	2.49394907026	2.84345234338	4.7588485139	2.50314562625	-4.84416218377	-2.18640952306	2.33615249768	1.55805607814	3.57289308121	-0.554462859715	-2.36675598738	
-1.21422314516	4.79321894008	4.81135602505	-0.625626548793	8.99998270747	1.32365765349	5.68734549464	8.99733102002	5.09517414059	8.98117360293	-4.61451904532	-0.0916902307853	0.701946608531	-0.110418114758	-0.100409894132	-5.92178016012	
9.0	9.0	9.0	7.9826560862	-0.341870411652	4.49205394885	8.63406802431	1.02143855913	-1.31715153326	8.99935934028	2.35191978467	4.66493846451	-5.99996211796	6.43291407796	-1.25187364093	-6.0	
1.944988436	5.57300289683	0.888878342995	-1.81349410932	8.95164670353	5.69622200919	5.74332429014	4.27726221976	6.33354243825	8.93046437297	0.0447454523635	4.31709065406	5.31783755329	8.75273880962	-0.143874809696	-1.0429340509	
4.62797407364	4.41212771159	3.22537179388	-5.99886052792	-5.99999238007	7.69364342625	8.99928564179	0.930671027936	5.97183721446	8.78474607889	5.06453947259	8.99981887803	1.70228389056	8.86678887626	8.93331214241	8.0869789399	
8.96456184376	8.99999981165	1.39752760034	-5.99999977767	8.95255161015	8.99921794593	0.812075468983	4.3612491685	0.907118040161	3.97114709666	-0.513444807836	-1.20622734798	-5.68827954707	-1.530950286	-0.622992082028	8.99994272266	
5.23224248165	8.99998566548	7.30966229599	-5.13412573299	8.94814415753	1.29928522419	-3.52992400823	8.99909973374	3.42363203593	-2.70109102518	-1.71677076068	2.80605843221	2.13520594302	1.98717766675	2.93688023994	-1.88233062457	
5.54746534354	9.0	9.0	-6.0	-5.99706615016	1.02187597073	2.98631861894	3.71699239313	8.99989896901	-2.79151727946	-5.58119618701	-5.96750156411	-0.546869896558	-1.34878599637	8.70294936762	-5.32767820038	
5.49711515444	8.99994734858	5.35045294624	0.374694757526	4.9780415013	1.09584333447	4.04812137913	5.61802872829	4.07721866442	7.15965265185	-5.84336937618	-3.05637267722	0.55930405569	4.69675226194	3.53151845902	7.18530203909	
1.09142732573	5.0893033417	2.97179254488	-5.9980549977	-2.29176382809	1.09634322407	4.0345255031	1.82250994654	4.20158110647	8.087623274	-1.14145221663	3.38138079745	0.81299930816	4.52649169366	5.05974076594	7.9447893187	
-5.92738228655	4.78047276049	5.00331273675	-5.99947503369	4.56656174841	8.99947523335	8.99931307391	1.0574410391	6.44113903838	-6.0	-0.468678333433	4.75724685335	-0.262788502691	-6.0	-5.10058186268	4.24586686333	
-0.316934711729	4.51482943694	3.24368927066	-5.99999493287	-5.99086456551	2.55755474024	8.96650502174	1.03412585393	5.84787401743	8.99841221248	8.97865749181	8.61517966449	-5.99780540936	-1.21149698762	-4.48906334856	3.61198825126	
2.27697252817	5.79286672988	4.62157863147	4.92061000474	2.55396552774	2.09569516339	8.97025772487	1.76103421525	3.81812287031	7.83830022526	-5.92323526419	-5.99882873759	8.17036716575	-5.98567736489	-5.12689879241	-2.95597317389	
1.45747717004	5.33449796817	8.99047019193	-5.97458902046	4.84592707327	0.996923294797	-2.67167579908	8.47711065846	5.32374437646	8.48146423246	1.44689575421	5.983307648	-5.73882735702	-5.46256185778	0.912608601449	2.69972075344	
0.758457483747	4.54086960479	5.30996513019	-1.82764451681	-3.98266695445	1.84559686027	7.36149121397	1.09283039676	3.02746964559	6.12082407615	2.24037172508	6.23200660541	7.28646569894	-4.76637151131	-4.94630713827	-5.17163834018	
5.1853930694	4.90768590358	2.24909935741	2.05241234834	1.90857287795	6.4363532904	8.94027655509	1.05770432731	6.3740191089	8.97631816622	-3.01928023895	-0.121760885673	5.92719266328	6.82131038078	8.66415879872	3.89865656702	
5.41132742119	8.99999999992	8.99999979014	2.05764868654	-5.86520768627	1.20205767787	8.99864962262	1.48918276193	5.38814352907	8.94496854762	4.47705083631	8.99989486804	0.980676689679	-4.39763165964	5.83469666953	8.55310460282	
2.19671709006	5.8089340558	7.07883931782	-5.9882879247	-4.65825222287	1.00837375801	8.69671001757	8.6960483715	3.59334891272	-5.98569706877	0.0673339033869	4.26137406245	3.15919911242	7.28917340167	0.870580822464	4.4874090211	
4.31117312616	6.41660140358	6.71803090143	7.19738670188	3.02766861722	4.53245600584	8.99999976875	1.18807791583	5.80537152385	-0.238847332023	5.48856242878	8.99990254471	2.74702382559	8.50461952154	3.08631954002	-0.470418616983	
5.22517435037	8.71744065896	8.75003175878	-3.44198055989	1.40904315165	1.02134889231	3.70842564934	8.99999998395	5.61203489206	6.80080933261	4.76228255342	8.98466498157	2.8399850736	7.1034207957	-0.821812252548	-4.86919748439	
3.50748382284	5.68700012959	1.8450039096	-0.705768657089	3.71747605919	5.20300364964	6.02422008805	1.10589866156	1.76498304623	5.62801687869	7.29652466686	-2.01340970275	8.07752521022	8.48471419277	6.06726099975	-1.6719522588	
4.90506587981	8.01421200831	5.0143634514	-3.96673692207	1.75148637839	1.68181681599	5.34989764722	7.49564143729	1.12832964748	-4.97589620253	0.459922048802	2.22968168227	-2.29319590201	2.00574204924	-5.45031268262	8.99651067294	
5.65336702906	8.99998593472	8.46530025094	8.99999926714	8.99999989336	1.3226757771	8.9999992213	8.99999989156	-5.10236934822	-3.59066026656	-6.0	-6.0	-5.4555033516	-6.0	-5.10850700492	-3.70287111538	
3.88766623551	4.83172654765	2.3998446495	-5.25895025493	5.49894964136	7.13554170013	1.6433284356	2.92750237104	1.02684702321	3.92018250837	-2.66940760575	1.79807123757	6.65904322956	8.65735461283	-0.639465360515	-3.51387695273	
6.59546964086	6.24638539241	4.35129905255	3.6060672939	5.04800772209	8.99837213366	7.70546905398	1.03631421283	-5.69552925416	-5.75170548873	5.04499895729	7.75447243518	8.50612769151	7.02547878072	-3.01697475386	0.895567759735	
2.92441545547	5.71957524067	4.06391468615	1.07052526121	3.121523315	2.4840032415	5.84696179716	2.88683164565	-5.72437243717	4.89703143386	3.95734098529	4.23691918807	-2.38920588486	-5.84314404411	7.20850975005	1.98855932568	
8.99999999932	7.73283986424	9.0	-5.17311952424	-6.0	5.63522464328	1.01228334148	1.0214568613	8.99950761321	5.34172634337	-3.80151891742	-4.09013320356	-5.99997217986	-5.47552544861	-4.80160313185	7.76943959417	
8.7332675704	4.99836554231	8.49783877863	-2.49363714493	-1.11618690725	8.94888433796	0.155947969933	1.02137465808	4.6118082474	-0.978360225105	4.03756002193	8.56039316436	-6.0	-1.3060865678	2.39392591335	5.27899209122	
0.0511345557745	4.76818207425	7.7238985292	-5.992031798	3.16023907034	3.95493228565	-3.35599278528	1.08347097221	3.88441916674	-5.42853499424	1.06865368417	5.56476134472	7.75742696963	2.12115445037	-5.02558775883	-2.29956075728	
2.25221127684	5.13723042483	3.79322708223	0.783068668129	6.13196231527	2.16637248547	8.55061912105	8.84546820096	0.719747454379	4.90745733606	5.84373413772	-6.0	7.43724726101	-6.0	-5.64589728445	-5.05166963217	
5.54823272317	8.961937625	3.28222391824	-3.88241551944	1.99649152782	1.22495303105	2.48688679992	3.20750217874	7.42769837203	5.37192704684	-5.85107925855	-1.68385327206	3.78572123346	3.41812779652	-3.61211833865	-5.87712249194	
2.95062422172	6.7250120704	1.49591690079	-5.99999984406	8.28021423548	1.11747477876	1.79805979863	8.88644813495	4.53462107337	8.42066511717	-2.60379410614	0.73863365625	-3.78430216245	-0.145860350294	-2.28986123844	7.04880946406	
3.89271237069	4.74577507329	3.55716589509	-5.99997684895	4.07438043665	7.22021173312	-0.74313900145	1.0252108065	1.95236596821	4.30467171842	3.01481219499	7.28889797529	0.962649085653	7.89947744205	1.47403517886	4.55906305706	
-0.492236111411	4.48269746743	4.63014347887	-5.95331437072	-5.99430894608	1.40699182909	6.84550300442	1.25663723654	6.29661160961	8.47517267554	7.96870188647	6.94161233928	-1.75110252653	-4.13354600616	-1.10657554987	7.69634057395	
5.95294209988	8.97206877872	3.91296896036	3.0858222029	5.81178933417	6.30151382682	7.56231084788	1.08332606966	2.95697152563	4.73082529438	7.6086414892	-2.97298007706	8.99442440808	-1.0707723283	1.89272650705	-1.84052756692	
7.57133600302	8.90962662308	4.9089008281	-2.29879353448	0.807685094455	3.45244404724	5.99790628236	5.42667479744	1.02268535007	-6.0	1.43061836796	5.9532251608	-2.1546817157	-5.73470559856	2.61328363781	5.49817865167	
8.68269547709	6.05901639027	9.0	2.71234763302	-4.30433290428	7.01553397836	6.96188437215	0.783792204137	8.31946590928	8.99998012749	-1.54229304457	2.90117371777	-3.24601386465	2.40728572844	-0.504168068561	-2.34568054156	
3.55179420591	7.23127728191	1.53885410345	-0.450977841929	4.61537782851	1.04052712478	8.39846327648	6.49156461763	2.49148713084	6.21636875639	-5.96974924877	-2.35850756403	8.92845680632	-5.36121436358	8.99999997173	-2.01393754396	
5.23293729748	5.68778109629	8.99829363855	5.41262085594	2.00882649858	5.42457432658	5.10226355591	1.02146466359	0.999757999096	8.99677174608	-0.729602415758	3.79221041336	2.02655246619	6.28269687796	8.09063064824	5.11874986576	
8.80159006081	5.42698421401	0.444984884338	-2.58019445151	8.96454592566	8.33110562778	5.76221478864	8.99989427024	1.02120064147	1.92459437203	8.30077624179	-5.77667679262	8.10101452212	-5.98573195786	6.22129432377	-5.72827281585	
-4.22157171239	4.47322970442	2.00662407308	-5.66075678038	8.9999863016	8.97263464671	6.19380661711	1.39785377618	1.90017585691	3.60654374103	-2.70705188577	1.52596735649	4.12875177333	3.20122280001	-1.24429332567	-5.99786965843	
4.80281618915	8.99999999974	8.99999999974	1.02141255403	9.0	8.98589211231	9.0	9.0	-5.97148657617	-5.99995276373	-5.99999999878	-5.79560340905	-0.149429143705	4.59543287201	8.97614077146	9.0	
0.646479939983	4.52477989455	8.0079916383	4.73853286163	5.40596269496	8.9789174462	8.99999999279	1.02183075336	0.819386928873	-5.84899993319	-5.99623842799	-5.20778483288	-5.11667244677	-3.2619806704	6.47028896985	-2.8014667116	
5.50011116864	8.40369534367	-3.27244927603	-5.99966740313	8.62751167095	8.99999987726	5.52850736265	1.16368909627	8.98683275069	8.27229578645	-2.0656659294	1.42312561755	-2.49437663499	-2.7219630209	-5.12398979408	8.99999976559	
1.38907576582	5.12351599569	3.07160837292	-5.99530844609	4.27880090612	1.55554123684	-0.364352970521	3.89550380375	7.73974877883	-5.42362978336	2.39427733828	-3.17671927061	-6.0	5.82065179595	2.57439199597	-2.97901201401	
5.07689829377	8.60461108659	8.99447530715	8.99999976875	8.99955066748	1.42631450382	8.79711889582	8.95876975835	-5.99940597475	8.99999976678	7.40543092292	8.99935706992	0.944152147702	8.99999441613	7.07397669992	-0.478418798923	
0.596730623469	4.85062077545	2.74681231969	-5.94849405662	0.387450563057	1.47848258036	1.72952976888	1.284033957	2.23799488336	6.12383122524	-2.47888668783	2.04382871764	-1.13911754393	1.56501795043	5.40298704994	3.14673448828	
5.02862438147	8.64156309103	-5.98673746047	-5.97733881645	8.99290121976	4.5653683341	8.42077733394	5.44353804688	4.64376512217	8.24855955574	8.80745956126	-5.93610893102	4.74703177127	8.84282902931	6.56614453103	-2.85239472811	
6.93093685867	9.0	3.19648457341	-2.18908865651	1.68618254731	3.38541956328	3.50167048081	1.23814934831	4.70844793324	8.50295533696	-2.75939567638	-0.320374859274	-4.8239828004	-2.01338287794	-1.27088500794	7.3597425312	
2.67403869444	4.67645867255	4.18875473415	1.05746290438	8.45762131022	8.00327775361	7.25652837127	5.03157132169	-1.41086723145	4.24239831224	6.16863755482	-0.732601252311	-5.87540031758	-3.50889562957	-5.89174914607	7.88349186649	
4.70066105447	8.41819307426	9.0	-5.040791296	-2.16188894823	1.18037783361	0.284296571739	3.36547875973	8.99995736744	-1.80722308534	-2.60399626491	1.89295449177	3.71369146347	-0.647955567305	8.5940847624	-5.9996855746	
7.60984879095	4.89302885093	7.96456459395	-5.20218838004	-2.32503503725	8.18567649446	-0.555685857489	1.02129530459	5.15225222832	8.9999997661	-0.501867137022	0.205229345767	-4.3176728105	6.48491039958	-4.56138064709	8.99999872461	
5.2343493429	8.99999984491	4.34985209352	-5.97077642837	-1.6937484168	1.02508631665	3.0436811444	3.08394435133	5.05755783602	8.94356895038	1.56293554189	6.08577234617	1.56256080806	5.20482134882	4.80963104375	7.71788729554	
2.9176998171	6.5715961436	8.999999821	5.29469716406	-2.47519901386	1.1440910045	8.99367549311	1.62991178857	3.99708824046	8.77268051096	3.82293925779	-6.0	8.63788336255	7.60441903508	8.99999975888	-6.0	
-2.21118886627	4.47443617071	2.71834836118	-5.99999994432	0.509989321772	2.98257721403	8.3134304598	4.07779459456	1.02608479332	-4.20053285166	-1.15233653388	-6.0	0.561721381828	1.45156456577	3.0157860475	5.18535596275	
-2.6215263179	4.49550942083	6.4315060813	-3.2694623496	8.98366055686	1.3243723679	2.07943542091	8.60079890859	2.49118632027	2.08543917966	3.28837630264	8.94976888139	2.49869616614	5.52318872978	6.86587876338	8.98978827318	
3.4120259262	4.79071285152	3.05410600483	-5.92693495305	2.0560305794	8.93757638816	4.10170541667	1.02663368959	2.93160591198	6.817554965	4.33146458941	8.85429186036	-5.4911311272	-1.76241168044	1.48093800474	4.36454912916	
-5.99999181032	4.53685960793	8.99996913032	-5.99999994702	8.93762932302	2.91138526929	0.349090238661	7.04449625873	8.98023128004	-4.73377746919	0.995567809675	5.48187952636	2.42592534877	0.506626685833	4.39953080988	3.60945066979	
7.65195111641	4.83794975752	2.59862544291	-4.60990167381	-5.36800937319	8.59152618471	8.75418532226	1.02129824597	5.11396265125	8.99999417127	-5.99794441755	-1.47510687482	4.11750065651	5.28236943081	2.50708979146	-4.5922046998	
4.65305304318	5.58967601876	6.35007053889	-3.60626097963	5.22947014206	7.99482607076	-1.56425107938	0.913063702557	3.14124028622	-5.92018474889	-3.76492360834	0.669530284631	-3.63230956004	-5.56854890695	1.20212501893	-2.48714948061	
0.792160433147	4.89654968266	8.66923669045	8.86022775888	8.9223442457	2.74096225704	8.9999596615	7.16186501566	4.65190432429	8.98598787587	-4.9913825112	-0.334131806373	0.565711836599	-3.63714269397	4.44292826242	0.0880247724359	
2.60746506757	5.78959635691	-3.03083029999	-5.99881853026	2.35703680951	2.24375050248	5.32214901615	1.40390123504	1.57338680164	-6.0	3.28780337054	6.00918629321	-6.0	5.82934469868	6.65531054141	8.77285246113	
5.41819713719	8.99990059217	8.5718770275	8.85829589731	8.97360767213	1.30951085854	8.99999999845	8.99997500876	-6.0	8.99994139232	4.6471930564	8.99998864183	-5.97844970763	-6.0	-3.01867359506	-5.80493056644	
2.10957408081	5.00011693707	-0.149057709133	-3.29983161074	8.96473550436	7.01192895542	5.02190280916	3.47109916578	1.05401743577	-1.69237757263	4.15562231135	6.85705248907	6.36641544076	-3.74582980632	8.53274283761	2.11062413331	
6.78515106296	8.99981136818	3.7819236242	1.03090655415	5.81186950043	2.61126646303	8.99987003752	8.99987052139	0.51017027937	-6.0	8.59742517742	3.23224726214	3.71126592558	1.23247846539	-5.63389206321	6.62985831016	
5.79850661286	7.57280683614	3.34946257588	-5.99999477826	-4.82399391786	2.85126603259	6.01453734742	2.13469796852	1.04776464655	4.96181643883	-5.52997378777	-5.7227118437	4.68232680482	7.18595199827	8.97521073179	8.96960382956	
5.3797419297	8.99885582389	8.87081075565	-5.99489807262	8.99999851262	8.99999487276	-5.99999914452	1.37387345944	5.13496568223	8.76245045873	-3.25780972179	4.73372473516	4.14674931297	6.10007352407	3.50233643166	4.70932965479	
8.90217928239	5.40797348852	8.98268443105	8.83203495693	1.77140676614	8.99163224687	8.39203056444	1.02124905626	0.945025892936	-4.62892239004	1.32602933295	3.36980366255	-1.05563842178	8.99987762105	-0.520885372978	7.12939023639	
5.43103390691	8.99812329215	4.12169256516	-0.305401788246	-1.70009961458	1.03570421179	8.31879750211	2.64713883373	3.05236299494	-1.54606001636	-1.16432191661	3.11388917576	1.18503389689	1.07585639453	8.9492059058	-2.0829811089	
8.87539404756	5.03430769821	8.99009312221	-5.98831100714	-4.80106509799	8.99901351756	-0.202232797158	1.02129904831	5.10406106124	-5.59713133472	4.47710405507	8.99995135458	-3.19507615151	-1.41178038987	5.76144811936	8.6465151789	
0.887078332924	4.46641914876	2.31659956163	-6.0	5.69067491992	8.99894339045	9.0	6.63311009386	1.02142498715	-3.15355355786	-3.11724876382	-5.87040616191	-2.41092814184	5.77626359563	1.8790892964	-6.0	
3.54344218241	4.73595847349	6.00802393588	3.13542093871	-1.48821684889	4.33879068215	8.95963158737	1.01599960413	6.17825469881	8.92602731461	-5.69004685878	-1.29303306712	-5.69728998733	1.24645784831	4.86279802263	7.69043506848	
2.37101677299	5.92018203285	8.63877212037	8.92264659521	4.49914609653	1.24051328298	8.99860724398	4.6439123332	-4.79945885198	1.28463771921	-1.12026401655	3.06981250446	-4.69213797262	1.88579686657	2.07854253987	4.88781742471	
5.38963619204	8.99999976875	5.46278484784	-3.2125121916	0.828488414421	1.18812179575	1.66051277266	2.56993294007	1.57706895246	-6.0	2.83356588912	7.35457227246	-2.93547840378	6.62930637539	7.99955849983	7.9839502577	
5.60324812345	6.43370729041	4.43730484263	-5.49247858383	6.08792533259	8.99498418757	-1.36018011296	1.01856775281	5.5823525144	8.92460931441	4.22050138685	8.53538092553	3.54730765236	8.48280139804	6.41739027524	-6.0	
-1.50873025171	4.78823705605	4.02687159032	-5.82186782442	5.45420995344	3.01590473795	1.27821227434	3.47270022543	3.49670144579	7.3726688182	-5.91328751666	-1.37935155402	-3.92482553574	-3.02681115892	-0.717218874404	-5.86726197953	
8.98719034205	8.99674333813	8.99662890817	0.17229364879	4.05987898352	8.99897532565	8.9213815619	8.99844907765	0.959228401613	8.43763608255	-4.5852016459	3.96094419063	-5.99877014063	-5.82632137139	-5.03685338086	-5.76840806603	
1.59096304554	4.79058467663	4.90707044673	-0.887465303934	5.27221140698	7.70765286599	8.75924954565	5.12284654599	1.01590979441	-5.88367530321	-3.40721806228	1.89110800236	-2.62640076552	-5.29174091854	1.61725245224	8.15087032328	
-1.85083427329	4.53932496996	4.53936998162	-5.30098606553	7.82994092412	8.30971868192	3.32193387172	2.54977880546	0.918521400412	2.00549463101	4.74051445081	8.87546375304	-5.76027246589	6.58771962725	8.77736282071	2.88507872397	
5.23059916444	8.99999965288	8.72588886662	0.432812951515	0.198441500758	1.02132909812	8.99999478459	8.90490259798	4.839841398	2.65066516403	2.57952235533	7.10235836415	2.57092946696	6.20943425989	4.32494239806	7.21202509743	
0.490005473717	4.8986269017	2.30786709507	-1.28217150482	3.3500023209	2.02914231267	5.70092252104	2.40731970658	5.11370441848	8.99970835258	2.01397039357	-3.15214984884	8.53626296388	6.04720365598	8.39535170443	0.563046555178	
3.50181838834	4.55532320988	2.36801847557	-5.99999976861	0.990092649308	5.15743884485	1.66942066474	1.0564939088	5.09380715886	8.27623962342	5.85810592058	-5.95658896246	0.501585489704	8.98956699511	0.82657340734	-2.77261143623	
1.07945138618	5.06401314105	6.31434154506	3.60855919114	5.42971179586	1.18360968722	8.99991039241	8.00472652341	-0.512907520266	3.51954188998	3.82948468205	8.30703111724	-2.73006787597	1.50702474413	0.80995102325	3.15653036457	
0.416616420893	4.81374968706	8.99999976857	5.11381195106	2.92336798757	3.48064085861	5.99315147309	1.12905347235	1.03862081449	-5.4462206715	1.92955240864	-6.0	2.59870139273	6.22472376225	8.56258730879	6.1629208942	
-2.16858113197	4.54550219407	2.61060282421	-5.20768220838	2.45947934804	3.96263925021	5.19117924084	0.998231851278	8.29727907976	-1.80950411968	-1.81532286487	2.50437329921	-5.52868191687	-3.44243255834	8.91356042798	0.699248915126	
0.65321060494	4.94367332902	8.63817642925	2.2091780292	4.99804959297	3.16704734346	2.68816654601	2.86182445322	4.75089932729	-5.10333974682	2.25169275662	6.77453460119	2.57518457463	6.22004116179	-2.84347835124	0.131258934432	
5.28419267053	8.86663093285	8.9956366255	8.93908942731	6.88487534591	1.1305340839	8.98825704514	7.42066409064	-5.37856448235	-5.99917253875	1.87380430885	2.66548937216	-1.76199353551	-5.43342430478	-0.367173790862	8.33994885067	
0.532086431769	4.74423481737	9.0	8.85165865641	9.0	9.0	9.0	1.2704929123	8.62031617372	8.99999341357	-4.39023644113	-0.0047848066613	-5.99956410993	-5.99503526767	8.99999972286	8.9800344833	
-2.24284438523	4.79257266877	8.68020088598	-0.300606679458	3.18660742007	1.88977461655	2.86019586511	2.36298601988	4.59835781752	-0.533356581717	-3.05769544443	0.22587501516	-3.8764710218	0.478056292124	-2.00689277108	8.9931019387	
-5.72348160094	4.35493977671	1.93907816572	-5.98673514319	2.77126530827	3.0008805825	7.13818265606	0.995146974503	5.48856183118	8.17790633704	4.16509404941	8.50005011059	-5.55252528546	1.79952405016	-2.06454946929	-6.0	
8.97425698834	4.69884454676	3.92946716546	0.774907668606	6.59258943043	8.83097139995	7.58847593964	8.99955897445	-1.31650429788	1.4785248166	-3.3272796735	-0.0103360181297	8.74634270461	-5.31712834452	-5.99745969781	1.73507757939	
4.90719256511	5.13888529436	8.59410973294	8.32271323285	3.47108785805	6.95220718701	8.46262175766	1.17064653084	-2.52635743784	7.21228425488	5.25092075341	-6.0	-5.96139466075	8.99914352004	2.16151236197	8.43994565703	
5.5465263703	8.99999976115	8.99999942507	8.35879390152	2.24118658086	1.08962684735	8.51032064612	3.05069477279	-1.33547697399	-5.68859316533	7.73837944082	-6.0	-1.68937190219	7.27149335194	3.0351062304	-0.744850197042	
6.83056291679	7.35245084869	-3.01794555437	-5.99996156424	5.02251399287	7.38650967778	5.60610108775	1.90875966421	1.08173958682	4.96780454475	8.90740815916	4.1898363881	-2.48517869397	5.65914643251	8.9999696476	7.13389436946	
0.90924002484	5.03318644899	2.74036804673	-5.77282557041	-4.84271880559	1.03547293014	8.32317026743	3.03834570652	2.66762693722	6.55359060486	-1.68852925051	2.834303616	7.75442912123	-4.41980585883	5.40129846511	-4.24037637931	
8.88424615433	6.72788284276	1.32112492512	-5.04963079793	-5.90312901106	6.76081515808	8.95403110726	1.02132616432	5.30826908701	-5.94826802268	-1.76551857528	2.51099118088	4.1277252063	0.082474763932	8.99018963825	-4.1112009526	
4.53664027779	8.00784629571	2.67591282037	-2.53006743125	7.51792492058	2.3183763962	3.0984675714	6.24403690394	6.5705085729	8.38623012784	8.35150711251	8.64366524768	3.93432150331	8.15087704495	6.7615289813	-5.0399726953	
8.98218490069	8.913075126	5.0128371774	-5.01190507336	1.95621722069	5.34017086825	-1.27517271694	1.63883493294	1.14118178301	-6.0	4.34917922117	8.92156891113	6.15569677156	0.360474612326	5.12732687551	-5.63381388296	
3.76594585716	4.67857332802	8.99999830289	8.81292533212	5.52651023951	8.97647812692	8.98901928759	1.01924470178	-3.87244534809	-1.15302257626	3.82231122483	3.06341763131	1.32843745515	8.89685730075	2.97625001433	8.04111718651	
