-1.33489916952	4.79093919357	8.99999370993	-3.66652634207	0.0021102948028	2.19324160422	0.500688385192	1.05435906819	5.11356482933	-5.37059686267	4.44306191357	8.99991761427	4.37130421044	6.59326451399	2.55142425575	1.70635968382	
4.50553158956	4.73865674012	2.49083982858	0.745081886944	4.92813143586	7.66792086965	8.80152734451	3.78242321268	0.664657866186	4.84543019237	-0.695689640644	2.14338394984	5.40081901239	-3.96730944958	6.18822712588	4.76595019416	
0.192639548767	4.41901944347	8.99999999775	-1.75974005803	-0.714226466444	1.10343924645	0.86923142671	1.78905836903	8.98338302962	-1.31825092011	3.68340399464	7.70554203819	-5.07070051174	0.494375276981	5.51670624834	6.43267326678	
-0.552585855726	4.79254994937	8.99236946725	-5.99999500017	6.05234236816	6.93307054405	-3.89562649732	1.07499398438	5.10518186679	-3.30382923873	-3.89366133441	0.634953869664	3.4528245846	3.05514661493	1.16008022751	-2.11656795737	
3.8433403089	5.44615568234	8.36642007409	0.79207142656	6.67614710063	8.94892666047	1.1208526919	1.02372596474	4.47990144858	-4.45089825729	3.61884411142	6.54599883314	4.50663162826	8.62708206022	5.00329362101	-1.97395515199	
5.18870653773	4.79180045105	3.87509928066	0.86721751759	8.78635015652	8.4809328597	8.36470350817	8.27902845866	0.496427448695	4.86555592516	-1.67206191178	0.883614453119	7.77617417422	-2.96937425408	-5.57356103336	-5.80409650668	
1.64683237134	4.4762878868	9.0	5.32617498831	0.350204010005	3.16799137406	6.67632738995	0.830529093399	-1.024506156	3.87063608319	-0.980103400218	5.35631998232	-4.76003971136	9.0	8.96297360476	-4.58429160062	
5.32166340119	8.99946347691	8.96250405556	8.96314012596	8.99864507169	1.51726626432	8.96248198355	8.92417687406	-0.918865570222	-4.69238022207	-2.46540869484	-5.95251750709	8.98018354765	8.98123708561	8.98124421844	8.26140627306	
8.99999976875	5.22759402899	6.73386690125	-5.36380009189	-5.80029039637	8.76398008988	3.51793941509	1.0278556934	2.84396089919	-5.64752874468	4.40969186624	8.99999976875	-4.66627783251	-4.12463596089	8.9450577862	2.97726322627	
2.67039577455	6.44906079313	6.14252488815	5.1123889984	2.73414914196	1.04173980315	8.91189122913	4.05989141682	-3.63509784437	8.99808374935	-4.91346036224	7.0767198581	3.5903374465	7.54090109967	5.3603823401	-3.42263772181	
1.85292724716	4.75234816489	6.40522623036	6.48427864777	7.22800575792	8.40430423556	8.99999828405	1.04933409193	-5.32582849055	0.679196770877	5.71264841327	8.99242626753	0.572536756533	6.58919655502	3.08978998356	-5.73592894524	
1.40622082793	5.32533126813	8.14534537165	0.881536149685	-3.16367384428	1.02155979594	8.96205136163	4.32563652615	4.74937063128	8.46609280003	0.217196999474	4.73676522947	3.79958997601	3.931483822	5.34827000879	3.18735083522	
-6.0	4.66388508951	8.99999986916	-5.96814558364	9.0	9.0	0.790018874465	1.3934874836	8.99999999995	8.99999999978	-5.76836282398	8.99999999995	8.99998701997	4.68083830324	-5.49046019546	4.0424822884	
0.52659336208	4.48804651564	6.32491285816	0.937391320881	2.1982304311	1.05235651871	4.58441531027	3.36049994071	8.18812262578	-4.22326442535	-4.95534052514	-6.0	0.233395033648	-5.92526127446	-0.433437883505	-5.09029317746	
8.90129606116	8.76540653627	8.79076711778	8.99877605361	4.53256056038	8.24935361673	8.60613815041	1.02137511272	-1.37241376501	8.99976654712	4.09123388513	8.4422001082	-6.0	1.60607396008	5.15408411212	-6.0	
0.576666492347	4.9237267492	-0.551934502228	-5.96427520451	4.08412168905	1.02427555725	8.64373035853	8.97297739635	3.18234191889	7.0694854505	-3.47324467708	1.05556091785	0.977477311853	0.25129253001	3.38588805577	0.715400015455	
-0.29065889125	4.62269165683	1.04632169124	-5.99999447965	1.31847767633	0.999077097142	7.28232282687	5.94154352449	2.90509368849	6.40195105994	2.54610202922	6.92453356533	8.87552430038	3.33287415532	1.02164329006	2.17414922836	
3.01239562104	5.06025243731	3.78565972764	1.00106884812	3.44648504121	3.89238248905	5.89560008042	2.38853198733	-5.99999929503	4.29944945428	7.027008347	2.39731443772	3.87216336181	-2.62783823855	-5.99965458583	5.82328927513	
5.23927524416	5.7995134648	3.89292525817	-5.99880596314	3.2365546626	4.27581393289	4.37030098611	8.86665467775	1.02150465044	4.86465625171	-5.78905581033	-1.26040734123	-1.92574505016	1.18520528641	2.16192872996	0.0750382688223	
-5.16539304461	4.33467571659	8.9999729182	-6.0	-3.16849133629	0.935343820895	5.21608937616	2.79433880177	6.87747921617	-5.99556179165	4.02175477458	8.03398889668	3.30076725545	4.80871784208	-5.88920664554	-5.82060656667	
8.99940446894	8.19182058991	8.05629169143	4.08344191045	1.58721537163	6.26912575927	4.71893868833	1.02158328988	3.41583861858	-6.0	-0.324197719479	4.20437445534	1.76517122313	8.00137692098	7.19736044222	7.0205079242	
4.90004887671	8.55190772267	8.99999974354	5.95023049772	5.55937280348	1.85409284005	5.50376350209	4.80433562171	-6.0	8.99800379218	0.0391321135053	-0.391445043137	-4.90337598567	-5.9999997686	-4.37045529247	5.79549836095	
-1.84465694793	4.72612492852	2.48974211585	-4.42587282367	0.321397150345	1.65905716425	5.95840733018	1.17509451781	2.57509588813	-4.41097564507	1.92049230722	6.48379583719	8.33909535341	-5.99998091225	-5.1702013303	-0.650936054373	
8.99396179019	8.9999997691	5.60819129776	5.92681838024	0.656165714797	4.52957657512	8.99999997772	1.01673556895	8.98192881007	-5.85380137384	-4.66241196203	4.83163838646	-5.99502169605	7.79527344583	6.59605625032	0.43763361772	
2.26673144644	5.82080021695	8.8210663301	7.3852983768	-0.0646337537346	1.085078728	8.98103074828	1.91822213067	-5.79507851671	8.80836161372	1.56207836638	5.76376208234	4.80668891288	5.32092012236	7.71135347675	5.95390744532	
4.93693810934	4.6880356867	8.99676895952	4.38272289917	-1.52624154352	7.52520804684	8.99722684786	1.01370259532	5.39492873299	-2.17140850334	-0.220275788551	4.47760529939	-5.44971451773	-1.2532181866	8.19004741188	-0.374146368311	
2.81821208038	6.59095459728	4.96715099679	-2.31317869826	-4.58638642032	1.02503625655	8.99437720413	3.09466211973	4.70084574911	8.58726586683	5.85339682257	8.61505891672	8.89513865253	8.9108746674	7.37948039155	-5.99868077522	
7.69080605828	8.96659283947	-4.44044040559	-5.8449803175	3.74495960154	5.90872419509	6.85295711274	1.05877386367	2.24047029236	-5.65661762761	2.35027819319	6.45099054485	4.82634850546	-3.61898667126	4.70751416032	1.85443523683	
1.67664629628	4.4226260116	4.85184312901	-5.99999963141	4.54352820234	8.37647239508	0.333248519843	0.911393173181	5.35896362495	6.69757962637	2.91818383307	-4.02946513609	5.92631581672	8.72324369787	8.52376583948	-4.12321415633	
-5.99999999772	4.63820217076	8.9039576382	-5.99999999773	1.5595378475	7.16862886395	6.20412104872	1.06746865552	7.00661718767	8.65303181466	-3.33742694929	-1.87287311454	-5.9999999466	-5.19885169453	-2.97966043535	5.99947335817	
-3.9409089321	4.36776437024	1.15301760096	-5.77317834471	3.74313930176	2.08911820615	6.24813872819	2.72377762867	8.99993579018	-3.98943208634	-5.99930483045	-5.99758380343	4.98632117866	-5.34359123789	0.535260380399	-4.6273156885	
8.94641802521	7.9138640292	2.41758387137	-0.720255892614	6.46844717521	8.13708663925	5.25410653454	3.95934442226	1.01104195362	-2.80817652425	4.42576107689	6.92452715131	2.75208085869	-3.11052707674	3.62539019503	7.95308880887	
-5.83617611723	4.47019573756	5.58033512553	-6.0	2.61108836674	1.4004133392	3.64828075436	2.39076124875	8.62200823741	-5.65848955274	-5.99995584562	5.69871449934	2.93532499537	8.85052288379	3.27660418268	6.20798864576	
6.51767776752	5.23803032744	8.79895446172	4.20487855961	0.550511463963	7.18219597541	5.5391276398	0.989888440045	-1.76258785095	6.64139850056	-3.34623403281	1.82748877824	-1.69970662131	6.1371991818	6.11473582772	-4.59720030182	
1.43578797178	5.17043178904	5.37839727168	-4.38999410319	4.81709077609	1.02765277366	-0.575761803288	5.47543611647	2.1651138292	-5.54937775369	1.6306848821	6.62064793648	1.37011076022	5.79176718056	0.955414855787	3.35328281204	
-2.40603329944	4.7909534901	8.99999361582	5.1135941189	6.25981385032	4.43364930537	8.13438301182	2.85408013833	-4.33590042094	4.3558797573	2.10626872964	5.68303037807	-5.20992221171	5.58273603393	8.99446137138	1.33557711203	
-2.79157105515	4.78598115936	8.99999976255	-5.99999976885	-2.25920881409	1.01976088453	8.55726347671	8.90495687515	5.1200441455	-5.90968457133	5.24767594536	8.181921928	4.1624964385	6.84972431509	2.90871384731	-1.06357676225	
-1.74960853301	4.79127703555	8.66883864934	0.582921460822	2.18717118669	2.06157242648	3.55645685467	1.43120720714	4.80598598701	7.41691079798	4.44279610663	8.9999999299	2.224115574	4.21481244091	2.11812087611	1.79066307086	
-0.743099003792	4.79061724262	1.86220009314	-5.95907717521	8.99999976875	6.51820653592	6.91872729747	7.89232755235	1.0213013612	4.90699315674	0.785417708309	5.31262491331	2.96533172059	8.99999975673	1.15372715076	1.28484252267	
-5.68513338993	4.7907018802	8.98828611958	-0.596297058636	5.99443667878	7.47984681089	7.20725713716	1.03530289332	5.21826613581	8.70026383639	0.531887663987	5.01737725651	2.99095389962	7.69446401747	1.2445438102	2.67111252397	
8.99999999999	6.06373765577	2.47086746854	-5.9987697223	-5.99999999993	7.31272807049	6.72388479911	1.02124063517	8.99172665895	7.82373786778	-5.99691124688	-6.0	8.10628379324	-2.65637958028	-6.0	-6.0	
1.64594132627	5.42735125518	6.56892174882	4.07430594563	2.09740863143	1.66906318915	6.35231877764	1.69801061869	5.07288800028	8.99999976875	-5.57066377935	-1.04189670746	5.25692021733	4.9385665553	-1.42929901163	-3.78798694742	
1.46700405243	4.36864012101	8.60871093455	-4.81647012583	-3.97695034693	8.99994721404	7.26987626849	1.020762626	8.64510407713	-0.25673966134	-4.4688346985	8.67625301995	-3.08539510656	-4.69928384715	6.01741170737	8.99979903698	
5.86093681942	7.03370079111	4.28477322549	0.878427986252	-1.70523758101	3.59251633397	7.87103695574	1.01197324243	5.15350672881	8.99891881026	4.01272871548	8.57865973053	7.76370582183	8.91115213591	8.99999974701	6.50674870437	
-3.98638517489	4.61946268703	4.22306428667	-1.30412638328	5.8062183449	1.06629059934	8.8442280818	6.70108927052	3.48992504377	2.05877102474	6.69130264033	5.66936277882	5.02104438021	5.46694281609	7.05725998588	-2.57565600451	
8.87599977239	7.08013827271	1.12716575642	1.28836631362	3.36323348924	8.93228346587	8.7539508971	1.02368167082	3.27286176097	7.1671207281	4.40807369677	8.99999976875	6.85310598708	0.823311512112	2.15698038571	-4.37084287372	
-1.76394625208	4.36847333363	8.20268122961	-2.77375762043	-6.0	1.03260114304	8.59948820472	2.61502307535	8.99999998404	3.34912873683	2.66610377702	-4.81139499054	8.99771069202	6.50434151564	-5.98822073073	8.69735415364	
0.0342593678392	4.79124591291	7.63073318581	-5.99994874158	-0.988469883101	6.58296940746	3.51546766309	1.02184331118	3.89952230059	7.26651432552	-0.762920352692	3.76620668806	-1.94532390837	-4.74140711205	2.41302791683	5.37417311687	
2.53920565267	4.46829680849	9.0	-5.04391140985	-5.96982389054	9.0	7.60662773639	0.976494550654	8.99999115141	-4.06186307624	5.77768865274	3.17474993576	-1.75299641842	-5.99718213826	-5.99981884299	9.0	
6.34290476025	6.9222674959	2.95222166619	-0.365178241632	3.44892672309	4.60428181956	5.31488726236	2.99401413948	1.11639047944	4.22302436016	-5.95352803449	-2.18660733137	-5.46698262938	-5.99657620182	-4.45982324524	6.79199752723	
8.75108160791	8.92929605264	-0.0749484840385	0.60190672444	5.82406465215	8.73844892313	8.98245820787	1.41471353578	1.05668274798	-2.30466308102	-1.93050556551	-6.0	-5.43999828533	-6.0	-6.0	-6.0	
0.307271441777	4.67801534838	0.447478269177	-0.239860762059	7.44425307866	1.36620927586	8.76177005415	7.36052907587	8.99999976875	-2.56954892536	-4.54170132952	-0.265581062561	-0.368345417752	-0.317566693595	-0.628365894985	-2.24442336484	
5.23200246412	8.69742120156	3.90181486633	-5.99938921252	-1.62877199203	1.01129120061	8.99938940189	8.99999972201	5.45414680411	8.05824167257	-5.65351784476	8.99980041168	-5.96340805934	8.92285925369	8.69463278697	-5.68509377769	
-1.11644768947	4.79639332693	1.67048128036	-5.89704190621	8.81834397012	8.99999998267	3.70080185569	1.37798441971	1.59128498262	5.48542796235	6.3880716275	8.99958046987	5.32380985332	7.82259216315	3.64030508815	3.92502353653	
3.99932852067	5.94306419201	4.38253336722	0.803560074578	8.66071185229	4.92122560407	5.04075552059	6.6204499678	0.6372789608	4.76214120634	2.90466646316	-1.22828168449	3.8530229616	8.66144390806	3.70064770905	4.18705948406	
-1.49776327934	4.79077517281	5.15800857138	-2.53320945392	3.63609083767	3.86211917963	4.20224971617	1.58297286715	1.27243001723	-5.84498426127	6.52805471695	7.04457219213	-5.99681930429	6.36557212927	4.35035039397	-2.47453279291	
0.427894029275	4.56565289479	-6.0	-6.0	9.0	1.15208722807	9.0	8.99983021006	8.99999988254	4.74174339772	1.08003508677	5.3127855206	5.84077965795	3.73095253642	8.89372177352	2.12046583132	
0.661305720698	4.80440452066	1.35690917078	-5.91621069551	0.723925389552	2.38763933262	3.38032527572	1.05075590634	3.62709580822	7.51683602876	0.184877361993	4.77472324392	8.94412542642	4.13978356781	-5.29875930113	-2.49061141804	
-3.13666835014	4.79072275515	8.99939408185	-1.09290701523	6.65891120541	1.57100556847	2.7961396854	6.25307530011	5.41436711936	8.99979255343	1.83868212765	4.24780422873	7.31953023952	5.71688143146	7.61991296174	3.66152621588	
5.65358983592	8.99999999974	8.57181170806	-2.80480383578	9.0	1.67405064726	-3.10364279535	8.45663194765	8.99296246778	-5.8779519351	-5.99667599791	-6.0	3.95862879376	-6.0	-1.48313381808	-6.0	
6.41937968729	8.93598000147	8.6196485786	1.11934654501	-5.6137604849	1.86042946949	7.36828724924	1.08749065415	7.94132515305	-4.62214325308	-5.96448831206	-2.2543359336	-5.99733211067	-5.29641980068	-6.0	-4.14533013445	
2.64189663518	6.05803268848	2.6193339293	1.35621302486	-0.365134457639	1.04716465913	8.99995501217	1.67396172252	1.94830180449	-3.60818561115	8.59924840355	8.41341978618	3.73232315237	8.99974214623	3.55323471198	-2.36124571218	
-5.99235203336	4.86891728964	7.76663399248	-5.99746585604	2.15331201759	4.64488833671	4.61448023665	1.25106800122	7.61642267443	-5.56196911801	-0.776588679074	3.51551973203	7.88234633123	-6.0	-2.1911750243	-5.82337535082	
8.99986624401	8.99628783768	7.88874032344	4.33108514425	5.32317794985	8.99619776707	4.94097607457	1.02730194058	-1.40351316699	-4.8002618097	-5.09608858523	-0.694812747605	-5.99999976861	-5.99999976822	5.25580212615	8.31612097314	
3.29705282112	5.29165622341	7.8265957199	-0.0793528593935	-0.175995459286	4.09801417388	3.35470924346	1.17246106247	3.44941484757	3.49571537591	-1.79266877647	3.1309385108	2.57400104626	7.77572286231	-4.61228785365	-5.96366089926	
5.63043019725	4.80686568368	6.40529255829	-5.01168324512	-4.52777688012	7.10321979107	4.20778321808	1.02145200055	4.34898461235	8.23206852134	4.38784619077	8.97888459547	-4.55630590218	-6.0	6.59237977671	1.93045748011	
8.99657532536	5.55322490733	8.07646767969	-5.48265559754	-6.0	8.06019408202	1.82629560455	0.99818715726	8.99999994332	-3.21576579065	3.85088887404	7.8637720468	-5.96244084075	-6.0	7.31697732993	2.82698089183	
-0.335493001498	4.42884346494	3.63604848542	-5.59413403018	8.87548168668	1.22453988314	0.599043512972	8.99521570468	2.73812746547	4.42954418312	7.55414323791	-3.47140530647	2.09756810008	5.49709268367	2.25361632791	7.73865618733	
1.37457297241	4.83863859499	1.64518200767	-2.17654707649	0.936873784629	1.05677929404	8.74771405536	5.18733089329	1.45330334154	2.62189574567	3.62713087116	4.43397087034	3.69982281523	5.94585087466	6.02174696139	-2.72522258748	
3.34160484368	5.98574289399	5.68999265468	3.46344472106	5.2340012948	6.35864833027	6.39084554732	1.05272837434	5.10037898277	8.99998548507	0.179281216186	4.76930290515	-1.4987044264	-5.99166894326	8.84684020176	3.5133025497	
5.65178906996	8.99821808675	9.0	2.59781545177	9.0	1.32241624512	2.06256687765	9.0	8.98791901511	7.77205829955	1.39650302694	0.526819144161	0.0377082718776	0.0856452662033	-6.0	7.12600677936	
3.68127401598	6.44015205386	1.37470133621	1.2073480128	8.9994989195	8.9997348795	8.9123556758	2.42180121294	-4.68422046038	5.47607147973	0.786607801642	2.71126030009	0.210667733883	2.48654341674	3.2685632116	8.8714283929	
5.09115142816	8.86115140201	8.99931450669	-4.28426154109	5.73447791636	1.0221589386	-2.00151771679	8.42844517745	5.40094688321	8.9758077405	3.04642378883	-5.6349836372	8.09561217511	8.99999563929	8.98366499636	8.99999771495	
9.0	9.0	0.138887311101	-6.0	2.90518701488	4.47829131533	2.55131257542	3.35328386818	0.971299311226	3.11775468341	1.75343684633	4.03629335666	0.162148757956	-2.22064376949	-4.45364952214	8.99999816596	
4.2050400083	7.97508961888	8.29298084963	-3.43795692702	0.88983415125	1.02144229226	4.39150537165	8.42490537712	4.40578885799	-5.96060369741	-3.5271496342	1.00149735926	0.310079648867	0.192765982542	5.27730856229	3.21690619371	
2.81476854876	6.59307421632	8.99999962017	5.10985156881	0.173799129396	1.02148713528	8.96606751152	4.43434734534	-6.0	-5.89411541694	8.91220170035	-5.89179874583	7.55492758251	8.9350877232	6.00072563688	-0.0229105241532	
7.15048034798	9.0	3.57624438153	0.924177088516	7.13177554073	4.30410196086	6.27278429167	6.18989263418	-5.99637193527	5.39516407052	-0.258053294287	0.212894242768	-3.36961032803	2.58291373569	7.14293156211	2.57757191201	
1.41148285081	4.99099480945	8.63190839875	8.99999965607	4.38141628296	4.20339053643	8.98417976644	1.41933457168	-5.24739978128	-5.18230119697	8.99302261879	6.08598198	3.18113774667	6.99187303857	2.46049950998	7.94134485155	
4.03244337734	7.77764755726	6.08127123841	2.06017385231	0.947911369702	1.05154806063	8.70223669502	5.0784503789	1.5674188104	-5.13891583787	8.15921355026	-5.7895420974	5.5930343283	8.86174912363	5.91584172086	6.6906427863	
0.621218540091	4.79395144113	4.27049134338	-2.67473513118	6.06210084084	5.82678763961	3.76726822834	2.97919502786	1.03439123003	4.81072720203	1.86025914215	2.50144672384	5.312292433	7.60752060273	5.2470428536	3.13603718779	
5.82004529564	8.79556556056	-5.99814575239	-5.99862454282	8.97365580303	2.10543653597	8.89869645932	8.99605156858	1.09734936865	4.98379705921	-5.9882900689	-6.0	8.29832867513	-6.0	-6.0	-5.93575802495	
5.74661034582	8.99858518181	-5.99999985546	-5.99999835499	8.99999907827	4.7338266033	8.47301848206	5.62762441769	1.32640115129	3.85956433939	7.31018188238	6.59527269141	7.81872440064	8.99999614996	8.99932212874	8.78944555199	
4.76003636937	4.79314718554	-1.43296007613	-4.40937327054	8.95482715284	8.95222104301	8.08333289899	7.23335284053	1.02093390495	4.90938768825	8.67306755075	2.40841635156	4.94736474445	-1.84058959661	0.0339264635956	-5.0527571327	
8.69594828722	5.05971346717	4.90840440432	-5.92460029033	2.1041718404	8.76362619342	4.96479970712	8.97870485913	1.02126295552	0.944311816996	-4.71902877009	-0.190405372003	-5.90512702588	-4.60840738583	-5.99999008055	-2.68826126547	
1.62389317388	5.32001561456	1.74587082188	-5.99999983672	-4.97907444559	1.24673111792	7.3848032086	1.41323722263	5.11374982931	8.99999976875	2.3635641457	4.87458783073	8.99999976877	6.87750776247	8.54802564076	3.85921356405	
3.59735838196	5.90828288342	8.14402036309	8.71948326995	7.68555379792	8.95464292113	8.99540832397	1.04406545549	-5.981215093	8.64463367708	-5.99793421984	-1.64578498019	-6.0	-5.2495598661	4.33690933117	-5.67830985317	
4.4738807376	7.7767565635	-1.09238866937	-0.649185550036	8.66155089646	9.0	9.0	1.08603623999	8.99966693159	-2.9866983189	3.09836003602	7.6487155583	8.73215298626	-6.0	3.28444357063	1.71240341662	
-5.93260016215	4.36772617232	8.93477937636	-5.47616979844	1.01875320009	8.90192877294	8.58973550405	1.02131868695	8.9994271314	8.99985697711	1.14229432835	3.28694823385	6.9345455964	1.7268340985	8.97127826831	1.20580592417	
0.97688726765	4.58691364256	6.69539433913	0.226688048886	8.99999999981	8.57476609346	2.09719865581	1.58514377448	6.82932822916	-5.99932149349	-5.38060371526	-5.94165992221	4.94789492797	-4.87638341556	-5.9990736651	-1.73318049434	
-6.0	5.05478959242	6.42827417623	-6.0	-0.272070504903	2.37076355273	6.25534444066	1.27368067773	2.89451128901	5.44424278485	7.98771385549	-1.28747760721	4.73733958573	9.0	3.0714248446	6.48755682221	
-5.89219363669	4.57741351139	3.08454803923	-4.22324043348	3.38026577333	1.57084653267	8.049988398	2.90762923475	2.86270567135	6.36206717182	3.7820849	8.99999985256	-5.94831524595	4.14382356328	3.4199715523	5.73542552214	
2.64912434833	6.22563624685	8.85412449352	-0.0907277442014	8.99925382314	2.24633620689	-0.556475639471	7.8178628074	6.08451438887	8.98597183843	-1.03409815652	3.55114223764	3.17389146268	1.09181728784	8.81401453511	7.84247427067	
8.99999899613	8.75460006538	-0.430026550837	-3.43793710162	8.99998822151	7.29889135678	5.58126092007	6.73978647742	1.02130504903	4.90786229641	4.05236730516	6.60900980863	8.4569927244	8.07786167348	3.76753264083	-2.48987166476	
4.35729108961	7.70400498523	8.99092131427	-1.5056573335	8.94068945544	1.29362647234	-2.00091269409	8.99999999769	8.74036796817	-3.66025510275	7.82270500342	7.37758484663	4.53918594876	0.196189377864	-6.0	-5.2644766486	
5.39505876397	8.92678815529	0.96097250654	0.875729686613	7.59776699187	1.22263574264	8.86364622535	7.9956679395	1.93251112842	-2.75553430366	-4.03254948246	0.190371293432	3.77128264399	-0.0615273648711	3.7946510609	-1.77021166471	
3.12645107137	4.79070075494	4.91859623635	0.219791586171	3.3593066887	8.93737052878	8.95960673832	2.62021636662	0.95972116948	-5.99969673283	-5.99999976921	-5.64426618482	-2.34418973938	6.30577974274	-2.55273255503	-0.507529394959	
5.42074946453	8.98732145981	8.93676586653	1.68384793975	0.277686099678	0.796191373933	8.99513194467	8.42656364011	6.45145941431	8.99983158578	1.11772982333	5.53858293798	8.71496203706	8.99903531248	8.97238080675	8.49878771961	
2.59457307574	4.66923109288	4.50013542695	-5.92015136594	-2.13480719467	3.2574539748	1.9356501458	1.09616012402	4.7290561978	-0.408067959854	8.74236639941	4.71631628867	-6.0	7.17718422738	8.9364578388	1.55038279606	
-3.72514879381	4.7031104004	4.66549228107	-4.53192301213	5.07987793223	6.91331229058	5.96286250112	1.09427096637	2.32696647398	-3.50149313746	8.88373900763	-6.0	2.85345287766	7.35664602858	5.6393559828	-6.0	
3.70313396247	5.46061252262	-1.07027131085	-5.99999983736	2.5845580054	4.6685001869	3.7769753907	1.0694045476	2.03300070806	5.92294342909	-5.93048346882	-1.33987674255	-6.0	-5.99956059571	8.80818649002	-5.90733988013	
2.17735059731	5.87766828209	8.95342952882	-0.0298943128147	8.97513174258	5.18433455459	-0.596890299499	4.79434562571	6.23236339657	8.93981190225	7.9368299878	1.85040945851	8.72436013562	6.88464305045	8.9975804851	5.7061864589	
-2.44297715257	4.55247215236	1.81183666117	-5.75575310975	-1.61599288933	3.13057961101	8.9651268255	0.996245472559	7.9089566963	8.9976585507	4.2572221953	8.58102573526	7.2875367915	-0.0851438885918	0.895953512476	0.0569323169859	
5.31513807913	8.95412162462	-5.99767664217	-5.9027830673	8.99689896993	1.36888664795	8.90036426034	8.98583309201	8.17236502303	-5.44586088731	3.87012075521	8.29961964625	3.54046443266	-5.94796457748	2.49690044768	6.76163383901	
2.54538425459	4.8084156507	1.2302493105	-5.9967445478	-3.87274633675	3.82585741792	7.55243409819	1.02200337234	5.1225458559	8.99999976875	-0.786945369682	5.10248165663	5.42766618427	8.99958224873	8.62056403193	8.51366723306	
-1.43724105625	4.82179791098	4.26734195915	-4.80618383771	-2.96706681176	2.61539204594	8.0717477533	1.53153287311	1.42694858326	-4.59787991298	-4.54881729239	2.44547088837	3.34903656497	0.516666137472	4.57343748887	-0.903977070515	
0.762048782687	4.3667420167	1.78128489727	-5.99999985908	8.48134351342	8.83182668193	8.94514466567	8.97575539677	1.01981040733	-4.00140143472	6.18124026208	8.99911006929	-6.0	-5.99928686169	5.08305964774	4.27705478331	
8.98323132542	7.64949856412	3.715447521	-5.99999976861	-3.13262630185	5.93593012477	2.83708478705	1.0220382788	8.92411540913	0.749623750884	4.64926379824	8.99999351262	-1.59383431584	0.701781013594	2.80416452465	-4.89102389735	
3.90163054115	4.95395308157	4.55725929365	-2.35637966798	-1.20242739154	4.25140823141	4.40997262471	1.02157322752	5.04406159937	8.93394325643	7.86048783521	-5.95717578965	0.350349149444	8.9999997873	6.341847645	3.34467563467	
2.93699947382	6.28863267254	3.19762930568	2.65192013086	6.09075852507	1.04000528184	9.0	7.44894829153	-3.59223385665	4.00398750054	0.162202949428	-4.85535091245	-6.0	0.984953056318	7.62052171471	0.493324924624	
1.14315792998	4.99413928477	2.61475641158	-1.8821334024	1.2926622123	1.6715225686	4.81502658238	1.28619625329	3.25047964964	7.1370757485	2.04284585579	4.04152937038	8.77893635347	6.60763901103	8.42641830658	3.79457921813	
1.76846700494	4.39821825874	2.53377961755	-5.99999999792	2.98436298832	4.71103856272	0.809504406853	1.191034293	1.52938547743	-5.99925141441	3.78189610213	1.21693921058	-2.2596750231	-5.99989330776	-1.47977180822	8.66337375779	
0.788081150114	4.79445583781	4.91041951446	-1.68380898209	8.85922877117	8.20013593291	4.35809241622	3.81187722328	1.02320372152	2.78207834532	2.42668485117	5.10230068185	8.09481749712	8.82120405525	6.98181419278	2.15083483529	
1.1024308942	4.69783951353	-1.36136855189	-1.3817731183	8.92143770804	8.71777044197	8.4551961417	1.31281271713	5.02259548849	7.78573243456	2.63286514017	6.27803046038	6.06914141048	5.61423213074	7.51764161144	2.35853230029	
2.65630381311	4.36875444333	6.69651856317	-5.5217029793	-0.904742043844	5.31738064183	0.533653798786	1.02142200575	8.82092276239	-2.10492201924	7.56018102734	-3.98578517569	0.59125464162	-3.52622679641	2.2132622761	-5.86438182427	
6.44289798652	4.3688772118	5.23687114515	-3.99619273319	-6.0	9.0	8.51012656874	1.02134346774	8.99999990497	-5.29156205136	-0.123108922418	0.786693111189	4.35530921226	8.99494236661	1.40707060527	0.30503348438	
-5.98478259515	4.79072416577	7.13525369875	-3.92871446523	7.29028763183	5.38254790549	4.53662012037	2.93694124076	3.24894573743	-1.09641139543	-5.92519799413	5.41846234328	7.96391963881	6.14846367447	8.03768634611	-5.87226326309	
4.09133507874	4.79369335536	8.59155031587	4.11798534594	3.03519183798	8.72272763368	6.73292169217	1.02133352746	4.57508708487	6.52415127462	3.89183792946	8.49050065051	1.05448948987	1.29077428934	8.98823710387	-1.55702937667	
4.1188466746	7.87510343705	6.56072847198	-4.58513418286	5.7497029114	3.9215864401	-2.55833905081	2.86350329068	2.80747973619	6.11522097884	-5.99666888432	8.50259187161	-1.8916723135	8.9999997914	-0.728527256553	-5.09120725598	
-0.805654158967	4.78808844698	5.73717741669	0.515165269178	2.16294469479	5.9326617299	8.98210375029	1.04510831277	2.30132128448	5.99464413932	-0.751342987879	7.17877704867	-3.99583973238	-2.26163558552	-2.92967259788	0.202859142041	
-5.9999962179	4.368152764	1.72892579053	-5.13289320439	8.96824509674	8.99998389609	8.64115989332	1.30713509585	8.9999916908	-5.52246482652	7.72569130902	-4.22354882491	8.98148505789	-4.93748320478	-1.66743218018	8.14048186756	
5.84967278955	8.97986590242	5.02512352012	-5.89799831855	6.75172608389	4.75282486449	-2.33414606622	3.66180532386	1.13517176973	-2.29959045141	3.87801677979	8.46793584438	-4.71836737489	-0.029712187062	6.97747056987	-5.24660995584	
2.77285255331	4.5940348485	3.84445348781	-1.64675237179	0.530238030495	4.6466974774	5.23144428289	1.11884637606	8.96782794742	-6.0	2.79919480268	6.80501572814	3.35118025017	-6.0	6.33120677485	2.35841719343	
3.03143011825	4.78478187045	8.6150533877	2.97883407943	1.21329163749	5.65637048673	5.37422728928	1.01828618737	4.7313879182	-3.8863799832	-0.129963455547	4.44928004585	-0.538147884733	-5.46458313933	2.54170267436	5.74820370647	
4.94670214452	8.52369450367	4.58596283047	3.721431208	2.57633113465	1.10405841015	8.30287366334	3.26635617178	5.96739232994	8.99776222995	4.23162580027	8.55216491559	-1.15685978889	-6.0	8.99779222055	2.34391137496	
4.51876328955	6.71847885459	1.99608628145	-0.746401028226	4.98688347436	3.72943157878	5.6471229206	3.77558884042	1.09215070468	-4.3559656372	6.39461302507	8.7827007746	-3.40873214875	-5.88927094851	6.02545545208	8.96548830868	
5.42862443026	9.0	-6.0	-6.0	5.43425883392	1.0978202155	9.0	5.99480897155	6.20760975956	3.57288621789	-5.74661715999	8.99999999996	8.89085546209	-2.51025013142	-4.51114726829	8.2303042289	
-5.99698688678	4.84589585099	3.7914517411	-3.18015361547	8.99999977053	8.9982449716	8.99999976875	1.43834497498	6.89491503452	-5.99304142306	4.40546348386	-6.0	-6.0	6.12196529185	6.90797189117	8.61130744157	
2.51457677005	6.28440314963	3.89356372209	2.46666703644	8.99467542314	1.70408724501	7.28121996606	8.4330006611	-5.09521734976	6.35510225475	3.01886659312	7.60711251925	-0.574190119015	-3.55588438413	5.60150945516	0.802664890746	
2.19970532515	5.97648378683	5.04553042303	5.51533844339	8.59853335536	7.30305108939	8.99435029375	2.23292117056	4.98338903761	8.93791294542	-5.6777359445	-1.00048954469	-3.09702410794	-3.55776374349	1.6741008516	1.57452094838	
8.99999892463	7.45742335975	4.86492305986	0.39776464028	6.05614840921	8.84443491279	4.12151508835	3.54719348059	0.906249347516	3.89274010709	-5.63600505891	-1.12878807259	-0.581978006155	3.38538621687	3.07214205363	-1.26558021076	
7.23145887953	9.0	8.9695889754	-6.0	-6.0	2.61223372592	0.297854361856	0.976629216779	8.99999937105	3.65312290357	5.09850078343	9.0	7.76100443813	1.5051065223	-0.671644005788	4.84946637485	
8.96957915079	6.06544840535	-3.05658541623	-5.99966446175	8.85126994698	8.05362367187	5.51050526907	8.29148596805	1.03765018485	-2.16553073355	0.0787869249808	0.981005843522	-5.88968711052	-5.66134722579	0.636470983073	-6.0	
1.91729783977	4.90038527342	0.338766891034	-1.50588721766	4.53511330927	2.21942108961	8.21751604032	5.62939672202	1.18620083109	-6.0	-4.34227784176	-2.23239591409	-5.57315812848	-5.25271591288	-0.981935296965	4.91674769665	
9.0	8.99999359096	9.0	9.0	-0.0842579811626	4.3348581944	9.0	0.802479235359	-6.0	8.99948116894	-4.52890363446	-0.325731690121	8.64892819626	-5.9432942285	-3.6074190669	-5.99915758172	
5.97667638709	8.99999925272	8.99999976875	-5.68436253708	-2.68020879394	1.76966774624	-2.30856184567	1.10672445611	5.1097926911	-6.0	4.4092698733	8.99999245894	5.34746206249	6.87196587446	6.98077698788	6.42313323137	
-0.16106118214	4.80945329334	-1.78289090118	-2.74098096495	8.99999899734	4.53406875722	8.99999982628	5.65762285546	1.51024673124	5.39638205975	1.90584473272	-1.138723347	5.136020161	5.75056724952	6.57683416408	3.97860312577	
-5.99999996427	4.44762221174	5.78373117882	-5.99999996658	-1.21577364789	4.37625952481	8.99999995693	0.986038576997	4.81960135814	7.93316092386	8.64864605231	8.99781078099	5.08152582275	8.99999977063	6.79849856133	-6.0	
-0.567851984183	4.78527668987	3.16710523257	-5.39377579873	2.50761294399	5.38652700127	4.49033444429	1.02205122816	5.01438298773	8.80801249034	-0.697149424677	3.74412020757	-0.97132773281	1.13959865341	-5.20029638723	8.96049917271	
4.80986902477	4.78863523206	-2.54144207922	-5.75798949187	8.99999932569	8.72124287955	8.99996736094	8.72087969812	1.02119596472	4.90353995336	1.56792275268	-4.52507662877	7.82570648981	8.83411576297	8.6867752316	2.83202351198	
-2.51988762814	4.63205599661	4.41640493829	-1.57189832075	4.68362853734	7.16896685718	8.48797894046	1.04233308226	5.5994242044	-5.81680060145	2.85968891674	7.10203288774	-0.721850048267	7.03748615848	1.68353065633	1.38192863421	
-2.45589733785	4.3677440901	8.99940543961	1.98217172829	2.8397667302	6.75739853605	8.54129728012	1.02138621747	8.99996417516	-5.61532026447	8.82799000268	-1.73814892914	1.97776423136	-5.68990904397	-5.93929829542	1.48710899861	
3.18979588121	5.5144300047	3.75789132795	-5.20718298219	8.61555824013	2.88901889284	-0.0154714762012	8.55562745717	1.03410544873	4.88939725057	2.49854662702	6.37807598265	-5.99832762764	7.8002116969	8.98858203197	2.28675963419	
5.16653517006	7.60187785684	5.83430906644	4.16870806294	1.73185101353	3.1288033131	7.0043368505	1.04176500047	5.05764885511	8.99999977726	-0.644048864993	3.94697034214	-4.73441843162	-5.08912174123	5.07150553362	-5.71320151501	
1.79159856443	8.82607566581	8.99999976881	1.55638303935	8.99999976875	8.75279840768	4.70985621797	1.56951439744	1.09722196979	8.96523624318	0.766266854634	8.87742706434	2.7196905305	-5.6278586216	8.99464494276	0.995694415293	
2.98709407953	6.29716485067	8.99999661895	2.89654287561	4.44435413748	3.44904933137	2.0672653957	2.06020455136	8.73805159636	-1.62982585532	-3.92497361492	-1.50852604663	-1.62625733908	-5.91838187484	8.27388513887	-5.43732105124	
-3.34689574436	4.69949380179	7.86356773433	0.165659072456	2.31408531619	1.12674114013	8.99869539251	5.95884990239	6.46781872987	8.83073071593	4.19451704195	5.46250948415	2.05250711771	8.49932111325	1.69502446051	-5.98475869368	
8.99063326716	6.86305284713	8.99999994151	7.57703326863	3.5228283204	8.99999726524	6.74377039504	1.02130570734	8.97688076599	-5.96234657265	-2.3853745417	-6.0	-5.99986196014	-5.97714984988	-3.88730637722	8.98800276116	
5.36515050051	8.42512354979	8.45434543726	4.56712100564	7.81876104458	8.4345043945	4.6999662524	1.11559426782	0.380959016338	-5.81058715598	-1.43223356612	3.09646749264	-2.62159920164	-5.99999420723	0.359435106592	3.32011661953	
4.39109457349	5.21860922692	6.65648286234	3.10798081177	5.8573440323	8.99991956047	5.2420222126	1.02455646718	2.39231330803	6.86206016458	-1.59486386273	2.9362779008	6.41660787526	5.27654742336	8.98971054483	2.7957733286	
4.77719310127	5.68441898509	-2.96092328277	-5.93320728477	8.41838964829	4.05823921578	6.31639315688	8.94572147472	1.0217588134	4.91202312864	8.60763093718	-4.68578609522	-3.94628992875	-6.0	-6.0	1.806888389	
0.910775915634	4.79424075528	2.27707269615	-5.99993359083	0.375859655268	3.46204882136	3.51330334687	1.02477571094	3.4661162306	7.35608027043	1.31902086502	5.909071006	8.81076785336	5.45042458303	-5.75298404397	-2.47464290858	
2.55659053205	5.79203788253	3.53040347052	-5.99531191979	3.59784877377	3.80954734452	-0.890388458109	1.3923009476	1.52789449008	5.40918075479	1.4673420816	6.46063730617	3.39303550818	8.69648588698	2.32417007607	1.33383644364	
-2.30731021304	4.79285738456	6.828727995	-5.99999980545	-1.90640917456	3.79157097679	4.78779242623	1.0224934121	3.97779462882	7.82645757185	2.2787380885	6.86938109828	-3.48141005563	-6.0	7.75007618267	-5.96461030989	
6.75780373139	6.8046221284	4.66261720321	-5.53890512627	-5.9631735165	4.58816230656	5.30552959379	1.1139181792	2.48059086351	5.7734014177	0.242255599058	4.5409409969	8.681908473	-6.0	-4.51662723958	-5.74717263542	
8.96870527655	8.92873716747	5.53622731715	-3.7493960645	-5.9848415248	4.35846973411	5.66058746468	0.891292538007	3.75302088676	4.65604725945	1.16533892674	5.14749941614	3.40506960184	-3.33697441541	-2.64155463005	1.20220234937	
6.97390425484	8.99999981464	7.21936321689	-1.28661031391	5.72919802965	7.46451123918	0.0826355429946	1.03132028159	3.32946228914	-4.93387326486	0.743198233401	5.33317435189	-5.48399120268	1.62660364573	0.0157914460414	-3.37966769087	
1.11060491676	4.98816098004	0.518540088731	0.21638306446	8.54566924038	8.87186678197	8.99998772767	1.29209552562	4.53333061868	2.89822981958	3.30820105417	1.61468345504	-1.76472407064	6.56398781636	4.68114717476	-5.64200945296	
8.91202819363	5.14520450859	8.47833307274	-5.49475010813	-4.97633047222	8.81453851801	0.868141683453	1.02129917751	5.22422935319	8.99985943435	4.41011882162	8.99999962071	5.93390752496	-6.0	3.94174176623	-5.98438071209	
-0.452891813156	4.60807693324	8.85365527536	-4.26278501703	-4.77627602542	3.39889978009	4.84694437938	0.935683539072	5.14089222458	-5.43785455589	-0.973468373051	3.49051797405	-1.85731080423	-0.243430891949	4.53306229311	-5.89061701652	
2.93523684114	6.27780580188	3.20553990347	1.57494199287	6.7578273455	3.84109210922	6.85825482984	4.24658094967	-5.59168039354	4.57021792492	-1.38196716422	2.56319438241	-2.87952169798	-4.32428196998	4.62119707205	-2.85049362336	
-0.837178470263	4.64379732643	7.95468140491	6.15823047803	8.71812702858	7.12482810991	8.57449048575	2.65919764939	-4.46717794956	4.95365512898	1.30441508528	5.38004088714	0.579706927832	4.528037045	5.65677308267	5.23487641304	
1.63563063665	5.50218309269	8.93187091458	5.3520469686	5.18882556074	1.02160432031	8.90770277729	8.99228364192	3.86761119398	8.97888664821	2.5793599483	5.27644286496	8.09586579306	6.80942493496	7.66019158479	4.97544076787	
-1.70799780874	4.78594503113	7.22363686107	-4.07055778537	1.66493330028	1.92015803505	0.520245417048	1.26954805016	5.12327701399	8.99620856436	-4.89220321819	-0.309566060566	8.9597484963	-2.40735974921	-5.09479207433	-5.84095710501	
2.49644125836	5.8571603494	4.62479189499	-1.9087820753	8.94118810341	2.86348335165	1.65072695967	7.1054007111	8.67620132017	1.62820745637	-5.99608178491	-5.31493251744	-4.05109137931	-3.83023814215	-6.0	-3.56120207255	
4.21982390126	5.35298460471	-2.12866500239	-5.09416194272	8.67873016221	8.36322778412	5.76236790109	4.1142488487	1.02207884332	4.91173455133	2.5228596439	2.22482185618	-1.33579878126	-1.5766077613	6.57281491221	-4.72233216519	
5.20065583886	8.96978522565	7.62208625702	-5.99745049081	-4.24337776913	1.02210360695	8.19955424224	8.98860022347	3.7349002011	-6.0	-5.99802292276	-1.46940504043	4.51923465036	3.76874545047	-1.52721410545	-4.22251603917	
8.93013577757	5.06358251248	8.99997177737	-5.53536999422	-1.54964585465	8.99388503822	-3.04119301952	1.02129053788	5.40590986747	8.98954563151	0.0239080990665	4.61382406848	-5.81002665735	-5.91687208174	5.67984084753	0.0486358485113	
4.4637687335	8.153071854	0.905984426078	0.306402924777	7.62264664779	3.29414320071	7.90805153025	5.38007433447	2.88351871285	1.3622379183	1.31771311993	6.02260220459	-4.94731907996	-6.0	-6.0	-2.48771973806	
2.90535897137	5.46192250363	1.31803246694	-5.65052860825	0.17443331782	2.34110330272	5.76701038769	4.21646640161	1.04287054439	4.93306791709	8.8829710491	-5.88680439638	7.54899197679	7.62138376026	8.90037471094	-4.56606199664	
5.53458818135	4.90973611312	8.65582554109	2.71403161376	1.02643273282	6.3457143315	3.56990723442	1.02138769944	4.7634842576	5.67334412991	0.860000617429	5.40481858955	-0.509515614864	-5.89037809184	-1.24213707678	2.50036415564	
0.737301431867	4.54958472816	0.743794345713	-3.11505485206	7.66444383255	1.04097780394	6.12587164892	9.0	6.07616696232	5.42044909415	-5.69494630852	-1.59549803369	-5.48393495914	-4.32460483653	-0.701895561163	6.93439988939	
8.99413534138	8.98559946145	-1.49184546853	-4.69980494262	8.9867238977	8.99815400841	4.97446355786	4.45090190372	0.915633785337	2.80121982906	5.57561682135	8.32183247591	8.9996062124	5.66086354786	1.90044031125	-5.92025819932	
-0.195880679014	4.79076589551	8.94991108882	-2.50336089439	6.04005497667	8.8477378228	1.15889722733	1.02196024781	5.3904018565	8.99999732779	-5.04980879216	5.42245604755	-3.92459697671	8.73515985534	-3.02781919407	-4.32923336707	
8.06731829611	4.76912976146	2.24716963699	-4.13766810062	5.69068953278	8.99968227388	2.33448184848	4.93201781834	0.9310706166	3.80435827598	-4.23863801882	0.156548271309	-4.7457668804	-5.99999164885	2.50719783879	-5.7143135832	
1.98074484792	5.81460978775	1.64289183885	-5.99999977816	-0.874086401787	1.02285539724	8.99999977653	7.11609406223	4.71364882937	8.66147446595	-1.86421701899	2.05548755368	2.20805179379	5.28904535866	4.83350024815	6.99191497122	
2.14999254144	4.60207289721	6.23699195607	-4.55184196951	-1.00516992691	8.87756659882	6.36317764871	1.02131466814	8.89821290344	-5.34976530708	0.640322617756	4.99245346225	7.47926787913	-2.35415125884	3.13652209743	-2.60395569169	
-5.51075746789	4.36604182606	8.56980902783	-3.24951005613	8.99999978524	1.3708680794	3.13049576309	8.90613385387	8.9999469867	-0.394122677286	3.24712940094	-5.9731943392	-0.135111807313	-4.44309867617	3.14245606681	-3.8277131098	
8.50716503094	5.02778065111	8.67992595263	-5.96308532471	-5.88572110155	7.95334845953	0.532867651641	1.02036092849	8.99999990531	-5.74579249926	1.8927623912	-6.0	-5.24004348753	8.99999268105	2.81499117535	-6.0	
2.76904358298	6.28445925856	-1.90669936395	-5.99999962628	8.99983812825	1.42031794629	4.50187249887	8.87583218435	1.88736190427	2.5317637482	-3.31682334176	-0.87109450177	2.28206611057	5.55615483456	-0.209681599352	2.07569425054	
2.21181605449	5.48493563516	-5.82446124095	-5.99941914224	8.90204126251	8.9986455369	8.25377786453	1.26730619896	7.63680856426	-4.74855688917	-5.99990227122	-1.67019039096	-0.655297389405	0.898447139375	-5.85875989121	-5.57295780842	
4.37268769097	7.82753068857	4.85085338837	5.19064523223	8.90557649055	8.88447521894	8.90497448509	1.33452826799	-4.2447691727	8.99999820004	5.36537624391	8.99999999254	4.63193560772	8.92373086586	5.43557673565	1.33990142106	
0.216689173568	4.85597422205	8.99993611586	4.93261599486	8.71845733591	2.85022325167	5.3955951871	6.8960187624	4.63603046177	-5.57112361121	4.12554691886	6.25734067192	7.9758252323	8.88825797674	4.75761482076	-5.24683889976	
8.99986196682	8.99986198346	5.73151591495	4.69787625976	5.65377569768	8.99986194929	7.13002348781	1.02156502002	8.55141063615	-5.91056732206	1.94642001306	5.96235791544	-5.21317802081	-6.0	1.87245809536	-5.71904229996	
0.116904098596	4.42011755471	7.15203637126	3.64261211245	6.33831591359	1.02132875604	8.03325955692	8.7610638504	8.63536714539	-1.81076038312	4.11362142343	4.74328996886	-4.15446602754	0.370749721146	3.97807980974	-0.774093610276	
2.85102075753	6.54199136241	2.79551289103	-5.28380080594	3.39819939915	1.03428688964	6.00600646916	8.99999810674	8.50256557634	8.27487716219	0.459189702907	7.67131954693	2.60391392014	8.99998618244	-4.49028089832	0.284256878804	
-0.944149703575	4.50011574197	1.71867827967	-5.99902423277	0.915886456507	7.29909665604	8.9860185655	1.02530502271	7.93015989339	-5.1617364748	-2.40129159025	2.09548630803	-5.89368208571	3.86616715594	-5.91542482057	-4.29434278109	
3.70386180333	7.07728030866	4.92266300913	0.939868468757	1.61173349148	1.42001277634	5.31919970822	2.33657742546	0.245527916333	4.24459449248	-2.03646653334	2.42391985056	-2.37821704802	1.40092502121	-0.531777478086	5.50353513604	
9.0	9.0	8.99976786357	-5.89176895883	-5.06909409503	4.36779404868	-0.637206748457	1.02156807289	8.9999977433	-5.58501462494	-5.32824008833	-6.0	-0.678810360299	-6.0	-1.0137974796	-6.0	
-2.63858983987	4.86022333127	8.98454103451	-5.95857261165	-1.78533162496	1.04922766319	2.56444853389	3.33207591546	5.54575574832	8.84972173017	-5.96514196749	2.4228251202	-3.9096150599	8.12197368562	2.20895585953	5.18719741079	
-3.79326028612	4.37698790747	8.99862266057	4.72126238701	8.99999976877	8.99118170597	8.99979145455	1.31523148417	5.92140677771	-6.0	7.46051862307	5.76942386866	5.50646352573	5.33971043474	8.17192499237	6.20904107772	
5.12852156452	8.7764198533	6.85604607356	-5.99999963823	1.1175190425	1.25981426305	-3.63880701676	1.63114264232	4.8409861351	8.7225808115	-1.17538255069	-1.25774595197	8.95186198483	5.30451779886	8.90799343265	4.25507949794	
-0.245290140753	4.39071848293	9.0	-6.0	-5.54664547289	1.02141314117	9.0	9.0	9.0	-6.0	-0.93942725377	-5.83162459178	8.93260625519	4.17205996191	-6.0	-0.782623702273	
4.02181637183	5.23296152385	2.82331088194	0.738718076227	2.34043678536	4.04178292596	7.0108321167	2.4076494354	0.795141928431	4.93586831893	-5.74666533891	-2.60764568083	8.97586170699	-3.38184250645	-2.15434492144	-5.87597806369	
6.29983689069	8.86368872376	-3.13905786407	-5.99637955106	5.41641777045	5.54137557363	5.44528906217	1.80391738864	1.12864523381	-1.15213833075	3.42477211668	6.94152689926	-6.0	-0.524892696456	7.08840996792	7.67167930555	
1.59983632401	5.22170475319	5.16569880552	1.02034664763	4.80660084857	1.3706327341	8.80113030126	8.96467937651	0.930711043673	-5.83147950078	4.44143835407	8.99993465386	-5.82922166427	-6.0	4.60001697566	-6.0	
-5.85490965111	4.36803948475	7.61668972144	-0.376966275453	6.27479923569	6.54691223	7.50509385974	1.20717738886	8.96798058161	-2.52478755245	-5.98341926015	-5.96115796203	8.93213053581	-5.87593917696	7.19609858498	-5.94946398811	
5.39275559604	8.99985283283	8.98773846671	8.99976500504	8.97514660989	1.23348217029	8.69368336203	8.9984154773	-6.0	-3.22185348909	4.09624687619	8.75448162002	4.29412390492	-5.64957389422	4.05662365029	8.22859307592	
8.9999997539	8.96590072523	8.22154202449	-5.13080544857	4.23653114388	8.9766037793	4.0843856737	8.93488235937	1.02167323997	8.99999976666	0.47274907533	8.96893213743	-1.03893601398	-6.0	-5.99569005957	1.83534633065	
8.98705176794	8.99996582107	8.99994316976	-5.99999191333	-3.46791215146	8.99998146093	8.99999286475	7.72266935008	1.02313875521	8.46837150841	0.415631944988	8.99999359887	-5.85882824033	-4.58389489247	-5.97870366095	-5.89059735802	
0.294361318801	4.78802823046	8.99859948472	7.91044047301	8.33586402251	1.0792920059	8.9985921856	8.99999976946	4.97033990983	-5.21391378079	-4.8482322596	-0.0967342332526	3.44486850272	2.77203325047	-0.531949615698	-5.99758433238	
4.22584526994	4.85982217347	3.93084572767	-1.59892197066	0.566809442577	5.12312610866	4.47783880448	1.02143293532	4.56683127945	8.45401068903	-5.30296940309	-0.77430309706	1.07333648013	2.44255090898	1.94495942447	-2.60062117655	
5.31066468642	8.88573964983	7.65770910946	-4.12225998892	-5.27013131948	1.04275233708	4.14289351848	2.23794634581	6.45818065763	-5.01599365349	4.12086459842	8.45327932471	2.59389640394	3.07881230058	5.76992011993	8.7337053802	
8.26799924419	8.92220363342	4.64332711082	0.721134771979	1.10315087405	4.13656373548	8.40638850129	4.84515324612	0.720259868429	4.56759154404	4.42090612803	8.92700764217	2.81122439287	-0.846386326009	-5.43973345209	5.74492296779	
0.89777704547	4.79121914659	7.97735914634	-0.0366843615442	1.54947194797	6.46684383325	5.61394709131	1.02130192411	5.14942812019	8.9969700265	-3.96379164453	0.564998505574	-5.14533762471	-5.99889761026	-2.48543882224	0.476885157835	
3.95597301095	7.54510381875	7.20435901588	-5.99998738378	2.27965440629	1.01900693458	1.71174676807	8.79309875668	4.73999371771	8.16758800572	-2.66293527209	2.95566417306	7.88998815186	0.875515723526	6.2333288158	3.12070378001	
3.89230769073	6.84639960359	-3.84235562225	-3.97867738834	5.24471434559	1.60911655248	9.0	5.96227480753	1.04712761794	-5.32372612547	1.49742560239	1.82415601644	7.19014930693	1.86682727027	-4.96910584716	-2.01969927163	
5.653603689	9.0	-6.0	-6.0	8.51338854202	1.74355335675	8.25493375535	7.88249427088	7.86818829936	0.791322756934	7.38035811207	8.64223723697	5.50451495674	-6.0	4.23946379939	8.99139009524	
-0.781631405557	4.37689672972	5.64754513404	4.66529914689	7.16083390766	2.97367438303	8.99995415772	5.21474620605	7.27669607746	8.82340781493	-0.188667210955	3.91660822908	-2.12745873129	-5.89766364503	-6.0	-1.62843568584	
2.30503745637	5.80123949948	1.59300228699	2.14801846067	2.95134629606	1.52404312721	8.99893286212	2.61218682067	6.3660947138	-6.0	-2.30776591096	4.13381796552	7.82057437257	-5.12600449215	-4.2938699104	4.32029464125	
-3.40993078195	4.79122566201	8.99994633182	-4.23909026852	-0.733456295505	1.18699105714	2.20362515974	1.52517793717	5.11274041869	-2.88031969344	1.82994370776	-6.0	5.73177973045	6.32680675753	5.23958579437	3.72998667769	
-5.54087465283	4.7915415412	8.99999976862	0.812119673601	7.49599786864	1.03468506914	8.47909137925	8.99999982296	5.11226899117	-6.0	-0.215548409787	4.3202074881	-1.33565724652	-5.99721562608	3.82198938778	6.79326148543	
3.77291775631	4.90654656257	3.67631970833	-4.27307575896	0.124838978698	4.34813087437	2.22494613773	1.02154051789	5.11000827119	8.9999074902	8.54666420844	-4.87046787993	-0.770783206663	8.9999982747	6.77443699873	-2.38846394151	
5.60388119498	8.96199471214	8.8211255258	-5.30655676901	6.7996838292	7.00111657179	-5.53908045162	1.23317550185	5.33054506573	8.99948525088	1.39160572921	5.98150247776	-0.803928729572	-6.0	8.9357074515	3.53578403806	
5.62289723567	8.99999976876	8.49457632672	-5.99999978536	8.83232176298	8.99998756799	-5.90731326093	1.24661427968	4.60711446436	-5.84990702762	4.12538427315	8.65628751495	2.93578664892	-5.80083132765	-1.91679128055	5.89561325259	
2.54475601253	5.90401106341	7.27339989188	-4.08815006247	-0.456670218174	1.0213994281	3.97766095533	6.70599987093	8.92934227478	8.17562329057	8.55418561952	8.7211679224	5.43013970495	2.63484978917	8.99888157212	5.12428731843	
2.48902845263	4.37143655236	8.78993348001	4.20897304614	1.44856252751	5.12443512882	5.79468846357	1.0214891393	8.99536826881	-6.0	-3.2524505861	-5.99287103299	5.05335847453	-4.47690939073	-5.51558650786	-6.0	
2.54561906508	4.69582111495	2.41952220225	-3.08877088969	4.27952864558	8.21202266324	5.39892673884	1.02013252368	5.62788437042	8.99957963358	-1.61604876342	2.49658089068	-2.20615612757	2.78699235489	-6.0	2.39771607021	
3.85770376743	7.61438311554	4.04775860084	3.40095657518	1.61236666084	1.0801858303	8.94541514558	2.5728936898	-3.37590373041	7.28824702296	3.39467877897	8.22690919756	4.73990007612	8.99999982044	4.91401783171	3.59064390536	
8.99999976875	8.41240825165	3.9969301154	1.0214921345	7.12911082367	8.15939618246	5.61409174765	4.35095588323	-5.98068259119	4.85524166451	8.62248691187	-3.95835611272	3.00469505372	4.30941987277	0.394793551334	3.59081866609	
4.56641877026	7.57053805223	2.46023126946	1.0488611473	8.99927228476	7.52703428174	6.92021141533	3.09286334263	0.677557370949	4.81869481534	-4.43093193758	2.9574354672	3.04219132821	-5.9889028953	5.04941947353	7.14548006354	
0.555539147165	4.5242167953	9.0	0.21889727175	0.36436949014	8.66514382605	8.20404352653	0.972156318766	6.02461155324	9.0	-6.0	-1.45832085839	5.50617898793	8.99980898237	-0.717995605244	-1.60946151853	
8.99992279871	6.42159568155	8.9991541992	2.54708765573	-4.39113519789	6.95012464703	7.12807688183	1.02139561903	8.97018608254	-2.38236355704	-5.99921511766	-5.94432754144	0.561647125785	-4.67988520147	8.97478600283	-5.3661385085	
3.01422165937	6.43378458414	3.72066185088	4.17068271129	8.99999515886	1.3356480064	8.9999998935	8.99999509968	8.99981874895	8.99894887589	-3.46881939391	0.210941557195	-5.6250390275	-5.92854486055	-5.92447016458	-1.93033999933	
1.88532224018	4.78592531031	8.99947819276	-5.97696949594	2.69678089209	5.52081547933	-4.43602145054	1.0202619212	5.42937058747	8.99999996915	2.67625087986	7.14256823039	4.19490654482	8.9701622039	2.68366693823	3.61975731957	
-5.99999999874	4.64678371138	6.7102728086	-5.14316638992	-2.66214577199	1.54849715789	8.14062075895	1.336773415	4.1619831706	0.0521824890084	-1.97746042619	-5.92155136214	4.77707802658	8.99999994028	1.70949385251	4.24519123711	
4.22281322037	7.99398679463	8.50739523505	-5.99999985522	8.11924802385	5.11151977148	-5.91850690204	4.02956283682	4.61749364708	-5.88049020953	8.99999984686	-5.61907747685	-6.0	8.8130872265	8.9999906035	-6.0	
-0.0570731597694	4.36735875239	7.01754013657	-1.50655991641	-4.01134765735	4.26812399078	8.99999888984	1.02243668976	8.99913414141	0.490856104517	-2.83167389686	1.18384433855	-1.92369424172	-5.99799862637	2.15792554916	1.25134869204	
1.5465466861	5.00635877392	6.66613876848	5.82086333884	8.99546901454	1.55690664711	7.58141993738	8.60956210741	-1.04964136437	-6.0	-3.95607259396	4.59019123729	-5.84006599325	3.91223813775	7.88665459417	-4.30975618639	
3.14430049459	6.1013191428	1.35682288549	1.07206632343	5.37766560715	2.81444658357	8.99995151309	5.09398882427	-1.59124842683	5.69562113418	2.94746876259	4.73948689551	3.92044504977	-1.33458154084	5.62918994381	6.37480622671	
1.46434806001	4.43531121836	9.0	-1.80640970916	2.82145273869	4.01863356481	-1.79390160042	1.04848204294	8.9824050612	8.92895543298	7.60536575269	8.9516368893	-4.88520727113	6.3996206359	4.38402929149	-1.32459945297	
4.21779337267	4.6002885369	4.34080988671	0.847873188346	6.7570182077	5.9045711178	6.26713228854	6.34455479748	0.361223192171	3.83145586916	-5.36401998823	-2.97230584549	-5.98009953902	-6.0	-3.52393680125	3.53837252941	
-5.99999999999	4.53657765536	8.94795285616	-5.99999999999	1.0998225161	1.04291838497	4.53304544551	5.11359404959	8.99994024016	8.99980767036	8.99906946895	8.99910059676	8.99999999976	8.99999999976	4.92722565553	-5.63567291835	
2.04550110723	5.85043300626	-5.96209903488	-5.93068909341	4.2453758964	1.28868092762	8.99999976876	4.32446386517	3.06800792801	6.95438070736	-4.88818310766	-0.313758100925	1.38653892619	-1.18135962672	8.98941975101	4.32856376394	
9.0	5.22809226735	1.51247520256	-1.77037526932	8.99996069971	8.91241088019	5.78264404127	9.0	0.974414179994	1.04179646651	8.99777674706	7.24338165071	-2.86822151983	-6.0	-4.39499186788	-0.20161935481	
7.01042303418	8.99621887271	5.73399047031	-4.61140225066	-4.71924557574	2.4254286221	3.58323440166	1.01142760547	8.70867448628	7.87970047373	0.5352312497	3.26092370201	-0.935290902066	3.99587872813	-1.67226399505	8.99918126831	
-1.83782190953	4.76471686579	1.80305030654	-6.0	5.43698481273	1.06643940271	5.63937842891	7.40922391715	8.51708532406	-5.97260270109	4.09693044617	8.60547337171	1.06732205616	2.59391599868	-2.73847544457	-4.9757894083	
2.40516592608	6.19143209106	4.52082767554	0.672582327302	8.10410029296	3.94970819129	4.75698884235	5.17748013392	3.55165302772	7.43889251978	-5.53437293981	-1.00572057101	3.19585192029	-1.8121840096	5.69045786367	-1.26261908292	
5.23005331523	8.99998674125	8.99998982475	2.78244275005	0.976754084063	1.02129931719	8.29625284433	6.90344124267	5.11076713405	-6.0	2.22656869507	6.75519205533	1.04184195219	-0.79513001606	3.57791126111	6.5400504547	
8.999998997	8.9999146742	8.99998992448	-5.97338579504	1.82798813576	8.99409590813	4.44548474285	8.45544363942	1.02556265251	8.45351091914	-5.99998931783	2.5650007276	-2.38955303241	2.0273526978	1.43326655647	-5.94450349991	
4.11069938182	6.310500227	4.92768068598	3.08811695021	0.316537455675	2.51820290818	7.39999393773	1.04501460107	1.06315849107	-6.0	1.87275447249	6.73425366932	3.4941910017	8.1095442429	2.59634307728	2.98510990138	
3.99054600819	7.57356469376	5.36339020362	1.45700041636	3.67527214134	1.20841000504	8.23337538632	7.22772802101	0.136322238452	-2.93315875516	2.20508342535	6.75415936145	1.79920212494	-6.0	8.00158498346	7.7576677853	
4.9083666751	8.56813926826	4.74845407121	1.75086125561	2.00037636535	1.15821146202	7.35702589596	3.72954016896	3.7978752527	7.07188936154	-4.22463675912	0.370934054976	-5.5760720974	-5.37803890286	0.202205052481	-5.92360927993	
2.79762143029	6.1512212592	0.977967316312	-6.0	4.60790513993	1.02140223297	5.57717870235	8.99216850823	6.76042105099	-4.38637938229	-2.76366695279	-4.5297137272	-5.9997804161	-5.67629797903	-5.8477138851	2.21095024103	
1.41747645821	5.33350109346	8.99118512246	2.85714134896	8.38452767243	1.8170371172	2.67490806711	7.66453770824	5.10247035777	-5.71819067546	0.29944159764	4.81833688276	2.61805802438	4.05933091722	3.49425376151	2.60122823665	
7.81500731509	8.79354343571	1.08263654493	-5.96980355002	5.27659333871	7.81425844768	1.55767602417	1.10512520381	8.25653392483	-5.91357692091	-5.99852485627	-4.47336446096	6.65677656114	8.95675363507	8.99012119451	8.05189781608	
8.99035324117	8.9907857976	-3.14646791648	-2.71336112288	5.41060038331	8.99078607888	8.83096751113	1.02136546424	8.53470805777	-5.99919479908	-3.05453287341	1.29689761669	8.560301819	-2.26006575867	-3.6443894004	-3.84780819058	
2.60152232155	4.38392526111	8.63884506193	4.71688956578	-1.2499392029	4.04399950163	7.97277576631	1.02255149154	8.95123705983	-5.56851354445	5.26628408031	1.26846184089	-5.93777916063	-4.7382694391	5.14021037395	8.68452876103	
4.29876818728	7.36324040363	4.9024794872	0.921967368372	1.67425480329	1.48708956538	7.67474836468	5.01776028476	-2.34675372188	-4.83401414732	-1.28223152556	3.13835656112	-2.90884672987	-4.88933645517	-5.56551939005	-5.95413194768	
8.99933120369	9.0	-6.0	-5.72030674798	5.73208848312	9.0	9.0	1.55818821631	1.26269294935	-6.0	5.3538547795	9.0	8.98804179338	4.46003800844	5.52552824538	3.91533278022	
5.23005975876	8.99999999506	8.98925461017	-2.78345866671	-5.93589373348	1.02128461561	8.83447238283	6.08418705844	5.40851205442	8.99999281774	-4.58874420857	-0.0601951715656	-1.19918157714	-0.867557600471	8.99508478455	7.39110901758	
6.76818137142	4.71192044174	-0.948886438394	-3.17420788208	2.6210107306	7.6077767011	8.37832793026	3.87526284369	0.978249198157	1.92522727963	-5.86122622882	-5.96038204834	8.16245788779	4.49544141715	8.62695944484	-0.479208293097	
-5.6450862178	4.3685807656	3.881180105	-3.1173949149	7.85678393673	1.05283383951	8.99998997115	8.99329797636	8.97195744869	-1.71848628746	8.6972761458	8.99980340784	8.86929816255	-6.0	5.17547281795	-2.59086421108	
5.15007391262	7.28117369618	8.29866121182	8.91776116765	6.82805044058	8.07378472357	8.74982367644	0.968056027649	8.84658434604	-6.0	8.99663166323	-5.46332632726	6.64757208577	9.0	8.9819569985	-5.7159971763	
-4.28897645679	4.38815555734	0.755580038558	-5.999693195	8.6275739442	4.19206556278	6.70522237461	5.39900631083	5.9937050368	8.72091426007	3.17351711016	-3.90047956994	-4.5105421773	4.97658232733	8.32771900564	-5.37735200385	
4.26215802027	6.18195071042	3.35943492002	-4.30853591989	3.84652692771	4.92932835242	0.940606005095	1.81010270933	1.10542749985	4.98147099407	1.04990960151	5.56967884925	5.42935345249	6.62263745947	7.45420120494	4.48813864378	
-1.17277781223	4.79295181982	7.28064854291	-5.99999978469	-5.86660110768	1.11180783266	5.21591701794	1.75654722626	3.39437574607	-6.0	3.90116991642	8.62765700176	8.52388814864	8.9751091675	8.99329862521	8.51481719782	
-5.96229847948	4.79085050586	8.99925330074	-0.3154376189	5.67430034118	8.41249924895	8.99463978455	1.02210466245	5.11269280448	-3.74812715849	7.85977715111	-6.0	-5.99993148191	8.38587718016	8.99992482019	-5.95242737357	
-0.188009983741	4.81572964418	0.485237378744	-5.95188006691	8.95427818551	8.0917655734	3.43967250664	1.93968262839	5.11001404113	8.99999892548	8.8863792402	-6.0	-6.0	5.69010694873	8.99934761036	-5.3895813658	
0.755381792373	4.78817215787	-0.147129904507	-4.57581519805	-1.65474522452	1.02704244158	8.98620857423	2.90443574918	7.58343649582	-4.95036499067	0.516895301331	4.86899258542	4.01909064993	-6.0	8.43814245889	4.21181209275	
-1.12461940389	4.37054949379	7.10927980044	-5.11437182763	1.3798037778	1.02157817976	1.32568086826	4.61653939877	8.9992136529	-1.30934839079	-5.59155632633	-1.67972799726	8.89817324206	3.62159030115	-3.99534993766	2.05672543378	
3.65902448757	4.54861314432	2.13164544974	-5.99999999374	-1.31322899944	3.91571321291	2.96642375169	1.25076021085	1.18148455996	4.18396879624	-1.77576085572	2.38495594802	-5.54037712821	-1.10121744445	-2.26539609534	0.322789765069	
5.26563323208	8.82967493831	9.0	-5.1166083259	6.29986686867	4.87991064032	-5.98003806823	2.37598921113	5.59586976231	-5.33469622538	4.65739663659	9.0	-3.56110714736	-5.93333584962	-2.10400837696	-1.8005143599	
1.64555420552	4.36787622635	9.0	-4.87071622534	-6.0	8.57448746035	8.24345803359	1.02146262124	8.99997301753	-4.71538337765	5.59964329419	-6.0	-0.209518562026	8.91965105923	1.72892878903	-0.0826953703922	
8.99153743616	5.09166766924	3.96585572739	0.988527805434	6.02917548007	8.99626317298	8.88272564755	8.99695563653	-0.117535282803	4.85899348229	8.77353853679	-3.50510949741	8.40474639171	-5.04589679302	8.98610458772	1.19536972072	
0.0179229782083	4.8311414872	3.73846121211	-0.422748198401	4.60838636468	2.84549311857	5.48318251237	2.79818664527	5.08114568371	8.96743305879	1.8804015551	4.22239669336	6.03634595876	5.60146769688	7.56577813436	4.83017602554	
7.08575208468	7.53213076817	-3.02320371185	-5.9987669347	5.96304827268	4.34755692447	8.65120358657	8.99999976875	1.02145494576	4.91146093285	7.65711930133	-4.12628300365	6.97469375628	-1.11367139702	-6.0	4.98604519779	
5.88104834218	4.81065943632	8.99999976896	2.34852232438	2.69818782093	8.94179677045	3.33891603703	1.02129313899	5.41011613213	8.99875460647	4.40695586614	8.99685003965	8.7452382365	-4.96267458714	-5.81832073083	-5.6350000453	
5.53500108606	4.73543868683	3.66934578163	0.98685086646	8.9999999879	8.9999999883	8.99999998788	8.72192789966	-5.23586398373	-0.776413487961	7.15680620082	8.96103296483	1.62328249632	2.05975018575	4.42577756878	8.22108158849	
-4.10945166437	4.36771848778	2.53222694422	-6.0	-0.62892725343	3.60810715479	9.0	1.02254136914	8.9999649913	-3.46385931549	-1.6697455186	-5.65122839886	-4.35344684466	-5.24502100446	8.86564642822	-4.44685067181	
-2.56563402175	4.79272428862	8.99999976875	-5.96580215299	-4.06526242551	4.40896449566	5.68410728792	1.02148703666	5.11008157659	-5.97832213528	8.74905351336	-4.97913582394	0.344847383845	8.99898510533	8.49377670934	2.79503135775	
2.03491704711	4.75228055993	4.71286371245	-5.87633362034	2.92310837957	6.81812845135	1.01098432064	1.18486893986	1.43179935782	-1.13234621878	1.90370657479	6.42014020068	7.70480789322	0.282318941885	-5.85839475985	-5.81620196453	
6.56106741009	7.65639526447	-0.359582800704	-0.259082058068	1.79411545583	3.66869500213	8.99464328557	2.12840574931	1.0368458759	-5.9129283171	6.4338256086	8.99562496908	7.72319959561	2.23226432415	-0.215563121574	-4.99480061666	
7.93342978819	4.82847334644	6.15453614173	-4.66105789895	-3.5587761502	8.99997588504	3.45539346567	1.02131170083	5.10046966185	8.98976070559	4.36520093384	8.95511696183	8.99993698593	-5.85679606016	1.60133917172	-5.76770452959	
7.69755668789	4.43587162986	3.46112651113	1.65059893924	-0.149910360976	8.99288575616	8.79199906728	0.932687365367	4.05719660484	-1.18114704938	-3.18100662832	2.08090075081	1.73484826229	4.67029935572	8.05379411084	2.64044135058	
1.60466538341	4.58426978458	2.58139379452	-5.96652115872	-1.06822955893	4.38358738045	4.75249762105	1.07388148014	1.89009651103	-4.00704953826	-1.63003340501	2.76056073543	-2.43889104528	2.74581747016	-0.48697696761	2.71962708696	
3.23717668614	6.84187283538	-4.75233835535	-5.99479908124	2.37619561883	1.02866114368	8.99999967608	4.18629375049	8.87924484924	-4.81251971218	-0.0663214991497	6.8238201669	5.9086607677	5.94908183436	-6.0	6.07310766812	
-0.134248040045	4.367711894	7.11872763391	-3.07856953587	0.48757752477	6.00772760449	4.64205883709	1.02136221066	6.84820567808	7.224872928	8.2660758534	8.75424694525	8.22846139492	1.14198649579	-3.21439020341	-4.67449165691	
1.38988356881	5.1522036212	3.24650616581	-4.36680397552	1.9395258329	1.12245071409	6.63069175139	7.51437673302	1.44388116669	-0.255427656774	-0.492156174941	6.12035001899	-6.0	6.48246120606	6.94644579901	5.83726578878	
2.88624254937	6.03749892018	1.21752961924	-5.12713128841	-0.537291707671	1.55523613589	4.1349934857	1.46136461379	5.31497806213	8.65182913009	2.64373308079	6.7625431306	0.129944928414	2.77770271479	8.02427396577	-0.161132603955	
1.39204803525	5.00062474258	1.4879292044	0.633808687988	6.44909328892	3.92567721663	7.71651002687	3.69804047953	1.4030513463	-1.07776873196	-0.19968856756	4.76381221894	0.177831418078	-4.23577443619	3.95506220798	8.18805648094	
1.39313079378	5.05264353311	7.85655323903	4.28521018013	8.72768879592	8.99999994527	5.36374867302	1.20738716362	-5.91591904058	7.8910456408	8.09184202845	-6.0	-6.0	6.32962557131	8.62505719094	-2.73114291404	
5.29155925142	8.9412186271	6.47416960686	-5.1295167211	8.99927192465	2.03776305078	-3.03144573719	8.08758139849	3.94958836517	-5.94334435614	-4.18230666429	1.38096108272	-0.946019961345	0.66945608529	0.156666590862	-5.24871553494	
0.319829137285	4.60081046757	2.72036168243	-5.09555892385	-5.26405370509	2.32018321514	8.893448944	1.04814705129	2.90674511671	-5.98099485982	-5.99893387125	5.16979605831	0.0440681066588	6.80634727309	7.91701378306	1.59263519279	
0.109672270316	4.6525012213	8.99999969133	8.52952911294	5.85603066937	1.74437570339	8.98078663814	5.22417844111	-5.42652269709	-4.91279030767	7.26753921565	-4.31854338155	-5.33236049641	5.42403836872	8.19396435984	-5.99999917622	
-3.79680750239	4.79065075768	7.7263594543	-4.63903478073	1.8796960639	5.57905416837	4.73932597721	1.02202402627	3.84413029094	5.68553437614	0.0186848896889	4.53392452317	1.39541948489	7.39870943669	7.86294014078	7.85110682111	
6.47988990325	8.99999976843	4.65015781489	1.04611362469	4.45878535143	2.44516642632	5.45983613431	4.76156875666	-1.64305637119	4.60925492698	-5.99071148044	-1.69680230112	-2.04164847111	-1.13993685115	3.7101496662	0.166596610649	
-5.99999961222	4.64627772371	5.53770246394	-5.85036013075	4.7063011584	1.13427903859	8.44046180577	8.99999962545	2.36761678305	-2.60243693176	8.7152546455	6.6701252042	-2.03073152676	5.02001789903	3.34017453787	8.95007914016	
1.02658056593	4.85512266943	-1.24118254437	-1.968731619	8.99965527943	2.10620819622	8.99923609357	8.99588135447	1.09820820139	4.98166945122	-2.09069324999	2.51847500853	7.16043575523	1.63787952306	7.06692449239	0.477936844137	
1.80837515225	4.55560313562	6.53448373704	5.48369450959	4.43431589467	6.87881449755	8.87647536471	0.945288308276	4.43095310802	-2.88119430617	5.99797331444	8.92423990846	1.25715811041	7.75615900085	3.36638129241	-5.01679278195	
-0.85282657371	4.79660182299	8.80069764109	-3.5253827288	8.94769596746	1.93055589392	-1.80231678037	8.0955952351	4.91420308062	-4.08317114219	3.14390147504	7.69776128038	0.538045867934	4.16227099635	1.25349100854	-4.95161996756	
7.44515646475	6.26363597287	6.59025661486	-3.6075250442	-5.93319632569	5.98740350242	5.36630442792	1.02966732185	2.70670853299	2.38132498334	-0.73499858159	3.81685512325	2.93082450902	7.98207896289	5.36883184587	3.5184408737	
7.97224089687	4.41269751191	5.29507295994	-5.71939657488	-1.99913015297	8.9475749893	1.18986900213	1.02127232052	7.2831457744	-4.2899510987	-5.70087025703	1.16760913302	-2.12960903852	-5.88630256255	-3.08804392931	7.73684032739	
-0.411804079053	4.85198057895	8.92440542951	-5.40339476789	3.56810404525	3.11759802911	-4.04296396058	1.65867772566	6.1149718794	8.86799637247	-2.74092180211	2.00583552453	7.06363598986	8.96777394309	-0.859897749784	-2.96418500677	
-2.91762628123	4.79308554613	8.84629973751	-3.78420592234	-4.56643803665	1.03844865946	6.90983735176	2.42887538605	4.95603070901	-4.81514985766	3.69804090365	8.28513456532	-0.959070827845	2.19227091534	6.92507039647	-5.3659341079	
4.63966091387	8.18845789848	5.22635025047	-0.858220193927	3.1335347287	2.96250066299	2.51134934516	1.42245555307	3.57012418326	7.45571116832	-3.02626560969	1.56431943274	8.2217061922	-5.23601351176	-4.97104944474	-5.90951213636	
2.62478121489	5.10681772712	5.32241434152	0.996843209627	6.5496337177	7.0103545536	4.65177699355	2.25404633704	0.209053729386	4.6215047664	-5.95585845149	3.44132895279	-1.31238167539	8.92407627835	-5.99733588714	-4.5073199284	
1.939228747	5.48571500106	-0.157853464857	0.23616909949	7.44739940431	6.84864002991	8.85342691071	1.71594360307	8.9974436372	-3.87402734654	-0.52401690013	3.83195053985	-4.27719107313	-2.73460402499	6.68006316186	-4.87176513906	
-0.78721875502	4.60406383836	-2.69951230161	-5.9999993197	0.399046182316	1.12962868715	8.36872177832	1.75146366478	8.63966003117	-2.33840730761	1.43729842353	4.75823951161	3.75517430659	5.63406867314	3.59558866509	2.83197287962	
7.0418761821	8.99999997021	1.71391368667	-1.29115247187	4.84764642492	5.0533461071	5.19569736049	2.21141811385	0.949621311087	-2.4938248108	3.79457226503	4.03776790078	4.27484696448	4.97433842722	1.34217581737	5.46065947246	
8.37707212093	4.93090995368	8.99620373012	-4.33433191834	-3.55762177803	8.80292669377	0.401025841455	1.02129412698	5.40938994804	8.99980356885	3.98364396312	8.57343387598	3.88038521468	8.61555396417	7.07022565318	4.11970350231	
