6.17889532577	8.98794322386	4.38049709949	5.22862423092	6.23138988117	6.84658982873	8.99999982434	0.986342121445	-6.0	7.13711368122	2.18999880776	4.5624909494	5.00605176968	1.53224708616	-4.02194876168	-3.75096089797	
8.99999988207	8.90988214958	3.91775175295	1.02241311833	8.99999999993	8.99999981894	8.99999563112	8.18959304744	-4.48406442513	8.39507185847	-0.620869596105	-6.0	-3.86392661149	2.45080102039	-3.41480676989	3.27576310918	
-1.1113154942	4.51924757105	3.88494204106	-5.97333423489	0.860249207811	2.15607892413	1.9206109861	1.08551334825	2.26357037615	0.745677578583	-0.751684682502	-4.50664722885	6.23588390381	8.61965624858	2.42196152271	2.31825185764	
3.47321925313	5.02640041477	6.34319318206	5.69997353584	0.1191742907	3.34089545343	8.99999938716	1.07436773721	4.87271046753	8.99905797115	3.4475370726	-0.880602384535	2.51847901916	8.99999936371	-1.42604848492	8.41477078572	
1.00320793887	5.0823093356	8.99857539659	-4.31160562684	-5.9309310546	1.02387537931	4.78025925939	3.26065037204	5.41268604897	8.9992910588	3.46945826593	7.67259795941	5.78249794508	5.75049789326	7.64912802211	6.75344835804	
1.54004878278	4.66866013129	6.64992570086	4.63874383198	3.48090734285	5.23606084621	7.67836369975	1.01165674427	-4.29585418445	8.24872885723	-5.11478793472	-0.701300166366	-1.32475221332	-1.37876479596	8.80989824167	-2.6856102875	
7.60747896382	7.12196541276	2.05256504831	-0.942311033142	2.60536959943	5.97578409958	5.69100528357	2.00510044254	1.06462787126	4.95436693173	-2.5894875783	-0.0483613710932	2.54265278381	-2.32102969669	-5.65886529686	5.5315052413	
6.44177046436	7.87588798894	5.96582243168	-1.70026099278	-3.77612649215	3.35694803831	5.76016993565	1.06318128729	2.07972062767	-5.35312457842	4.43828783785	8.96111439968	-2.29196458125	-0.957367970322	8.94345054211	-2.06346158173	
7.16976521025	4.83493251715	3.89683754673	0.909743944062	6.71291916827	8.20238887386	7.58944078729	7.62429321044	0.378036644869	4.86550607734	-5.99894873057	-4.66213543313	6.70307743134	0.876453047634	-3.35372139363	-5.99996188247	
1.77651117417	4.7928781217	4.82538225739	-5.08999087867	-1.16454109219	4.07762474643	3.29736726341	1.15832757417	1.59026831303	5.3664950876	-4.21485441461	0.307952506361	3.83567512442	5.00904047984	1.30275297523	-4.45624986227	
1.98492134965	5.72797476661	3.53006137446	-1.53949082089	1.57258406439	1.11483040253	5.06111236032	3.04948828031	1.82362106041	5.70632079323	3.09803800517	-1.59725548681	5.65301566335	8.99999340048	3.21049006683	-5.73655293713	
4.39962680882	4.79612312567	5.48214960021	-3.39961876837	2.85376814349	8.00730421291	1.61980790108	1.15566383446	1.596117167	-1.31845787364	-4.14793691189	0.374872381492	-1.52511426352	6.19236145224	-2.95873393833	-4.43772809532	
-6.0	4.4735836787	9.0	-6.0	6.33002552705	5.57223402264	0.360934459576	1.84918751653	8.99999997025	8.99999989946	-1.50744526127	0.687501238954	0.00876874657147	4.31202157056	-2.70763418052	-4.76869762552	
2.91606217285	5.49388995412	8.99612317361	-5.99848181424	4.36309890119	8.9986191446	-2.83924686123	1.14398340055	4.35094708493	-6.0	3.53335435704	8.7012720977	-2.16423897454	7.82230527188	-0.0432177576821	2.50184066267	
7.97009729968	5.02053265068	8.99826485731	0.112289265812	-5.65254291045	8.08698587702	6.72107399473	1.02232596651	5.52110041641	8.94541892234	4.2977201994	8.80536314348	-2.48995500051	8.71394235105	-2.27030573623	-5.10508276544	
2.67434816547	6.16750078293	8.09753883733	0.972040509535	1.06511884113	1.50499217762	1.93246736572	1.32905972172	4.21125757562	0.228250602068	2.00997860369	6.53281792533	4.30905404952	8.24244569089	1.33534055291	4.22049585921	
6.13237306331	8.83570472422	7.18943345107	4.24747553016	2.24066186297	3.28872023057	5.55183772668	1.01812805238	-5.76698860402	-5.97276506405	1.24285023863	5.9690072228	3.22960605102	-5.14413413231	5.37802197647	1.02497932634	
-1.48492149285	4.51856050464	1.66860962049	-5.68809342324	-0.351643306753	1.59877306248	8.04268312889	3.65044367102	1.15552914764	4.3404622198	4.85043627737	8.85580463244	-5.42035321379	-5.90798400868	2.16058438309	-2.98137511324	
-5.97299240308	4.78297463446	3.81311695809	-5.53096853583	1.53934308899	1.04119012008	8.98116139746	4.17454635119	3.06213890631	5.19911669645	-5.99447855263	-1.48607596772	-3.75307989567	-6.0	-1.20261447302	-2.54879965642	
-2.76837272216	4.79045300623	8.99998938888	-5.99993983248	2.42626583735	3.51165253667	-1.50295574893	1.05688924561	5.1142630209	-4.76289763213	2.51155959703	7.03510027486	-1.59524082464	-6.0	-6.0	1.29003697222	
2.41586485679	6.01046401904	8.99939456148	8.65781386061	8.84216175699	1.25092511878	8.45994749718	8.99999976878	-6.0	-5.53811098861	2.93244007587	6.03849027798	7.54353110239	6.6030487041	8.99999976732	5.5506979992	
-0.441116821459	4.80536428805	8.99999982336	5.41261377576	3.75646547328	1.07579338212	7.40540554493	4.6311022538	3.16147174737	8.99984623887	-4.82410600776	-0.30129849805	-3.56203773046	0.0746232723717	-1.61571158581	1.26848567103	
1.22641866085	4.79070293331	0.00464677350102	-5.99999976861	2.27762678721	8.65327495078	8.75246433886	1.02129842762	5.11396930726	8.99999980991	4.47696356771	8.99979751304	4.3806294474	-5.96390009231	-4.05014857242	-1.65276304578	
9.0	8.6178787873	8.97019266885	-5.34307708926	-6.0	4.75024386893	0.87253922796	1.02167628276	8.99967899761	8.54380654908	8.03536684924	-6.0	-4.54176431755	-6.0	-2.41333953846	7.78611858248	
0.669309874322	4.66552632169	4.96754586953	-4.64257886006	-1.77348801511	7.82914923609	8.96590836861	1.16089895303	6.17202678093	8.9998799736	4.5933349024	8.78193876723	-6.0	8.90492942617	-0.354919247319	2.43642904129	
7.93823179706	7.09291871047	4.62243506659	4.62777859934	1.30445008756	5.85790021947	8.52401512648	1.02024502434	-4.2218056782	8.21811007286	-5.84876533645	-2.99796955484	1.26459935633	7.74789977046	1.17250104254	3.15662703083	
6.86004064131	8.99997590565	0.550412564231	-2.83381721668	-2.0883878881	2.65110514914	8.32275444013	1.03167590558	4.67392441697	8.55992163884	-0.625593436747	3.89692240929	-5.03131975355	-6.0	7.0188718728	-6.0	
5.86624235316	8.98011602349	7.756514228	1.4205264933	-5.77171009936	1.40668079971	8.99955919064	1.24896574571	4.50890821154	-1.35980295545	-5.14325389037	-5.53951088036	7.95947743442	-3.25496624251	-4.93732143417	-4.25246513372	
3.93869334636	7.70847352988	8.4777374621	4.59160449128	1.28928018318	1.02154756882	8.30186053715	4.89006592503	1.02791226151	-4.14345322709	4.81993753128	4.12596064318	4.82395415351	8.46240099864	7.77183358805	8.6350287171	
3.89179954971	7.47228552463	-0.102214346535	-5.99999926878	1.93778714037	1.02130922736	7.52522502543	6.96312186785	6.45524142611	-6.0	1.22218079207	3.81162809951	-0.466997818351	3.17605058907	0.207727593531	8.99999982628	
1.26243112642	4.90184223061	8.98038402912	5.09437296079	3.80166432293	4.49921040791	5.34768944939	1.1008633086	-5.67126734461	-6.0	3.71775678034	-5.59499130625	1.37012769064	6.51809658003	2.02572287523	-5.73492716147	
3.93554254143	5.44002480248	4.20563221913	-4.12255945762	2.26737531805	4.36424952376	0.418138215916	1.34909339847	1.30051762651	5.13861031457	-2.08516501813	2.43758805423	-3.62869763257	3.92848401812	5.42661126253	-1.62266029123	
3.45734692918	4.7921260351	8.99999999741	5.11397460763	3.7862724161	8.70594854449	7.18561325636	1.02130346916	-3.6396250543	-5.96240485921	-2.384716808	2.13807629782	-4.65837663724	3.87302475095	0.459129909505	3.33229859249	
5.51694212995	8.73304012322	3.59394905492	-5.99766510809	-0.577836578265	1.30974521775	0.568649893958	1.27577963322	2.86111488441	6.11669767684	-0.961228288212	3.16061668572	-4.75429194364	2.95793217561	-0.025050918546	2.14897804166	
5.74728865434	4.75509472745	4.86947095522	-3.58703544681	-5.08022847011	8.42161280399	9.0	1.1573190333	8.12367282711	-5.95636275959	2.24300385973	8.9999999967	3.58280769255	8.99999997241	2.83303298622	4.24848073007	
2.37007545862	8.89475717829	8.99999992556	-2.43943719722	-1.65136350444	4.24065147862	8.65998826192	3.88713295787	1.02187390859	8.99833148651	-4.28166295066	4.24658764884	8.67995025282	-6.0	4.096672414	-1.2209531699	
4.78403459451	7.23072062363	2.27487905278	1.07201197409	7.80757911772	8.99994730391	7.28108362636	1.05029511326	3.18943973271	6.86980909943	5.76211690942	8.9997452375	8.75576258173	5.32725202922	2.7480987533	-5.99985686479	
4.29624552056	7.75463771829	-3.92837693838	-5.19369453665	2.25668420346	1.04125588713	7.80208382119	3.03893612639	3.28743141009	6.54486668902	-0.535795412601	-0.829003053576	-4.44646287752	-1.77267156209	-6.0	7.56185821889	
5.20539193066	8.48989708006	-4.21194067443	-5.96110373723	0.622083349835	1.39134908038	7.43378925527	1.33330216495	3.54512963729	-4.10244107669	1.70678545892	5.8624172195	3.65999121829	4.61537774898	8.48667074404	8.63565364587	
-3.83463486579	4.62899161509	0.22627959668	-4.98689124674	6.16468575871	1.27213199137	8.37178660131	6.22908256342	4.20760805384	-5.98151610825	3.72294030952	7.9124105831	8.91434779698	-3.92794058794	-5.73189393394	-5.32076369931	
-2.02377526418	4.47341599831	4.6208603087	-5.99999999963	-0.506215420313	1.20083627403	2.87976676635	1.50051306706	4.50015001351	-2.77811281846	0.761344588569	0.533781804938	4.59286903699	8.99999709552	-3.84095946321	2.11831312908	
0.570304036137	4.69569889236	2.15526867381	-5.96805669202	-1.33401167199	1.48738160981	8.96981313456	6.35415855332	1.13462081364	4.82894382792	-5.99954162887	-1.61548670217	-5.74587106934	-1.84519625819	6.44436525242	4.62865155773	
-2.43566264402	4.82536807802	9.0	0.742585793424	3.86966697477	9.0	9.0	1.12019555718	8.99999991972	3.21126709691	-4.46061626086	-0.173583458033	-5.99999446615	-5.80547799417	8.89294968726	8.99999999509	
3.30479094277	7.04469396651	7.60819360349	1.71508390095	7.53474250396	6.54322772483	2.70627955448	2.055142052	3.67240359621	5.80769248831	-0.5905006222	3.99161763965	-1.76320919236	1.70882525155	6.106399437	0.123572422886	
4.75343402551	8.26439166821	3.70275865657	4.62637629059	8.9723459727	2.29846926796	8.9999771803	7.56085473626	5.0691017712	8.16770992286	-2.10881844448	-5.96334127704	-5.99008913838	-3.00797865839	-5.98451287666	8.90075373067	
1.45506555691	5.17190769674	-5.16959378803	-5.61568275823	2.69460001935	1.07044964242	8.9217524389	3.47973980195	3.91320867831	7.4865339475	-4.65048213893	-6.0	8.59263361052	8.83985217581	6.44252870814	7.42670603209	
8.09176295215	7.60328053283	-3.01805876368	-5.99999977037	4.77934996797	8.15271472855	5.60589314198	1.90707179008	1.08180845146	4.96783890535	6.68557809815	-4.94324608943	-3.73005952976	0.376872994752	3.50420394329	-4.06771505435	
-3.07053749013	8.39273464872	8.99999999996	-4.90913657913	6.52818861944	9.0	5.29408415622	1.47194275792	1.21413188566	-5.68276097548	0.026988023107	8.24596941362	7.47999084376	2.02866516537	7.47851683909	-5.49132202995	
3.43458541554	4.6219374563	-4.55581977697	-6.0	4.7140032939	9.0	9.0	1.13493927522	5.42933065764	-5.58652963087	8.99950038963	8.99950037486	-2.64459565779	8.99999999993	8.72880281097	-3.58155427875	
7.82410396186	4.7965561699	7.65390960389	-2.46597487897	-2.08963813745	8.92156679418	2.668424225	1.00995505294	3.77992200422	-0.657904822792	-1.38421584295	3.17077796498	-2.97976778783	3.7209324194	6.69394916198	0.449144053055	
5.2538963058	8.99159831406	8.95106271891	2.39769244	8.97887195003	6.46775070264	2.05804428574	3.59065439191	5.1542085941	-3.94079829909	0.977626692222	5.50113450652	1.04791654743	4.60630559269	0.725553483663	2.93492786264	
0.779436899577	4.98348506443	8.9654386745	-5.96333092915	5.15443317598	1.02168882313	-2.53062639046	8.53096565383	5.08917248684	-5.24688595397	-0.405223016272	5.13001421315	8.90689065726	8.93476774271	8.9794853591	8.1449363064	
3.70511374237	6.91240674148	9.0	0.179054331665	9.0	8.58153715785	-0.656024906308	1.58021047221	8.99957299583	-6.0	1.32286328883	-5.62038247308	8.07666339412	-5.99945710876	-3.76635554124	9.0	
-5.88221553443	4.36767824761	0.43677097871	-5.38976220197	4.51983830707	3.35874346616	8.99999190263	2.08118635007	8.14961308028	7.56077486313	-0.123647067128	3.93806384421	5.58400527661	-5.99955083026	8.84320936198	-0.450290205891	
2.5256572434	6.2258144377	8.49923413289	3.25982007408	-3.86696367182	1.10679294795	8.99999976947	1.76961999722	4.59351604251	-4.29676088494	-1.90556998426	2.61725708347	8.999997351	5.24444518596	5.56473464853	0.970232464266	
-4.71766147261	4.51796213419	4.26311717609	-5.90261145198	0.72809562421	2.08606184707	6.4615149794	2.23691774092	1.09400683209	-6.0	4.91727477064	-6.0	-1.52001386838	2.73866964171	-5.99616240959	-6.0	
5.39225944398	8.17091386851	-5.99374510853	-5.99999976091	5.42345963666	6.14195269777	8.18402633941	1.0184466665	4.25503251006	6.39667224584	7.73509333936	-5.59453920612	2.11946632767	6.04234874992	3.32872549204	2.48781705001	
1.31800153075	4.53604094031	0.867739190183	-5.99999999999	-5.5509498285	2.35083791049	8.9999986781	0.961150786423	4.89954555652	8.26484143096	1.69140498352	-3.35608800659	8.8866887206	8.99999929755	8.99999924283	8.80709623299	
5.5095926445	8.99950665795	8.41725807214	8.99999220124	8.99999977089	8.36216898116	8.97983646465	1.74912214053	-5.45255068767	-1.83524140754	0.328411268189	4.60495670932	1.85416343133	5.56712750448	-0.802467273465	1.50270596953	
8.99952578127	5.44767639341	4.62553621131	3.85621198551	1.56803592319	8.99998003973	7.99914869292	1.13360467928	-5.29575196636	7.48275284623	-3.82316316434	3.30717945399	4.40131097544	-6.0	3.89621428776	3.69733686824	
6.19804490183	8.99944620452	4.05840871472	1.06764261252	5.33378270944	1.99007705159	8.9999994461	8.73719553407	-1.0563759355	4.89911443186	3.29768531443	-5.34529947853	3.08945046965	6.10218881713	3.31263489054	-0.825969118003	
8.99950608081	5.02509728298	2.11934535688	-5.8338258961	0.850008837634	8.93425490228	8.95688345336	8.99999999986	1.07815014412	-6.0	3.38473031699	7.77890480047	0.873528414152	-3.84993733324	-4.38222433266	2.432526996	
5.29701084705	8.9615919283	8.82609012167	4.93657821458	8.95241224887	8.39743640604	4.69901534619	1.68303963717	0.509430390416	-3.26075975253	4.41091856213	8.99999976857	8.68493702611	-5.16549321994	0.383798113217	-5.59954435922	
8.87090119451	4.83454701776	2.19004523228	-1.07998289515	1.17895671562	8.87088642988	7.10582486787	3.01120460048	1.10325315637	3.04340052234	6.17127326438	8.29316399516	8.04945138448	2.64002304482	-1.31351785129	-5.85844989746	
-0.280613551239	4.62053782989	8.91272793712	7.77576967954	8.80301268482	1.25936047655	8.95669855013	8.94018590429	-3.95420829022	-5.19637098272	0.47058355147	4.61387961117	3.07224441439	4.23252478267	4.36660116196	3.76906065852	
3.46415541734	6.93305287256	1.17231318191	-4.56778663964	8.99191931979	8.99710660752	2.84961354609	1.31974860698	5.0424582675	8.92847088671	4.04785699353	4.28462748385	8.57012114326	8.12852790857	8.99513965416	-6.0	
3.03615909703	6.8116651341	8.99999683828	5.1075063496	1.53823213596	1.02125736443	8.43061061321	5.26881806143	0.395687633706	-3.85863427242	0.325820117663	4.85025843685	8.31415929093	4.89945007023	7.43242159716	1.07191656631	
8.99535543956	8.99206538691	3.27341256666	-0.935825463949	-3.80839164398	4.5918761695	8.99794657425	1.01528332511	8.99500355166	-4.37144326622	0.879077444039	5.24748733366	1.08180742436	8.44046295949	3.07871010045	7.90357796315	
-3.40005136947	4.4027305507	-0.801982732562	-4.97479595696	3.69266346435	2.91305503701	8.51712432792	1.8703389635	7.99880101461	8.56702534508	-5.91311220273	-4.40601379055	-5.99750849197	-1.7306172801	-5.98088352217	-4.64508000891	
8.20430663367	5.22528210591	4.42697866561	1.10147568044	1.59073113239	7.92955468799	5.95457462458	2.11207557168	-5.07620586416	-4.19521710315	-3.72824901664	-6.0	0.45030082807	5.44769833278	8.88851974907	-2.84822867273	
-5.92521492189	4.42153797889	8.12902074943	-5.99996386795	-0.362091558555	1.06734752633	2.7290312704	1.30508547115	7.31258119496	8.89417368281	1.20212329242	6.33664120661	2.2017855129	-2.98387520477	4.64674117759	6.09694354802	
3.53769569592	4.76105721051	4.18824981968	-0.16134192579	8.93196367145	8.99750453158	8.33869612336	7.59988263124	1.00558243956	4.7394725614	5.94928067769	-6.0	5.60840474952	8.85702508011	5.73658672661	4.57294530496	
-5.38652541537	4.69779443822	0.0392145129409	-5.99434551295	8.99999977354	2.14916592845	8.99513906182	7.99081020246	6.18406913342	2.92357935849	-0.584941571047	3.67206170055	1.10863363822	3.11676388248	1.97043341552	2.28186309547	
2.55348450587	5.17185308552	3.7530884387	0.705229928802	3.8325894205	3.99099413483	5.76510987788	2.24029549637	0.820394124511	4.90614775871	6.48204792967	8.79796453951	-4.00151697673	4.72653207643	8.68635535424	-3.16163613991	
9.0	9.0	8.72234005802	9.0	5.54807785376	8.99997515261	8.54838609393	1.02262720689	-1.28331616824	8.99999987843	3.6033887515	-6.0	-6.0	1.98487906906	-6.0	-5.85560799542	
-3.89544833693	4.79066466865	4.30090333448	-5.99999960923	-0.107026444345	1.08798517192	5.29626566194	1.92016397762	3.11029848998	6.99537480265	1.92905904293	2.72802629557	-6.0	5.60605991994	3.21858124319	2.31153120916	
-0.74282472769	4.79070610407	1.28322954961	-5.07392164704	-0.50172305961	4.25040178705	8.74594676141	1.02156225868	5.11393174824	8.9999603627	-5.71971423833	-1.19687772584	-5.71971291559	-0.68797113137	0.0225581152263	5.59126869429	
8.99999993239	8.99563347702	3.69365619145	-4.02115369851	5.29391604102	8.99999998105	0.818246611682	1.03731423707	2.28825480144	2.46028176066	0.931650092859	5.05364813319	-5.12839765559	8.98733737216	8.45504204107	8.45503242105	
3.98392395333	6.75562505201	3.86894699	-5.99999755032	-1.2478568928	1.59973566677	0.701441594739	1.15527734856	5.32670142688	4.19630084379	-4.79069116499	-6.0	-5.31290894436	-2.1924503333	6.6924823196	4.11721716582	
4.47632320091	7.35000449283	3.5351513331	0.640227158502	1.62510667961	2.57207871444	5.80175293424	1.08017980749	5.11398316264	8.99998558024	4.47717301182	-5.97384905006	-5.64535765612	8.99999977314	6.04169757482	-4.9724736674	
1.10001290295	4.86799099328	4.37595660205	1.40840225275	2.93414180712	1.22259212709	7.65414555186	4.76865584299	-1.37613678607	4.85946756794	8.99161107605	-3.78443684872	0.867937813002	-1.40947463892	-2.29384832236	1.90167373888	
-5.79450712132	4.79070554185	7.97410943722	-5.92110457276	8.99374815103	1.32192574987	1.80860457833	8.99454828574	5.15306664936	8.99999997137	1.91130996713	1.3870494752	0.811244988066	5.54447335917	5.9886193459	6.98229136257	
3.43431792893	5.26440842697	2.60105743215	-4.64969117341	-0.275727648835	2.99429143718	2.69353473606	1.07386458974	5.4636501234	8.98643239237	0.238991065404	5.26506137832	3.52476896707	8.45256249744	-1.77169292822	4.44569637871	
3.81444918173	6.68653011772	4.79276925811	-5.99535998083	-2.39724078648	1.92429626618	1.36617455031	1.16480578309	1.82702986342	5.65747093734	3.80149152958	-4.45501300847	8.82692083842	8.56813271767	8.99444753382	-5.89050796646	
3.28629214959	6.88336106498	4.73200999341	5.29218619508	7.2117718886	5.55880390302	8.94588371784	2.65649939191	-2.67736863534	3.72737351485	-2.5165381415	1.39236801736	-4.29690529251	-5.95569876617	1.23760666875	-0.589591861801	
8.99907448028	5.73916710343	-1.58025226454	-5.45170757793	0.445099009427	7.77387757594	7.27607867831	3.25951056659	1.03378038637	-4.62815692243	3.09231516243	-3.71691848614	-1.07829908327	8.98017190835	6.90127719652	0.810428445499	
-5.11468265224	4.79070177281	8.39437455177	-4.95145046467	-5.16928183297	1.60080618046	8.27969450343	1.15416700598	4.50834595284	-4.95696051329	4.39177312573	8.91460680889	8.1697574233	-0.0669884047531	-4.04619779597	-5.7458808273	
0.769684263671	4.65696524414	4.57636702731	0.864880411971	4.4909993894	2.42063668756	6.9291488896	4.91068807161	0.0899611266956	1.54000550845	-2.2543263442	-0.950535881949	0.879000646635	-0.335515113902	3.14868649903	-2.31271596438	
0.709629498104	4.48749844269	8.99998789704	8.99998665131	1.15636756491	1.53736744157	8.99998789862	1.151693586	-3.35062087916	-5.735625107	0.637054177683	0.477978505961	8.99999479217	8.99999687228	5.08069969878	3.24859638627	
8.99998882426	8.99998879714	9.0	-5.1287309862	5.5482589355	8.99998589385	-5.85961939172	1.02149136811	8.66951497864	6.59174981523	-5.99991820582	-1.72818180413	-5.8733429123	1.68381727101	-4.36047392095	-6.0	
1.59710188096	5.18891817867	8.86422312885	8.99999994301	8.99999999398	8.99999999398	8.99941071739	1.38698051879	-6.0	-6.0	-0.756501905946	3.61255079681	-1.85585099112	-5.42744241593	4.16219175961	2.61211566144	
5.32278715391	8.66923688395	8.99999517043	-3.91820931698	8.89936950191	1.30281212476	-4.43288220722	8.93953323493	8.95027752079	6.00462940807	7.08026176866	4.43309418626	0.77093832158	-3.26806574735	-5.74305137888	0.670052348166	
4.21240256111	7.74543408785	8.99999997841	8.96441494519	7.60171823868	1.1070150081	8.97979798811	8.19698562156	4.06085895539	-6.0	-1.31692148829	4.06995244596	4.82615070403	8.91591837676	0.657016869956	4.61211889149	
3.26321971943	6.83984638483	3.86617387977	0.764592239003	3.52704065664	1.74533658098	5.39022025628	2.9009939931	2.99037932114	-2.43019943674	-0.853044674988	-0.561566795749	5.11573258762	8.76767638521	5.60925668389	8.55902951209	
-0.117253058614	4.79070086191	2.99736907311	-5.0621400819	5.99853400186	8.9922465998	8.97164533455	5.33360795385	1.02128397741	4.90193480205	0.979732344593	5.50253532427	2.04968269843	-6.0	8.12542571815	-5.97276762318	
8.87567822399	8.26864893175	1.48010060757	-1.8873703842	-1.94105307029	5.208772288	7.99273520115	1.02153024961	4.34644943478	-4.8636667175	4.7209263691	8.99688316684	8.96284836551	-5.79722407031	-2.59253879492	-1.19167130932	
4.96093221326	4.82443312477	-0.353648890085	-5.32057305098	4.45223170156	8.98235905571	4.42739162975	1.17096041644	4.58376649969	3.48609550899	-0.636854488552	6.01831298556	8.99999976875	8.99999976875	8.99998102141	4.50565160975	
3.9994012431	7.4914200314	-0.189076878212	-2.55217033898	6.27163682439	1.08319131898	8.73546686561	8.99999227081	1.91468549079	2.62173853848	-1.99340749827	-4.59005092986	3.45106311267	-0.900299628842	-1.2885706597	0.956137261763	
8.86218489401	8.80078928389	8.99999899265	1.02015557647	1.68096746331	8.99998916801	8.99999994772	5.94013206005	-4.76539007737	-5.61149565104	-5.48986332915	-2.90973843591	8.27059731299	8.96828619802	8.99996124964	1.08502030857	
-2.57606665448	4.45148887204	7.32418612234	2.69121849077	6.99824800188	1.02014509966	8.99999999991	8.88686173962	5.50788405354	-5.72921906758	5.15902904499	-6.0	-5.26970660285	4.97559264117	8.76053017387	-5.52940280252	
8.99999988877	5.16650216011	8.26067649733	0.975214078214	-5.99999947586	8.99999988935	8.99999948571	1.21393693803	6.54087587165	-6.0	4.57668123599	8.99999999289	-0.372107404757	8.95380745063	-3.9492839924	-0.0613745594567	
2.96118619753	6.38586036725	2.21060409715	0.905126898686	2.49071128856	1.0581683313	7.21517266222	2.71550779037	2.94767711056	2.51365507227	8.11432965096	6.82039284199	5.74079644593	3.08698511352	8.86795379423	-5.65867727232	
8.98112526577	8.99525636821	4.18066638224	5.11247145845	5.36752712649	8.8729284659	8.99999999971	0.892208848265	-5.67965855055	6.54691847915	6.78778033584	8.86885821409	6.00926021388	6.15029332388	8.73604889774	-5.99487039772	
1.52503803106	4.79121426335	5.60521937376	2.86757416313	5.30379970116	8.71056755601	8.75262606145	1.02146815033	5.11173135141	8.99999976875	4.15181438105	8.67406160389	-5.97799372115	1.7069847726	8.99828814542	-5.78436863258	
5.16525700923	7.91310424399	4.06299403085	1.06952409612	2.6467230944	2.21946212603	6.06944682752	2.94631071504	-1.68870726716	4.89681720814	8.65422954411	0.140088313495	4.05690699017	1.9719870729	-5.71884198446	-5.93155980212	
2.07681284716	5.15910895275	8.9989289793	5.10937857541	3.22589043902	4.10833999122	4.94623495415	1.07515626007	-3.2063728719	-5.36275829898	2.78491145262	7.3740556108	-5.90832768557	-5.75339469644	-3.35196282706	-0.668308130507	
-5.78229153587	4.51386572348	7.47574153211	-5.93551034255	3.50881496148	7.89694315351	6.09043500001	1.02157395391	4.32949376943	-1.51988875253	4.119473602	2.21821220971	-5.89097183618	2.33994582459	-5.99728418566	3.9106820238	
-0.494968134769	4.74558717421	-1.33937927922	-5.99919739974	5.56189926776	8.98434345941	8.81688552473	1.01868313604	5.22349443828	8.9992772905	1.6661685116	-5.68508210983	2.51633207096	8.90354515801	2.73564584277	5.33367419686	
-0.505870325871	4.7568699186	7.37158232557	1.39611057675	5.52485628987	4.51063472634	4.14504314677	2.073475705	3.56604069979	3.33436189189	0.989231911648	5.67075492312	4.30342939388	-4.95229658571	0.207680618535	1.38489758042	
8.98697130757	4.85138412453	8.99999574613	3.41550009311	-4.89976649106	8.9999999998	8.9999989752	1.02361468652	5.18146070559	-5.2217512078	2.29104340736	-2.9431078247	-4.15041311323	-0.737324872753	-4.9947705598	8.79845478646	
5.54752053836	8.99923458161	8.99991869092	8.99991857308	6.77188088337	2.36413046118	8.29105874796	5.4499319326	0.356006682598	8.99988025035	8.83354290959	-5.87458458619	-5.99603695228	2.53536900796	-1.69800741969	-6.0	
-4.51087456774	4.45582321514	6.31936058818	-2.34860449092	6.32779343926	8.29987740241	6.99040546911	0.932831048788	5.62323502682	-3.55962183562	1.45203907039	1.10110456562	3.32061544514	7.27415621405	3.60081422847	-2.2652007025	
-0.540006492726	4.47240046981	9.0	-2.14113667755	0.110929095081	4.95836435403	3.53564323029	1.0207746675	8.6875775097	-5.84261569986	-0.948346848701	3.29349736118	-1.79189120951	6.32740462143	8.63884866077	-5.55933992247	
2.23657489429	5.68209657036	4.80648689097	-6.0	-5.73266470491	1.05571754378	5.36741717502	2.14416155591	8.89413431479	-4.85439684336	8.70346520394	0.871307060347	-0.220179542129	4.04537223054	-4.49850833062	8.08419844282	
5.42006041753	8.99999970766	8.69054199538	8.94011086688	8.97121792464	1.30818919873	8.9623615707	8.99999976872	-0.70814928244	-5.55236488468	4.72324061706	8.99999956978	2.49674714597	-3.26367534765	-6.0	5.45426154065	
-0.742201799993	4.60586172004	8.13155523692	4.72863585035	6.34808149603	8.48402036057	8.88926493756	1.01221338443	4.8264147443	-5.99950232243	7.54568724654	-5.07057595815	4.48200755931	7.68500483918	4.06923722048	-5.99522151075	
3.70187705167	7.47209101267	7.19100062064	3.75957472851	1.26590518181	1.0213935755	8.99999365505	5.10983845835	5.10135990243	8.99991100731	4.47750289656	8.99995053427	0.386047787109	4.35316846965	0.442342897597	1.03487882108	
4.92297004664	8.95079494221	-1.70792227995	-5.94609238395	-1.8823131042	1.13682982039	8.99999975339	2.37578923065	3.79229783508	8.17255276902	2.29435827009	8.20039394678	6.76290929161	-4.22919454291	5.84466433193	7.51803630795	
1.93424832453	4.88327056952	8.99999997249	0.820170256118	-1.57866768993	2.55952060143	3.73733481844	1.03407398053	5.41498865266	8.99999976875	-5.73877116421	-1.2159612401	-0.670815140914	2.49817063455	-3.73532560715	-5.98053694827	
4.83556118546	8.47906085268	8.99999976875	-4.09918841811	0.123300540378	1.03086494308	-2.07920463242	2.67386904501	5.35629643193	-6.0	8.42963379981	-5.99227897922	-2.40240417522	8.99858608933	5.08259239934	-1.86088613006	
8.77083380335	8.99834263013	8.99999976848	7.62415514885	5.61291945275	8.96595210236	7.02666460464	1.0216103019	-6.0	-6.0	-1.41722697249	2.85990289692	8.20158630103	8.99619102317	4.7990458863	-0.388326744338	
1.8426975215	5.36795650043	8.03317877533	-5.94864759791	4.91184112279	1.09847638635	-1.56350801735	8.96033212586	6.47080734234	8.9941559357	8.84495774306	8.88419726566	6.27994320182	5.78278261262	8.96856273129	-0.213416363934	
4.36467566868	4.73480091465	5.31732401905	-0.619758755752	2.51011972914	5.99177606202	2.8505372066	1.15718953465	2.13893616385	-3.23566469635	8.05727858792	-3.77260469728	-1.7950293444	8.76097641686	4.66135914234	-6.0	
-5.99975055321	4.4713348287	1.98962107027	-5.9997493014	5.83890638856	3.59347156913	7.30643343434	3.27357263885	3.07096835697	4.57921874578	-2.21404219896	-5.84056835562	4.75105688369	1.14119539669	-0.958486091852	-2.11518511424	
0.195263433844	4.52892011426	7.749064669	4.59067353406	6.03222675855	8.89864234006	8.85937195728	1.02409401672	-1.22416113084	7.26693619751	1.19701864591	4.76197130969	-5.85963401603	-4.47949404707	3.30134712821	-3.08554571178	
3.0340640797	4.84064799764	-1.51983754943	-1.67029297728	2.26689333113	4.76299953218	8.94697647616	1.00215255959	5.25263832841	8.98263542201	3.67161684345	7.99216902238	1.36761410716	2.23520978524	-5.8877932949	-3.31238669303	
-0.139552661293	4.61708350342	-0.500919999495	-4.61309122795	2.60878084715	2.2337124996	5.70344237415	1.6382987187	1.92422394578	-5.91305623468	4.59489088032	5.8188830112	6.95767708801	8.31356059167	4.12812994456	6.95417849796	
0.856839575478	4.82758748157	8.72992432021	8.94149744043	8.99999976654	6.02441100094	8.99999526901	3.99737304828	1.07638828519	-0.317164962303	-4.50959364032	-0.23380237424	6.41344105397	-0.0512557575785	5.69362164696	-3.25222156753	
-5.04110020014	4.79070242751	8.6511059693	2.36578332307	8.61253577836	7.59491591625	8.40352170767	2.07878157065	4.7633412059	-6.0	-0.579005878141	3.94382446027	-6.0	-0.836357596515	8.94064167034	-5.22276707314	
5.65348605543	8.9999969013	8.99999990908	-5.51593627533	7.66177674304	1.22133148723	-5.91913955801	7.89484981749	8.94540872212	8.24481930502	-5.48452992126	-6.0	-5.98208800853	-4.02788108698	-5.96009340408	3.93821177703	
-1.00869005549	4.59577366177	4.0939393597	-3.84227922798	0.46783422166	0.926927547894	8.12578771516	6.22216839377	5.24261346505	8.95358612055	0.210862111778	4.49781969508	4.8562240759	8.16987756242	0.465472932645	0.636762719907	
6.57530771574	8.22048480166	3.88422800978	-5.7475507772	8.99241635674	3.45436306301	-0.751518714337	8.97725631833	1.02453645556	4.86763934595	-4.54926213878	-0.0264605140594	5.86751598429	3.80216513056	3.28100415895	-4.66872033831	
1.69840237478	5.12309599647	-5.98679184669	-5.36564367189	8.99999719843	8.56969716302	8.9999990287	1.58864531612	7.65916590377	-5.54744892599	3.96614886429	4.27546676521	-3.64578886545	0.733253604926	-5.26520071766	1.36279448495	
3.86518772671	4.84004093669	3.83110034366	0.841442301444	3.85387773326	4.82765194555	8.99999994227	6.2446800295	0.554163276783	4.87711079566	-0.323356095596	-6.0	4.63113726715	4.96450566247	8.37711917341	-2.86637191343	
2.85531246468	4.86352665478	3.34180034226	0.402302408816	4.74105825069	6.61361567534	5.79520857436	1.05850462299	2.02153164352	5.67547157024	2.10790021605	6.23153134846	-3.94174907356	2.62206717744	3.84326395718	-1.68989433887	
-5.58484022389	4.79052695948	8.83521738919	-5.94410974236	0.347360950051	1.07392980203	2.15696518267	2.03847626184	5.34067797474	8.9999634531	-1.09041000094	3.4292030736	0.68324591907	2.59382589594	5.80856420202	4.31710352178	
0.122982873506	4.84151316762	3.2395947295	-3.55984243134	2.14011556717	1.06563712143	3.83792957009	3.1974348651	2.96668202048	6.85260545958	0.42367688299	4.94663092833	1.41389588905	5.0601598871	2.47569518752	5.36077418295	
4.37819897395	4.87079109956	4.90759426833	-2.03049642384	8.62006899048	8.91155291216	2.42285682513	4.78099033339	1.0210031249	-6.0	4.44253886157	8.9999932453	8.99828554212	8.66937044236	8.06314102785	-1.24644765819	
8.82388921027	8.99562968849	8.9996472741	5.11348669122	0.380304720621	4.70836396979	5.43092710311	1.02140794142	1.60425184688	-5.76270229622	-5.99978530741	-1.47719953295	-5.99999833872	1.23593847957	2.47289839684	8.99916487244	
8.99999533823	7.14636247435	4.78996289823	5.6056395332	1.87539172934	7.30871780151	8.99978003744	0.810009488076	-2.06725776542	8.87001729008	0.133035949215	3.84870070939	-4.83549517053	2.7986988614	8.81682102692	7.2640312073	
-0.431592188121	4.77353655091	4.19905023365	2.82621949988	3.37474761402	1.881351108	8.72500842091	2.59099422113	5.18646011997	8.99999976183	2.88205424987	-2.48826363596	1.5735911567	5.37917725214	2.85806652755	-2.61292937895	
0.844360888315	4.80184700981	-5.97696835283	-5.99949897748	8.8890439741	8.38783983935	8.99986613234	1.68370624791	4.78661359176	5.86389145918	8.46153894457	7.97391894675	2.44538510517	-1.88008865269	3.87940607012	1.1319841129	
-1.88379994487	4.79068017767	8.99479099989	-5.99983335543	-2.35903872297	7.54484495389	6.4009054577	1.02129880737	5.10881557684	-6.0	-2.00416372874	2.51823095685	4.36413447716	8.23021581247	5.10209254256	-1.06524689978	
-5.99937938848	4.44990194429	8.42238308811	-4.84810970983	1.72701386914	8.56530308899	8.91316499486	1.03041825033	8.61042982652	-6.0	4.81682467016	-1.29542920944	-5.99742452988	-5.95473699532	-5.99934170177	8.70915087743	
1.22130027573	4.51706027429	3.71846175985	-4.83087010189	3.69558668898	8.99999995361	4.83469127596	1.02487723431	8.42469536097	8.01466703314	-5.39566933923	0.745044723346	3.26163909377	6.66747252363	4.2853698222	2.29396427488	
-0.182451250506	4.34047348435	8.99999999881	-5.42958539212	0.933028995622	6.10029488997	-0.175852894539	0.857187070302	8.95946773817	6.43031760747	-4.87309252434	2.31330582026	-2.09951465322	0.876956694811	-1.69347464321	8.67768073359	
5.44465173793	8.99233717843	8.12290593918	4.59812450815	6.91188283111	6.73549140119	5.06182305885	1.41943047618	4.76880427096	8.79508073982	-1.0785751152	3.44414782788	-0.694620719863	3.16478819805	-3.70709895118	-4.21649572162	
5.4313407252	8.99882777818	4.20313714705	4.03091908123	2.37046468292	1.13834723118	8.86443140203	2.90541175163	4.35599332067	-6.0	3.05114814311	6.91140131293	8.67024963358	-2.72613642467	4.68049571487	5.58140133633	
5.54671579465	8.16897565766	8.99999348923	4.80656016174	-3.54815955408	2.16863426913	8.9948767725	1.05337640907	5.16786502743	8.79577070066	-5.35008446862	-0.827261425586	1.59941283503	3.46399791418	-2.56301814551	-2.59907106021	
8.99953921081	8.99999515191	-5.99999894643	-5.99983422365	5.52018187314	8.99998571256	8.32668576619	1.03572827775	5.72402863422	-6.0	-5.99919771988	-1.85495961181	-4.29459193894	2.38963189314	-6.0	-4.74728414187	
-0.877080194977	4.79615608366	8.99690702368	-5.99999968608	5.09025979086	1.02135871684	-0.648464177166	8.94822731019	5.11087660628	-6.0	7.05115377789	3.1814991766	5.36135374854	8.99999978386	1.91109301216	2.91754888534	
-0.28349871758	4.38805694133	8.70898283733	-5.86126085125	-5.94354735787	1.03433254435	3.42481859175	2.54973346902	8.24906432395	-1.66327982367	-5.99329208166	-6.0	-4.96781334131	-4.56111352343	-5.81928536561	8.33948191005	
0.611259730571	4.89372143817	8.99999877266	-0.545387276406	1.46648186948	1.00995073946	6.94013655268	8.86474854729	5.4771757438	8.99999396582	3.47428774985	-6.0	7.30080009659	8.98752916892	4.00095025405	-1.7586110318	
4.77559287149	8.51171101946	8.99999562563	1.14493442281	8.99999980365	1.42117098032	1.13159322728	8.9999995567	4.86034101572	3.14435933821	1.50862686049	6.16934335264	-5.41960199311	-5.95122389925	-5.03679871394	-4.4469692392	
-1.8301234526	4.51861346351	8.98841518008	-1.54126346835	3.40975346996	3.48832393699	1.09787494281	1.31512992357	6.8617572685	-4.16235675005	2.99108035409	5.69057843168	-0.339280881683	5.33460180044	1.65089778137	0.519516111895	
8.56961042323	4.54806840382	8.89660722446	-2.26799786994	-5.99984391835	9.0	4.43387184715	0.974562811157	8.99994941567	-5.58890198909	4.98905900287	8.99999999999	-3.07205269313	-5.99996588621	-5.99852919058	-0.783464016056	
-1.99261604098	4.49575251607	4.1278251431	-5.99997898644	4.80423888639	8.99998388946	6.02220910554	1.66809641267	1.1268180849	1.9557751118	8.85978553137	-0.278332449837	4.04599136844	8.91049996987	-4.76861027826	1.27272105106	
2.01033306131	4.67295509189	-2.70230762931	-5.90643659409	8.21161040355	6.61546700101	8.48925895547	6.80595471013	1.03509851826	4.62090872285	-2.86788794592	-2.67910454244	3.92043785388	6.87485785457	-5.9434553807	-3.37981231938	
0.461678322955	4.81965268085	8.05942705289	-5.12080838678	7.54637229645	4.46782291545	-4.04065209814	4.06966378522	4.24615886276	6.39533633363	0.0195641297208	-4.94634363276	8.74441212464	8.74495565532	8.9829523237	8.13910539777	
3.07037966746	6.82980390459	4.19827385651	-1.59456848612	8.74787311362	6.5932203064	2.79771978812	3.18991068325	2.62458765058	6.50850744008	0.907463281259	5.43015395698	-0.483121880474	3.16731854385	0.0251285590563	2.91075753098	
4.0871155999	7.8081409238	5.94100289427	-0.0207191953471	0.825990646559	1.09689703333	3.84819458085	2.02210494278	3.20554307596	7.06000307232	-2.68747219511	1.83533614028	-4.41304686478	0.999725276623	7.19975988014	-4.75437611155	
-5.99848925769	4.79039961378	8.9550834511	-5.89442973752	3.09738072096	3.64201173045	1.4031505791	1.13129506821	5.07213812651	-5.67321128016	-3.809525907	0.709727437585	3.37140206823	0.616009985191	6.53209674705	-5.47803113619	
5.27322763165	8.99986819054	0.124274569712	-5.99987201155	1.17295981189	1.06407365089	8.96645367987	7.67696881297	2.04865755132	5.93465050062	-5.47597567404	-0.95339159926	0.675241464889	-1.7952933815	8.99999976938	1.65638837747	
2.11146222266	4.79073907676	8.99999985534	5.11397322068	3.84416788672	8.98638406364	8.75264778285	1.0213013694	-4.16960029967	-4.13325850418	-2.11979213834	2.4030047901	3.3324418364	-6.0	6.98778571051	1.04687055288	
4.5208883689	8.07391821383	8.0325571574	7.07603100202	4.82742260558	4.02142322761	7.38555328257	1.88821429353	-5.93055325605	-5.25680194211	1.74046197677	5.85640777877	7.39230234944	8.34358617763	2.57872335673	0.903980708321	
5.85743573498	8.94707983616	-2.2772524382	-5.31858249854	8.97800880187	2.05142325244	5.91630300893	8.94987794513	1.20908895564	-5.61212260405	7.52379239786	8.99831353057	8.40194240232	-1.78330565503	7.34587529677	-5.45111566718	
5.71116196437	4.36803936677	8.99999556297	-0.282435291248	-0.130479849478	9.0	3.32219142623	1.02138508514	8.65251850098	0.93566532344	8.5975447294	-5.88198178697	-5.95706971352	8.98531864114	5.32541089794	2.67081828168	
2.7411406196	6.17056666675	8.99997934502	-3.24395011856	1.31792701651	1.11162166938	-3.0608023382	2.16431256113	7.56124825597	-5.83937314808	8.88568587301	0.617453483731	2.44990755919	6.71512141333	4.36018290867	-5.43739953655	
-5.95176393065	4.78749839523	8.99295264169	0.50997543375	2.38386468343	1.02319493653	8.99548537551	4.30432116921	5.10475097459	-5.9971073405	4.40805711598	8.9980582346	-5.72603029292	-5.90647434995	-5.36702075661	-3.99009336987	
-5.99784266979	4.79068413912	7.56688730264	-3.86879851374	6.1188406808	1.02278574517	7.0526174131	8.99993632395	3.68089754545	-4.02827402561	1.90988835335	0.171277936713	3.73020901371	5.74812770478	3.95412458636	-5.98445214225	
5.23105646682	7.18756959786	-1.26795591467	-0.446461218186	5.25785089295	6.75059394019	8.99999985184	0.987910941935	5.36173063692	3.91536772255	2.1124064205	0.624614208268	-2.86444250196	2.54575665639	-2.41733277946	2.98712884665	
8.42467118437	8.89756341841	3.29583740741	0.244936618159	2.09557914069	4.72323404978	5.46012357393	1.60754940382	1.02991190812	4.61788943987	-0.682680203674	-6.0	4.93101487399	-5.09564525528	7.00031525395	-5.99705442485	
3.88056047417	7.64981142313	8.58503875793	2.80678369937	3.58530136576	1.23802425194	3.21583627931	3.77623748523	5.25375307935	8.99999976847	-3.56101874025	-0.0361333082559	-4.55897543194	-0.919740539463	-2.42098421341	7.7366959662	
-3.69666428471	4.46073345848	8.98464573911	-5.9848217994	8.93578873966	5.05482145445	-2.045491499	4.88272093723	5.87202271028	-5.02058357742	0.801896418331	-0.10086110981	-2.27198374185	3.82250421205	-0.407851338859	1.18977123087	
5.20875873335	8.88350621261	-3.39079419879	-5.9999997324	6.3623615022	1.07090533266	8.36331679428	8.79510881099	1.99664011259	5.79171369659	8.46557381756	-1.14017472425	1.61642894134	8.99102070913	8.99878603242	-1.5726311395	
-0.378957230351	4.48849602629	1.37088805188	-4.30607399408	-1.43889234707	1.05109447952	8.4882369759	3.01194420326	2.2666683434	-6.0	4.10655507725	6.30678982742	8.72125076917	5.60724919549	8.21020227959	-5.74147778199	
2.94310445873	6.5253641317	1.41421095802	0.996330778596	6.46354262056	1.30437966058	8.3017645103	6.50066797873	4.3361472469	-5.38791294934	4.34357151651	8.42956982696	6.02819778713	-2.28530135351	-5.63821319445	5.65179543928	
-2.90915122551	4.79070813853	8.99921415861	2.34101473733	8.99999976432	8.27287379473	5.93345170458	1.82303776813	5.1125149744	-5.68882319382	6.49904610485	3.97941699069	-6.0	5.61825364767	1.90643631717	0.848012042234	
8.99992080261	7.44290060678	8.16156501125	8.77682120599	1.28113983655	6.37597284447	8.97069433595	1.02241228752	1.20880816768	3.27220240605	-3.77525382171	-1.3556637745	2.07625259511	-5.97269927606	8.74718343651	1.43207104552	
1.97840519194	4.94383743441	-3.98008984161	-5.87352505654	2.18241696321	2.78526502578	6.61756152053	1.05376405715	4.41720919502	5.91729019577	1.39718428902	5.28266358104	-3.23992810345	-4.21121260941	2.33174523793	6.16005624285	
4.24896836941	7.44766930099	3.39231185434	-1.76354615838	-4.5022662142	1.40311437305	8.99840723858	1.25430385842	5.14938016873	-3.78806761414	-2.87259063492	1.40273206729	-0.953130033104	1.8087341411	2.30189669755	3.97901167726	
5.04858683826	8.15572165864	5.03491159729	-4.12048938894	-0.630089203458	1.68413362797	2.5146672928	2.45283071353	1.14883692105	-4.20518654055	4.29399320278	8.8163930504	1.8456056853	-1.78562680282	4.99030377508	7.80344386571	
1.26814933916	4.47698087996	3.76800509438	0.807080429406	6.0501557872	4.24973209943	7.56469738509	5.2759054156	-5.95946523555	3.86495528846	3.35464073026	-4.39996851813	8.92744693355	2.92942475009	-3.27397166988	-4.92267334837	
-0.824521070155	4.61386687229	3.98256800616	-5.91622955794	7.25232162707	1.79659375532	0.461067774547	6.58153253528	2.38055713116	-3.3576956244	-5.97693633724	-1.69861899049	-1.49323739449	0.0665147970498	-3.75151705112	-3.87363305417	
5.21892547606	7.07897985598	7.41073196696	3.82324849065	2.1520708245	4.04072910934	4.99003609278	1.01226235247	-0.442098263634	2.88373893057	2.54281278704	6.99540454279	7.94012151004	7.8291379576	8.91479961098	-3.88188639611	
-1.54324082512	4.75225056116	4.96536331841	-1.0314628851	5.93522357899	1.70845659386	7.93291623293	8.07071641197	1.11466155634	-4.44813459933	-5.89536795924	-1.00436556513	7.46001025137	8.60646586795	-1.77454118949	-0.827466399297	
0.655084075137	4.55944415985	4.5055049761	3.88811686026	4.06551578437	0.962922084854	8.7088251553	4.75210230763	0.00580512324199	-1.52021001017	8.82389584938	7.78728554877	7.21805636543	4.34229239212	8.94787087034	-2.10864799667	
8.77998670529	5.42774147683	-0.691643367733	-3.84440526474	-2.0580144297	8.25717918915	8.62737312913	1.02130995616	4.98905683855	8.87506806184	-2.63687891996	0.957288406565	-3.56539598217	-1.90391476612	-2.76039114929	7.47691273399	
8.83419601339	7.55202363151	3.41174203575	0.230333834203	2.09615513232	6.0964883719	6.13150381007	2.84027335964	0.963877785499	4.64191628438	-3.03557000351	0.681820086642	1.5532299176	-0.552101221722	3.01677212933	1.42959581998	
5.87440545426	8.99999991172	8.99999975938	-5.35485560574	8.46802810966	8.99999986	-5.76824945832	1.13315987225	5.11397569849	-5.62428505628	-5.9999991924	-1.47717009385	1.52766787773	-1.71766335489	7.84973057541	-5.99120641068	
1.97822302587	5.64317308918	0.763125600218	-5.99967355323	8.99982706957	7.92786656985	1.9543389955	2.30531164822	1.85445333678	3.67827436358	3.0080586453	7.51092568641	1.49191915647	-2.81613084099	3.46507604991	5.64600286596	
2.62676204043	6.11109586302	3.18790544807	-4.1590108312	-2.94652322641	1.12747154884	8.24510745818	4.22812665049	8.98228913999	-5.7301943237	-3.88501907744	-1.14679592272	3.36973229082	1.20207463706	3.60321450763	0.331934037473	
2.20516565037	5.92130988555	5.91769780681	-2.09139725474	3.77892426166	1.19829006862	1.03845182333	4.11083294323	7.24093721031	8.64111826335	2.7921050266	7.30377594601	-2.97169538763	1.35243971527	5.56043862701	2.05044979576	
3.77824381431	5.3022492595	8.87349706315	-5.92603233744	-5.41424454262	8.99831845701	6.08900040398	1.16803321585	4.74803224018	8.56971755804	-0.646300356527	4.38884347908	8.52714967424	5.80261089862	0.444461814684	0.782493277227	
5.470969483	8.99808795404	6.20246868141	2.78567132822	0.631964175685	1.07280968018	8.9254540052	4.52895277221	-5.99791309595	-4.26326413256	0.256918763825	4.30880839484	-2.1642360276	-6.0	6.90642951962	-5.48055410023	
2.36815142989	5.95536439403	-4.224012915	-5.60467306562	1.8198257088	1.03602095232	8.92456253857	3.70651174091	3.21431950999	-5.47953973214	4.93254079753	-3.54001094164	4.2903642331	6.17973299886	5.29689798539	8.96612709618	
1.93891859847	5.30432316752	5.65880776204	1.1496431571	8.9827440245	8.99872512055	8.90524094233	6.22145608134	-2.8462561285	2.24282574163	-2.46796656001	7.5394347483	4.3972671663	0.206677397371	2.13636493955	4.2969265377	
1.87083795045	5.19167178369	4.14296225889	0.876284263902	3.19235077525	1.65027833063	7.05028541277	4.74190159197	0.794512341861	4.89965776937	5.16391980832	8.79039053134	8.97215317371	-3.09582093726	-2.09019493375	-5.80364741901	
6.00287732674	4.54777042848	7.49918979989	4.72463884259	0.435386295749	8.99626085324	8.9954951236	0.971892656626	6.07225648121	8.57969652482	4.83458319062	8.97982036744	-1.51937965738	-5.81538835784	-4.9615379962	-3.7284796445	
-1.13388145034	4.79322294365	-3.40690894447	-5.99998796453	4.86230180005	3.99430419711	8.20685382097	1.94504168382	4.5681205135	8.45388215343	4.47929523044	8.99963572678	-0.932169385247	-4.35265815767	3.58590875137	-5.96861951899	
