6.81894702026	8.99999999999	3.77412334309	0.650372660944	4.82257501966	2.59595596902	5.52219660004	4.9063874731	0.953037986903	-2.7331772759	3.03278719642	-1.5548449212	5.51997819024	7.12859668551	6.63874482144	-4.07127880825	
5.09487670858	8.05291697139	8.7202683543	4.83424517	-2.7506850988	1.83295791411	8.54566617444	1.0941260658	-5.65566568042	-2.20691201754	-0.962794678781	3.55996931125	2.8541453504	-5.58517151216	8.97957534869	4.47855363447	
-6.0	9.0	9.0	-6.0	9.0	9.0	7.92411435129	4.15129584803	1.02255855003	9.0	-5.59633377815	8.99999581353	8.18568478169	8.99993221431	9.0	8.97912670677	
-0.957810351823	4.51838095443	4.26395431336	-5.99999820888	-5.2769547233	1.0600060134	8.99999651838	3.65492219804	2.10272167952	5.20611602985	8.98311247377	-5.05384286888	7.83711338331	-2.06436337648	-6.0	3.84110509977	
2.88837484796	4.81838452091	-2.57094101539	-5.55550086807	8.99999976919	8.43577496076	6.82222196228	4.64511763468	1.02184808217	4.90891136733	5.35009663564	5.78571992329	1.45494903378	5.65758576767	2.55573638637	8.59852656348	
5.13481759055	8.71422307006	-1.18415338001	-5.10693698296	8.95548275942	1.36855961881	4.67666367974	8.8141595985	8.48059694905	-6.0	2.93760849276	7.24652331482	0.540236756738	5.65259144447	3.05131012564	-5.94825857817	
6.24903124457	4.8205467323	2.01197427237	-1.93974701419	-1.50097362113	7.39818701497	8.33618963813	1.02135482838	4.69770448649	8.58372714912	-3.36245215602	-0.754342743199	-5.27712337883	0.0868126676142	-5.99999976861	5.51756437021	
8.99984531043	8.99984541049	8.99999997745	8.34177127403	5.65364403351	8.99984536806	7.50560079554	1.02159913225	-3.41576815424	-6.0	-5.61622066903	-5.84663016015	2.39997583672	-3.25197768749	5.48137472446	-3.82328184161	
1.10393734194	4.38856619907	8.36680440117	0.13633504079	-5.99999999996	2.41838451658	8.3078295286	1.03938926823	8.05726975443	-5.99978020224	7.58018569989	8.87029992966	-4.81373450291	-5.99584498129	1.54368625142	7.63071607008	
7.85923836584	7.32949216464	4.50741567494	4.83805385902	1.16317875627	5.46126669115	8.90113982128	1.01861711767	4.29609687437	-1.21692111531	1.20176951633	4.86437179401	3.9566496546	-4.90263401449	7.13813569966	0.463856710685	
5.51992286812	8.9999997688	-5.65985908682	-5.99999976862	1.18133505692	1.52085965928	8.62462915723	1.34999703363	4.99223929157	8.84775886531	-2.15450693527	2.21352677916	4.44626614391	7.75682566433	-4.10999432779	-0.59083479685	
5.68644948464	8.94718372074	-2.73359759272	-5.99604862567	8.64781078896	8.99529452722	5.32412681386	1.1824802941	4.84549102336	8.73145459974	2.11758849582	6.6397873785	7.94857372147	6.30110209039	8.99973010883	-3.85530430922	
3.7846162078	7.44358122201	1.96348189659	1.24834282854	4.871140479	3.81988937209	7.81129758805	2.11192862132	3.53564819351	7.28550280321	8.56973650737	-4.82200565616	3.70376211944	4.40928894127	4.75062276741	-0.486509579931	
5.76004357121	8.99761021006	6.39259740973	-0.0186328094942	4.45187353339	3.89669406049	1.75323812191	1.68388329229	7.92992104974	-4.05660501701	-5.48464062082	-3.1268780959	5.47220491498	8.83035302692	-5.68713619566	-4.22012784241	
3.04359942109	5.28145137464	1.38439133142	-1.61804220301	4.62853624571	5.16487679626	5.75515390935	2.18751492229	1.06040629326	4.94722758613	4.47307670279	-5.91579412777	8.95117363773	0.833682543032	2.1957356743	-5.97071417338	
0.100913461569	4.5721360222	-5.99722322875	-6.0	8.43409696427	7.05693566234	8.98524860354	2.23747897464	4.94358176045	9.0	-0.0781131364497	-1.90096633749	-5.93659899295	-5.47931979237	-5.99891541442	8.99976690933	
-2.52170644088	4.79075716528	4.55801822953	-1.55572559895	0.921598607386	1.52400250034	6.88454639568	1.28754270737	3.07664059597	6.96096485592	-0.632316466536	3.89049324288	2.20182514092	-6.0	-4.84959832179	-4.32409376224	
0.60738464131	4.78647655473	3.60108315922	2.90779302415	3.24509764799	3.38255578803	8.88977447002	1.38872242226	8.20955738358	-5.31813560045	-4.72114036933	-0.291322919778	8.21677282563	-2.47215532834	-5.52105509104	-4.18501183706	
8.99997709321	8.99997366363	7.85921556802	8.25116044648	5.54829581294	8.99995586771	8.66109302139	1.02151163654	-5.55044181313	4.99167246205	-0.261029841722	3.76205494005	8.99933593128	8.48913245604	7.97277791592	2.70246601262	
1.79827771655	4.83156359218	-0.591551103775	-3.97334111526	8.69813346617	6.53738698315	5.04908331907	3.75555220138	1.03357932918	2.37078540745	4.85438509172	-1.33135461867	-4.08391610567	2.30406262672	-1.695236789	-3.10004380454	
-2.28239556872	4.79077079032	5.08541835337	-5.97049531105	4.20784210438	1.53104228974	2.39957539585	5.26324249922	1.19939587825	-6.0	-5.99983043056	-1.47700423695	-4.55569089024	-0.444255434061	3.0416034683	5.92659789678	
2.57912604831	4.73189999003	1.91323974057	-5.88456510716	5.45334331862	3.93920031365	5.61701588994	8.98054774295	1.01297754029	4.7617564461	0.243548810776	4.73534784607	-4.6373547576	-3.39843647926	-5.44526110348	-1.83472167189	
8.97280824675	7.79555530953	8.99810864006	8.86125165462	4.24225303857	8.99999975453	8.26084470363	1.02131707936	-4.52899186975	-4.38452201752	-5.99907491917	-1.72357782253	-3.38739506849	5.01015698323	-5.41864922009	-2.48230127583	
7.06789624502	8.99999976875	8.2870029541	8.99999979508	2.22717105778	3.71398880297	8.99999943307	1.07090300786	-5.92604265682	-5.49458455292	5.19157323184	8.99999951722	8.32169091617	8.95379950703	2.70818313687	2.30464999599	
8.99999717265	8.98722104247	8.99999890224	8.999998902	4.31913553189	7.78845858796	8.31689713996	1.08589685726	-6.0	-6.0	-5.12817489294	-0.968507517373	-5.33240026969	1.785535222	5.72525304789	6.95451687726	
8.61836119783	7.20265877002	-0.29445862161	-3.07046921783	7.49702631222	6.22803032714	7.16144468654	8.82637216826	1.02121915057	4.90726190442	4.45925604977	8.99938527651	4.5754000907	-2.66673952197	-5.9546552007	7.47093117621	
8.43442667984	5.18475942352	4.23985793011	1.21292748352	2.00371666085	8.77615808295	5.6490156448	1.36247286636	-0.431060132634	4.77297512274	3.94650381607	6.84664404644	-4.27233573046	0.778259168935	3.42727466463	4.00446316002	
-3.57248980161	4.71725437549	8.62779384457	-5.68590136893	1.53323362659	1.31462607899	-0.430224664185	1.90880830715	5.77862525685	7.45482468698	-3.30895117463	2.89851942487	-1.50933183065	-1.78790490213	3.13580684656	8.9920657066	
5.42286682108	8.9963732921	3.53296646117	4.14148686625	8.98466997995	3.77685943062	8.9999974836	6.22990080686	5.35365176142	-6.0	1.67109432416	-6.0	8.59158236581	8.99999976894	8.93644513229	8.99994637598	
-3.33892563048	4.35390517503	8.88855989483	2.44578360782	-0.0172838802543	3.09439796857	8.99983235711	0.804897197989	6.38786576407	-5.98120496738	3.34987375463	7.68112792462	-1.10449229954	2.96145781183	-6.0	-4.39722383041	
0.768075347276	4.5299013316	-2.40441742667	-6.0	8.39044254508	8.62867546574	5.14193928876	1.08908567243	8.63886777898	4.02435387561	8.20595486956	5.01426513977	-2.80291249081	5.62810666496	8.83545597986	3.25824149827	
2.94575198119	6.25191505013	3.58956670554	3.73230491611	8.94517731927	8.9985602199	8.65061573328	1.24887375176	4.29867124959	5.63285213904	5.31643639011	-3.34189890257	6.54218376166	1.53725029204	-5.94660405219	2.05591886568	
3.01274389413	4.79037627542	4.90984422564	-5.62038231915	-0.424551776071	8.27532786836	7.09667142337	3.36117798129	1.02319288549	-5.97319577383	0.86385871379	5.37754748344	8.99757161313	-5.90494462698	-2.86483557777	2.22026817846	
2.99183616628	6.5641943273	2.07460986719	2.00593035958	2.27082935877	1.17482161803	8.88054917101	2.6770046373	5.29340776617	-6.0	4.03047084364	-4.7054398466	2.43756157654	7.17856205628	4.04418305497	-1.73715263344	
5.84092523131	5.48856831806	0.10193395459	-5.91569858492	1.47482187801	5.82450712268	2.79713978026	1.02156396964	4.22053078177	8.10652422694	4.47582708351	8.99830730257	-5.71318854183	6.51013238862	-1.34728598091	-6.0	
5.07444615664	6.56088363971	8.64345118045	-5.97207117698	2.20448863263	4.57220694154	-5.84665686708	1.01103544522	5.07311986075	8.83164138686	-4.30910827718	0.141736986611	-2.63182496611	1.71221406487	5.93852386011	-3.07590431478	
-1.90202300682	4.37095776824	5.65055238434	-5.9998788089	-1.45227137513	1.79767673632	2.77190444736	1.10281981007	6.59622725703	7.2805783614	-5.93153481364	-5.65362680167	-2.95892362652	-5.45260504897	1.91961648807	-1.48771570194	
1.4490475236	5.167662865	8.99999990634	8.74305192144	4.19736593341	1.11374860688	8.99637372214	4.82235310077	4.35415465123	-1.5640127724	4.07680175059	-6.0	4.38170617814	5.93870229179	7.53617189182	-3.35546372211	
2.35097460701	6.14011276663	3.03283901534	-3.44652458526	1.96774948043	1.02156256969	5.65890245225	5.4994347866	4.46232575035	8.34834899474	-1.55353279529	2.96925141049	-1.55310605841	2.08510385678	3.42526111302	4.38316340557	
-0.0815937249409	4.61014847901	5.3874316016	-2.55247625226	2.23734705659	7.53688116211	6.86901190492	1.02727856508	3.14582794509	6.59277969726	-0.456850081367	3.82596055282	8.81896702018	-3.7076299794	-2.3629385849	-0.308207638776	
5.52756813742	8.36331838521	-0.767009608874	-3.75573962865	2.87487879125	1.95526393739	8.9449268346	6.22164019342	1.07503609094	4.96107399564	8.56060481798	7.85095695595	8.68872760353	-2.39378427832	-5.41124232812	-5.99829521499	
2.97090949243	4.51307540122	8.99893388531	5.90222519632	0.45619078036	6.1837964451	8.99241889372	1.0230368414	-4.35782118669	-5.99995919629	7.93497664928	3.32192943031	-5.83157205657	4.08761861077	-5.27708645108	5.59105945183	
4.18296463632	7.95264235839	8.75417593855	-4.23608899398	-3.35144852041	1.02132493914	7.92578049443	8.97771422763	4.86814394263	1.1601009721	4.47715255511	8.9999992928	2.42665948043	6.06433717007	5.26063645589	8.14572109627	
8.99622554257	8.45930194771	-1.10033599009	-5.18508996248	5.11242836043	8.99648382572	4.07883109638	1.02124173131	8.99500463783	-5.54149474632	-4.5119357376	2.00234179763	7.5415887883	-4.74985860599	-0.654546127375	3.41573074809	
-0.840141385864	4.79070028251	5.25686399372	-5.99995713715	5.84842500861	8.98216513456	2.48020365943	1.17656311666	1.54393940914	4.94681174824	-5.71467619905	-1.1918661203	3.08250246199	1.21210814618	8.99880211164	-0.085750714265	
8.85553785316	4.99348198257	8.99999976876	-5.98921943923	-5.81328092617	8.99999976886	0.765308446848	1.00910526238	5.15305087866	4.0933431684	-3.38933983988	1.11071174646	-5.48646455561	6.4343157257	-5.48487488283	-3.9696839483	
5.42247095359	8.99990956933	2.09452783951	2.50098736732	8.9980920783	1.45633456955	8.99986680925	8.76184615332	5.77916611591	-6.0	4.76652792226	8.94069874861	2.0078587351	6.00204587536	2.42480425054	-0.224913099967	
4.02727570972	5.71045870286	8.99994188127	-5.298347599	-4.89699853334	3.79983747117	1.15167557557	1.25425389539	5.03013194968	8.999769908	4.25144743647	8.9966147959	-5.04490557379	1.4959125759	7.38017443928	8.72050656699	
8.00299028383	8.79715553838	0.976335466154	-2.25929151618	8.81281295841	7.42524968	5.06941449054	5.08470480729	0.96936947162	-3.96877137574	5.93419804031	-5.54482806368	-0.377506234623	5.57628493375	-4.51737014359	0.0933236925718	
-1.83082015738	4.47734198838	3.94087442718	-5.99082312394	0.140185548482	1.1743087832	2.77738750469	1.57959709269	8.84956680442	-6.0	-5.97612700058	-4.15388895934	4.64078004985	8.5989825731	-0.502712368288	3.0745870257	
-1.83794153054	4.79130135432	7.67226696648	-2.23867641662	3.55635677221	1.1000819003	2.32144609005	4.2635414425	3.78623622968	0.738421919631	1.90624082448	-4.85312639428	-5.7911186696	5.54569046212	6.84616766381	-6.0	
3.03989719978	4.42379015031	2.63755266392	-3.60383741132	5.64233296751	8.48888666412	4.30698416432	2.4136931216	0.985454800575	-2.52398794974	8.24706931152	8.61965765453	-2.42246884806	8.99999999991	5.04759596641	-2.77178910758	
9.0	6.18780225628	4.95910809711	-5.84454969774	3.02154286153	7.46389216838	3.61403901838	9.0	0.958897600651	-5.86913734224	-5.95704443346	-1.50119941601	-5.99599799042	-2.84280902368	2.71975415608	4.29128317305	
5.95026981317	8.94798188848	8.99997569573	8.99997561293	0.568672011387	1.56559851519	8.9999754482	1.20928492483	8.19987842891	-4.61744588929	6.57143495406	8.79120690637	3.64796361563	8.33480788723	-1.79194855613	-2.86052173352	
2.52320107427	5.94386275333	-1.86467097779	-5.81591478039	6.43329943557	4.7242748078	4.20937630202	2.59800653739	3.95597459414	6.66228668888	4.9500760222	8.9999995276	-2.25629344872	0.951331678429	-5.75099249785	-5.97643409227	
1.06640338391	5.11519480497	8.99982366884	-2.61659214311	3.18111563747	1.02128272566	2.91822855363	8.84980634387	5.41224648111	8.99580082677	-5.93886781998	2.35569865846	-2.16793374647	1.47002733802	-5.4696371543	4.3239651813	
4.91528612441	8.18497772805	5.04136375821	-5.41236552572	3.760543925	2.83694575358	-1.83623712706	2.46064536795	1.29515962536	3.92512271083	3.60057500462	8.3400985778	7.84216034295	-5.70559791431	3.74773738367	7.30299902491	
4.40235144546	5.75000905395	7.45736082921	-2.68846841927	3.74332454552	6.21485145859	-1.50789885249	1.02286585697	4.52561889209	8.3604994485	5.22129185735	4.66498079902	-4.02660098584	8.97568189136	2.86683689125	-6.0	
5.45425079482	8.99999999993	8.79269730843	-2.91789191184	8.37246742336	6.61499528645	-3.41368798518	2.70604831766	8.2407255943	7.40435002225	4.67552206132	8.99999999997	8.92331580065	8.99999943679	-4.9990891619	-6.0	
5.82829440162	8.99999992433	6.41970006288	1.35229956637	8.91081492927	8.80484557266	3.13297641231	1.31166848257	6.97085958442	8.30006504759	4.6374794222	8.7919606334	-5.99970078692	-5.95638690008	7.21674620767	-2.75624298513	
-1.65488934607	4.57843291203	8.99999977513	-1.61371941161	8.55471662996	1.54237008054	0.570356329607	8.16829990726	5.57367766691	-5.77528507718	5.69218183903	2.13337708278	-2.79719762759	-3.43636898596	-5.99999976861	8.92873132434	
1.62850150053	4.91746832946	5.14828755098	4.79613126229	8.1182971995	8.90847972417	8.59184434738	1.07428202443	-6.0	8.56347416413	2.77858790108	6.79563272321	-5.86016156262	5.01738136877	8.02195543048	-2.71453002973	
7.3117368934	5.16334859516	2.69246267654	-0.346676696909	2.19199004794	7.22544053465	6.777908721	3.13610588861	1.00573452196	4.90800473459	6.9791145118	-2.86661792239	7.38621988633	-0.501999264462	6.66224741944	-5.17618643891	
-5.98979367455	4.79070282927	8.76878370402	-5.8720667017	8.99975615612	2.24421986591	0.983628940228	7.80363913523	5.10459315239	8.59267305381	-5.99402936566	-1.47123533567	7.18656766385	8.98482942104	-4.15891952809	-5.99852684878	
8.99227603833	4.74160650624	8.99614749443	8.12187186853	0.543149661955	8.99227686923	8.07134839845	0.973216869517	0.282293308271	8.99569229733	0.129379853277	3.97594022583	-0.365525461674	-3.70945446691	-6.0	8.15604635713	
4.89275740599	6.7206494611	2.93785005501	-5.93059354481	2.86867054776	4.49178829572	-0.617028745553	0.993966171725	3.99584413536	-6.0	-0.48983262309	3.920763845	-0.200494706863	-2.07152230526	-5.96577033989	3.5122088031	
8.79270160512	8.99973619232	-5.99999914043	-5.67550389236	1.60545445887	5.1270790857	8.85701481155	1.01006420685	4.68510947482	8.28510921525	-5.98900982462	-6.0	8.94747000468	-5.81994902059	-5.94562717841	-2.63630222878	
2.2492285478	4.81442388916	8.14319196734	-1.40760658097	2.99243001723	5.47421512015	0.314875602996	1.02281368944	4.63625922297	8.28741103431	-0.0249650013534	4.49787450775	0.906269274304	7.02349060201	-0.973103001188	1.9126915405	
-0.336527702181	4.36781713593	8.97624714726	-6.0	0.00179377768161	8.57742164736	3.12100261707	1.02139529506	8.91951415577	4.76572485442	7.85524986285	8.78824449151	-0.284205871783	-5.98196352148	6.86173801147	-1.70942487476	
-2.39083109426	4.77652689436	6.12801208846	-1.49049459006	4.09895676894	6.54366376201	6.81426832574	1.02454272726	3.17777790212	6.5445260668	1.72982491179	6.00203339559	-5.90163483239	3.18591509479	-0.325681988378	-2.96318856475	
-0.93066293662	4.7972468907	5.30369878848	-1.54561644079	3.94586819207	2.51757181518	3.96352462174	2.71743944901	1.41045244971	-5.99912434986	4.10677153034	6.18430690426	1.50720357194	5.88299182872	4.51948485698	8.92013575399	
2.95120616976	6.1410032515	6.20519317558	-0.432734754816	8.99999982898	8.99999980322	1.67232104116	1.32605093643	3.4196256535	6.08942758834	8.98187835443	8.99999733571	-5.85818160923	1.95281003843	-2.60562926029	-4.31460184038	
8.0058105316	8.99510846607	8.99999970781	1.72431458283	0.743061837287	3.99064621158	1.778205557	1.02122247772	5.40399390711	8.9998629184	3.64034304889	6.93733916857	2.27669413256	-5.24322513861	1.78097464097	8.99999755804	
4.47572013275	5.48018945641	4.66950862927	3.41432109461	0.815120334678	3.77250249596	7.55534025596	0.932557325397	-5.54656937578	-5.51178754579	-2.76342622652	-5.24795853951	6.61455502264	8.70993217796	4.85097488576	4.7758289808	
2.83422685488	6.28934287116	-1.89930047447	-5.20454637816	5.25155767403	4.51355486035	5.0813281139	1.88786069029	2.11013522594	-4.31057400061	3.0140588637	7.13577159317	0.145182891843	3.75593879313	-0.524150916652	0.565853729555	
-1.18981988483	4.79323718638	8.28138468987	1.86413719607	8.9760573552	7.68047431311	4.40444269562	2.33833607936	5.06107763836	8.84182387997	-5.92414726417	-1.40132770176	5.67715608109	-2.26290284866	8.34093283418	-3.74308693929	
5.31097150869	8.99999976875	8.15090478963	-5.94451386647	-1.06786297789	1.03238225322	0.702181437658	5.21353835398	4.414583457	-6.0	-0.266316206872	4.19924115893	-4.92412935634	2.8058725105	2.17206453168	-6.0	
4.5950003035	8.05913124041	5.36281903645	-5.59024302376	-2.05365897563	1.054339002	0.971186777187	1.48321747117	3.68353057338	-6.0	-0.818856155982	3.6677127274	-1.68701172629	2.19078851044	-3.6437113472	-0.945839299419	
-0.464428736722	4.52159493762	4.84484733213	-2.53066463908	-2.39274127436	1.17920042382	6.93887072251	1.96108781506	1.73568829721	3.21585389858	8.46010884895	8.98277350729	-3.55136055211	-3.04898197577	-5.89382008468	-3.71287478682	
8.99332953024	8.99344061682	8.98963601663	8.88271726249	5.40956949672	8.99026773125	8.29156874883	1.02143038813	1.47461898885	-5.90299721936	4.42401299204	8.77550990169	5.38941458501	-5.63310656755	8.89344831018	4.96384956931	
-0.624754163902	4.80041222078	3.86115285405	2.32453847558	8.99671317447	1.33478741212	8.9946183573	8.97215001999	5.06628354075	8.95310054738	2.8238219945	7.34766399342	4.31459078801	2.21150866229	8.99999974119	7.09680256225	
4.62937665547	4.52817480691	-2.10024234659	-4.81537856311	8.84481230112	8.99996852953	8.963292584	7.92022818193	0.874726261727	2.76255599921	8.99842238575	5.4314594106	-5.69017589752	-6.0	8.93716856922	-3.5862574692	
-1.03406682589	4.64989330433	5.3126528337	-3.97610804225	-3.84373233543	3.30180787203	8.32648351897	0.990868136487	5.0473938258	8.7253049769	1.85666904614	-5.9764862296	-3.71369744014	7.6602549573	8.86269151634	-4.89482012167	
3.39877390812	7.12507257973	8.72013258707	9.0	8.69008345996	5.52044576094	9.0	4.37186559785	-5.86362765839	-0.963800215325	8.99982939283	-6.0	8.97247997594	8.99999999999	7.84446356652	8.99183566489	
2.03534246052	5.29835890699	-5.94771253486	-5.55736859155	8.41763890254	8.42798757043	8.59617949701	1.24971227465	8.29591942059	-6.0	-3.54176536134	0.703412806937	-3.53165678777	0.289101426359	-5.89095500538	-5.75334577734	
2.31434906773	4.82909618026	0.976252510458	-2.23565455229	2.1811951941	2.63508763677	7.944279731	4.37759374449	0.997570287601	4.69779015068	3.84056389338	5.97601480698	-5.92445761937	-3.07044588569	8.58850060098	-1.33665313477	
-2.57586935979	4.79271717072	8.80784897325	-5.77566631459	-1.43908272698	5.4573262291	4.49870605835	1.02134599121	4.91816658107	1.54643637645	0.897084358965	5.48634798608	1.71802573141	-3.80518217657	6.75223189292	1.42036057142	
-5.74416789518	4.51970246499	5.00878066866	-5.99977475958	-1.62183974095	1.04664934481	8.66116520859	2.94074265828	2.48410531001	5.49057819658	6.57393507849	8.98476056237	8.9071410772	-6.0	-5.12941528172	-5.97186221951	
8.99036169621	6.13335181777	3.86982966087	-5.53029160233	2.31790498591	8.99999954858	-0.756105658691	1.02294882466	4.38790932118	8.29778177587	0.376827677054	4.98421910676	-5.82748897771	4.76498385052	7.41711121348	8.99998589596	
8.54245141781	7.00463089434	-2.60077856531	-5.60722550548	6.39865543994	6.33254821681	8.11659577789	8.93109044269	1.02126495606	4.90745967611	-1.43227984241	8.99982339524	4.19369355285	-2.86315376392	-5.88107371093	7.03642805635	
2.37364300338	5.24339839623	2.55036052182	-1.85267646083	7.83445018675	7.62556822163	4.34221197426	2.28985681975	1.08421846353	4.91464743819	-1.6600720802	2.74255503684	-4.32616366079	2.83102392871	-0.735951771172	-1.78256477065	
2.08719774485	4.6253348039	-2.47740960534	-5.99973850338	0.784873204456	2.1331250335	6.27409871566	2.06280483357	0.970319122079	1.33318540257	-2.57163082444	0.718608376083	8.99553693861	-5.46619514941	-5.81484141558	-3.52671944451	
5.48529986534	8.89781615323	-5.99999976782	-5.66010945697	8.99820611525	8.87440693218	8.81367885767	1.38899991847	4.66700850447	8.3242530417	-5.92860319329	-5.52434985935	-2.45824618586	-6.0	4.72436039234	-0.00238033079431	
8.99999999995	8.99999999995	4.38119072626	-3.47691223084	1.24610049025	4.79599881842	0.510165961969	1.02203946364	8.9271899912	8.73381486556	-5.99994356187	-4.35991023389	2.38180508437	-5.87464174766	8.92093131758	-5.74733092468	
8.99260112803	4.87977019305	7.88285306089	4.72165720816	-2.56121881641	8.89075282531	8.97874707251	1.01690310908	-4.92139104013	4.00097931976	6.97344893491	8.99834022746	1.37240486345	-0.977769649729	8.87723371237	6.22621792241	
-0.763781868294	4.79771782464	5.86006683554	-2.15300232952	4.8264592676	1.02430914564	6.46197378158	8.91981335881	3.18184543624	7.04008871118	1.91274718137	1.46017273814	0.986936923253	5.55408450625	6.18034844084	5.26264306749	
0.348332897899	4.87431266586	4.0887669046	-2.57897177366	7.94553747816	2.25110119344	2.70187195573	6.74218712336	4.60675506771	8.49276678984	7.27060569586	-5.35590277497	1.12549634132	5.68352092525	1.98925197947	-0.530650868272	
8.99999724937	5.12703347245	8.96419340836	8.99749180365	0.975403597466	8.90705518723	8.90947596315	1.02155987578	-0.378893761601	-5.99537429974	4.64752924461	8.92412444942	-5.99962155049	2.7684797937	-5.99999980568	-2.74845112398	
8.95328734543	5.0370906215	0.690225124813	0.136896552682	0.493579845318	8.6569505098	8.53575710751	0.991825220098	4.24369286166	4.52419520397	4.07800529891	4.22256072338	5.66695645605	1.07539010274	2.70970192079	-1.03910439146	
5.0867917447	7.7087487471	4.93935971644	-5.98196722932	-5.99271938126	2.16927036265	8.93879238801	5.28029257024	1.05332931426	-2.42947471519	-4.47046986851	1.05782536152	-3.46500254993	-0.2419070015	-5.9598246163	5.89322119702	
5.45543011377	8.86189037623	4.53529712454	2.98656298224	2.28600806227	1.20607891729	7.30583135118	2.76243961402	-5.90987389801	4.91462774797	4.78201335837	8.35849879761	8.9998445516	-3.93985748279	4.61654157869	-5.22018383058	
-0.298682320822	4.43190456148	-0.0818339224784	-5.53393975134	6.93720945996	6.5729557669	4.05916239743	1.34055753758	5.15347850641	8.79581537352	1.51371999919	5.72300219169	-5.98018458444	2.4778673118	-0.994622561598	-5.99219879197	
1.20573600438	5.18135283909	7.10135130097	2.26629130334	7.24747716117	5.86837596709	3.97826604608	2.42093038738	3.16356169307	-4.72537086063	-2.7483278325	1.77402973263	7.7487613578	0.946488655155	8.84679952043	-1.14277389666	
-3.82654138411	4.79070850476	6.66848117705	-5.99970661742	4.74212829951	1.03338415144	2.75797905241	6.7217810884	2.78245098877	-5.88523100434	-0.454390890477	4.06843450659	5.26201180312	8.90805580533	0.784970619058	3.67002189253	
1.02056112447	4.79150568262	-0.345906947621	-5.7933994365	6.05335268321	8.78591834345	5.88934327017	1.03744552514	2.47974825684	6.36583805548	2.94891632698	7.47285364439	-0.971458661498	4.00520556104	-1.06913925434	1.76842904057	
6.12265399726	4.81817473613	8.9931953447	-0.894278318343	-3.36136555022	7.34118337784	4.32778821612	1.02131196619	5.10359428517	2.59410621557	4.40850016592	8.99770471041	0.158659415883	-5.99977820593	8.65772720564	-2.49816097467	
-5.06283722149	4.79070210041	8.88987796795	-1.73860455871	5.0961630615	4.87489408018	4.24664361131	1.446975748	5.00384980143	-4.47520701208	7.55251208591	5.64991639876	2.26980323042	6.26863553131	1.90567318438	6.15538597573	
0.878624640801	4.76212103722	5.13794621329	-1.95606363293	2.62448076859	1.33291413447	2.86613623514	3.49933620852	1.49196804825	0.947052829074	-4.18698363924	8.99571708805	8.96488452349	-1.26389024242	-3.42369361983	4.08106263044	
2.78462968557	4.61915899222	3.37880005485	-0.924368046434	-1.6244921126	3.61390879027	7.57058363017	1.00755308896	3.73799692211	-5.15616785383	8.99999979899	5.15455045259	3.89451778855	8.99876234489	2.7868496434	5.33652421117	
1.52736106744	4.79928980937	8.9999997666	-0.314017486817	-3.04980086812	3.34123464895	5.16818482563	1.02335870876	5.40239814715	8.9820094487	0.94579441528	5.53502216292	8.82010107728	0.0692282765102	-5.1471529525	-3.05687038168	
-4.69652469595	4.51916604199	7.42875259707	1.86259341235	7.98137362918	2.00338128047	8.51240065981	7.04533137991	4.20258929935	3.07302305094	4.6333778088	8.96851593621	4.86670743877	6.48706495101	-5.87377535802	4.46465557836	
3.79983289089	4.7920881941	7.00378117957	-5.99094768721	-1.5679262646	6.2956886468	0.678321304608	1.02130005709	5.11623357753	8.99791511105	-4.30048558558	0.222172986674	2.79133941404	4.6164445824	8.99999976553	2.53505136894	
1.65070380066	5.49488347505	3.93564221621	-4.07705526451	-3.42527709131	1.04214024569	6.44534581095	2.35056626557	5.09721016089	8.98323612786	-3.54065216559	0.98217848266	-4.0609407605	0.118579558634	8.75234332044	2.93022029844	
8.33030554425	4.87495663743	8.99999976875	5.41501072324	-2.07905072484	8.99999969046	8.85587167108	1.02128069836	-6.0	8.99999962195	-5.86656626093	-1.34379366637	-4.3433233917	6.83622999452	1.11937270805	3.56731436285	
-1.17205255815	4.5254758199	4.22041709377	-5.07963121518	1.6672572788	5.74443625741	8.99759159414	4.72937345122	1.02448826068	3.14115480532	3.03673356181	5.62640279598	8.76439199785	-4.15873593931	-5.96835584041	-4.11763604298	
2.54911391026	5.08471334635	4.22695439461	1.04106905407	1.63872904082	2.28025565971	8.58135047736	4.77790651929	-1.97840810897	-4.69676921808	8.49173404053	-3.97388543736	-1.78286550799	-2.79189193142	8.64829144351	-5.87689324237	
0.576803588373	4.51235918921	2.77896628731	-0.329812814167	8.99896794477	8.96338850304	6.00950175814	1.40440564191	1.77513640991	5.02469560725	8.0969457214	-6.0	7.85758985175	4.24847189758	8.99972462674	-3.76490225967	
5.43363068057	4.80433723216	4.82423284602	-5.99784635195	-1.85294645658	6.93059719476	2.15863440147	1.03058337904	2.69429798931	6.57265091288	2.28729260199	6.81017103215	-2.91959268716	-5.50324890453	3.40495475796	6.29000132787	
2.31550049326	4.79159141484	4.04127951156	0.998909043396	8.80566931678	8.99999990923	8.23366702184	4.80973595871	-0.275988861674	4.84387109025	3.0830876114	-5.39260826822	7.46381271838	-5.97951600163	-6.0	-5.88370366833	
2.47784136003	5.2758339995	9.0	1.07555153649	-5.11345141331	1.87700159484	6.67597077639	0.985000430794	8.99998658806	-5.13403992853	-2.01877852783	2.16765847027	-5.34878581828	-5.11153754021	-0.25531979211	-4.07724161549	
0.081971167684	4.83516456764	5.51249761345	1.86634745077	8.17732982191	1.41835967666	6.19029485401	8.04632362899	2.0381687544	6.03301484071	3.64854269574	6.46630924587	7.48021079642	8.78796236073	4.42611643493	5.95559703124	
1.88905525931	5.40576771927	5.27154455751	4.16265805443	7.22766315072	1.03789592526	8.87223124527	8.87314595512	2.44068157236	6.15411515051	1.81373103943	5.77636962279	-4.93797243149	4.83864685479	8.17030563229	1.42023845315	
-5.89602771696	4.78973477354	8.99999976875	-2.54958946086	2.59260894004	5.88115825383	7.2456788207	1.02151320887	5.11589547759	-5.11820130553	1.91894009697	2.23786737964	8.13750930578	8.86553856007	8.99999999745	-4.88113316427	
-1.15385120696	4.79072144347	5.93633832971	-4.23839854952	5.92348618893	8.97492293659	3.68128316495	1.06422407846	2.05032364589	-4.58407308268	-2.1394246324	1.30460852861	-3.21927956424	3.50584549968	-4.68007591704	6.67313691721	
0.862649729613	4.59929512499	1.9772097358	-3.89666044064	-0.241916323029	4.7916796933	7.70948679179	1.01741656512	4.2567850402	-0.871653428528	-1.9005305044	2.3882281868	-5.91077911093	4.94971331161	8.41726361129	-4.59014100663	
-3.14004840051	4.74104674015	-0.716955558697	-4.58829125989	7.40101422912	4.88049290647	8.77238082165	3.58344370747	6.20580106895	8.16029662405	4.3982344127	8.78477525697	1.17586545035	2.16150193924	4.57385076556	2.54755559132	
3.75762460264	4.88576568373	-3.44601085822	-5.6908433266	5.63581061995	8.75367835191	6.78865145719	0.9952987283	4.16573377453	8.03253786779	2.32684563106	-3.1242042183	-6.0	8.71862516819	2.38561936268	-1.60566095796	
2.94666510103	6.77113739633	8.08862084994	0.658377883298	8.67204095483	3.37915446202	1.09447419409	6.15519401834	3.93058857869	-5.72394754287	-1.74287099096	7.5257650627	6.4957179077	5.72414784925	2.0814293708	5.86278862555	
-5.68318675635	4.79070261656	8.85639089452	-5.99980174217	-5.78639362942	1.37582860964	7.85050881796	1.27470982612	5.06042890754	8.21899160209	0.67049063521	5.19332308337	4.88804138939	8.84527893131	1.00270617742	3.85198390683	
8.99361284864	8.81305690854	4.33622231061	4.84959867007	1.4870148528	5.42307855249	9.0	0.944057515154	-3.51220582577	3.01685377398	6.28742119978	4.09851638514	7.72084426253	-5.21778758409	8.29703589429	5.9530592157	
-0.428190627447	4.53753997267	4.04267510646	-5.99999984799	-4.86533197421	3.72607353495	8.41552357251	1.08989003703	4.48947393916	3.35300335534	4.57222814432	8.05601847403	5.9148577159	8.92501942886	3.28563688278	-0.991669968479	
9.0	4.6687540357	9.0	-6.0	-5.99999750544	9.0	0.485978999728	1.02133619518	8.9998249244	-6.0	-5.99999927844	-6.0	-4.83966880046	-4.65822511768	6.59903153406	5.32680988486	
1.49946355302	4.74856258751	7.06962625208	4.1297488452	2.8818674286	4.57299399301	6.86543317644	1.06194010233	-1.86812390215	7.73746848053	1.52053447725	6.00204851264	0.787583545323	3.41419301664	-1.73586142132	-3.75704571793	
-0.75380080118	4.50515294466	8.99943850286	-1.80885891296	-2.44105510592	0.758621759592	9.0	7.64048852046	4.96240562679	6.97523414145	2.54372972004	6.97710170435	8.99999854498	8.99999854498	-4.78426724472	-5.9806985974	
-2.26911099855	4.79092024801	8.98391689821	-5.99999972044	8.97424775034	6.34713723458	-3.10569465049	3.64942121482	5.32066482966	8.81012525573	1.90579792579	1.76973987347	8.99999888205	7.11930853846	7.43772376048	-6.0	
8.89298640545	6.48883719	2.55059868216	-0.518786301557	1.79205006556	7.17436160608	5.8354903643	2.13063683087	1.04367432037	3.9247185169	6.06915660078	-5.73546290382	-5.94498534877	-3.80154126585	1.06308375066	1.68905536477	
0.0128651056242	4.50148385933	8.87417424862	-3.76293412169	-5.93476906184	0.91325066593	4.24921441904	1.80471380135	7.25549239003	-2.96942342105	4.17931873652	8.91669293779	8.47856943992	-3.57653382039	7.80853886044	3.63630558802	
-1.74518029489	4.67520741454	4.15380065895	-3.56176299795	2.90022632244	1.15013429178	7.13656989432	6.44498067908	8.65942390211	3.33973651617	-3.34381651901	0.76367437244	-2.10370865131	-5.99978151559	-6.0	-0.165503067273	
5.24269458544	8.75597617611	7.76590343552	-4.63804893134	-4.09756154913	1.10932699209	8.98952703079	8.94609868564	6.51661392362	7.82396763876	-5.93969713311	-4.69738170524	2.0540290939	-1.0361680637	7.61464648995	3.49270316008	
6.86333219294	5.06859468484	7.85429915525	3.47586333066	-2.05518150031	6.91125439973	7.61089307635	1.02175048961	3.80505948567	5.78395277619	0.286534716349	4.80920593833	-3.88417492552	-4.51180164582	8.51135544174	2.80734998518	
-3.55431117183	4.79071408588	8.9981567259	-5.7758101955	-1.86842670141	1.0212983921	8.98951065055	8.73284720336	5.11212635952	-5.78790296964	-5.99994662966	-1.4771163876	-5.99417290528	-2.36137099329	-2.96475523019	-2.30874928183	
-5.94809323785	4.5998953682	7.70852800748	-2.41521007918	3.03791337396	6.60810706149	8.8088164743	1.01947666082	5.20767206365	-5.95148535585	8.14206884957	-5.78060245214	2.26449607838	8.93071737471	2.09580427122	-4.95818657189	
2.80568908302	6.37981282211	2.69603573494	-4.00765853317	2.89755631215	0.908023272902	7.66387717502	9.0	4.18443420317	0.33487509537	4.44422727621	8.97557741958	6.86464791863	-2.20285700156	-2.94580101313	2.60256440239	
4.77443611621	8.19121525952	-0.328355539359	-2.98961555462	-1.47053596583	1.18495448794	8.73251984436	1.52562594751	4.79049035777	-5.99058021891	-0.457849648513	3.81767986014	4.21450056052	2.94124216503	6.44223966005	2.45203461873	
1.5109858707	4.84277647638	2.92707644764	-5.93545465077	8.78919345785	8.79341808411	-0.36046902914	1.3647413282	2.35866356861	-3.27690205274	0.616995179592	4.61082166931	-1.85167201987	2.47084830319	-3.29601415298	-5.42966049633	
3.96956705455	7.44840571094	8.59898308986	8.59892537463	7.4019147029	5.3710421322	8.05482891187	2.9862013048	-6.0	-4.72854922188	-1.58679268457	4.20135811367	0.0392766525756	3.51210695566	2.83062659009	8.60921223052	
8.91751844483	8.99981010991	8.26953478658	8.99994334276	5.63066023471	8.99968395466	8.99999998352	1.02173923396	6.90784431058	0.959943627922	1.73212366501	5.43492707364	-0.643498751028	6.95776556115	-3.78980802785	-5.9950040123	
5.37169513919	8.99963364209	-1.01566488831	-1.44911119516	7.69712089055	5.96030856774	8.0148697361	2.76199471967	3.85102849972	7.81986757893	-5.99139567569	1.06876970098	6.88224526706	2.04167125581	8.30563313418	4.29104797534	
6.2064189331	4.57497163115	4.61941950137	3.50385034536	1.14070640792	6.89559253323	7.71372529899	0.910362914194	-0.390858739119	3.55160236674	-2.22088612249	0.315180941177	-4.43014843572	2.03758754854	8.92722146591	6.58288486522	
3.54425818769	6.42931397001	4.06372075949	1.0804702378	6.53533753464	1.91751041985	8.00505881921	8.92520065614	-3.09862073484	4.90849725006	1.71425336692	-5.86365446374	8.95454676423	-5.82851131571	-4.69113676539	-3.28510604974	
-5.82745354936	4.60736302145	6.41094657841	-4.46801996489	3.6323761151	5.72401197138	6.48041225322	1.03680169849	7.98534977367	-5.88262428942	-2.0364128299	2.1484407266	3.04876854746	4.76309923882	4.92396016883	3.57815467974	
4.73647551928	7.91095370397	-2.27411452639	-5.88683429741	0.356135988376	1.33694821369	7.91507553037	3.54738236055	1.34811503219	2.80050658034	-4.8411129689	-0.63589653993	-1.83248849263	-0.585620293737	6.41256992175	8.06349726737	
4.58931915944	5.56341943209	6.05853478393	-5.81837124805	-2.02540594059	3.89965106223	-0.159973312066	1.02189526279	4.95060322147	8.83950180904	1.93314891281	6.52238666802	2.66173747604	-3.31962022013	7.66300486336	-5.22173385358	
1.72128614108	5.29112192248	-5.99999999794	-5.78868260316	1.92434057173	1.98882638454	8.99985210091	1.36095325612	4.9586859158	8.99998290498	8.00112828204	8.99999843055	0.412711795466	0.14571110631	-0.00693233832582	-6.0	
-0.605554607314	4.79070256672	2.95695235873	-5.96091330775	2.09647743881	8.8061332817	8.00538668402	1.02145931591	4.36673081294	8.25275902738	2.78156266662	7.30439572517	8.768683259	6.29910152946	-0.32511081967	-5.99763154975	
7.70467258367	4.8118788551	3.5925328263	0.377665560426	2.44360840029	8.60658532837	5.74341162067	1.87169234665	0.945559791778	4.57528105911	8.29915330216	7.22779952726	2.12185892691	0.58993218296	-5.97258601552	4.92121561461	
3.85339630172	4.69448360561	-2.6449964219	-5.67209502329	7.19257163541	4.36294854009	7.48640527693	8.74938645572	0.990808087415	3.52238344223	7.50625732225	-0.717364424958	7.0625622763	-0.651202388815	-4.02683579541	8.91148460719	
1.07961832213	4.48799448015	6.74944103189	-2.52768540154	6.73452922547	8.98959026909	1.07233007273	0.942058795963	4.64443067125	7.35059518926	-1.89032152939	2.13144357305	-3.31732384808	-3.00760961844	2.61499445024	-4.84406959271	
0.562637457965	4.71504148476	5.00645120523	2.49334974066	1.25981668456	1.19945569081	7.38315275371	2.01808156378	-4.87626889606	5.97405291162	4.09954316459	2.29722727718	-4.0194435911	4.19423763132	8.93403661608	-4.41574676675	
0.394992641088	4.79144625686	0.944409749244	-4.63073361695	7.6299305561	8.75020559934	5.56669571399	1.82923598629	1.10083255024	4.98596843185	-1.41394197503	3.1018978225	1.39205554406	1.2916996493	4.98376871441	4.2658779965	
8.85262880131	8.97794112783	1.83437982773	-4.77220729548	-5.82062354552	4.66514313781	8.82165016263	1.02137234828	5.11467796314	8.99997924552	-5.08873204336	-0.565124285164	-4.3043185895	0.159071042259	5.86888855137	7.4025060803	
-2.02046223284	4.59222061978	1.82879040346	-2.30698368093	2.42381288201	1.62389255662	7.48260326518	2.00967183448	3.78338077371	-4.71127242077	5.79434607966	-1.03535949154	0.279822665354	5.12189093887	7.93211074528	-5.68957858294	
-1.83839746549	4.37745395358	8.67491008236	6.38645142563	8.99999976875	1.37578613141	8.99976251737	8.90060112254	-6.0	-1.29229961785	8.76793329365	-1.10435193453	0.814357522399	-5.77973537542	6.84205132385	-5.98844795781	
5.54705953597	8.99999999995	8.65871825897	8.99999999992	9.0	1.37748480553	8.99999999992	9.0	-6.0	-2.18116324737	4.84616889071	-6.0	6.09397401408	8.99999999969	8.99996976093	7.74006706737	
2.00841464464	5.60305102324	6.67846747416	-4.6142402807	2.00170783621	1.9537108684	-2.54827387291	1.4044932565	2.77840069382	4.60059482288	3.51243827953	8.09177384148	8.70967625125	0.953607474397	4.08503616949	-6.0	
7.45025804048	5.87173297754	3.50709300466	1.46510070628	2.90075245874	8.08347864318	6.39965380788	1.04864892215	2.2154644237	5.71590874151	8.01012138663	3.75452054367	2.84402081514	-3.65341527024	-5.11905090759	-0.909031770483	
4.80538346938	7.70328759745	4.86234252053	1.23509198636	5.23773144317	1.85371083366	7.79005210707	8.10934552463	-0.964045882039	4.20965877548	0.865318922132	4.86205445852	-5.01654112836	-5.91768159337	7.61154987873	-5.98218833162	
1.17736879152	4.90678988576	4.77021947303	1.26119950615	2.08010383481	1.85452301787	7.78392819957	3.98277217972	-2.24657437484	-4.16338695036	7.08726697326	8.05315050368	7.79901090459	-5.19849960871	-5.04662369131	0.257060019043	
6.40705329684	8.99979002357	5.51675194931	4.90438897203	0.579048497633	2.18186471576	8.43941188467	1.0602615297	1.21754048885	8.3637285015	-5.60746902456	-1.34550915451	-4.15407829745	-0.656080791142	1.912950177	3.61101832201	
8.99547183562	8.9999999807	7.97239387941	1.63916502879	-5.99999997747	4.51378768248	8.9999997703	1.01951552629	4.73654105746	-1.47839384169	-2.85878273508	-5.77609615548	-5.99762004439	-3.88071150838	-5.98110992158	8.97353833356	
8.72711363663	8.99999929677	8.99251429418	-4.76911485329	3.48073058867	6.9792262027	-5.17292997712	1.0214375724	5.10542295114	3.47091457841	-0.544379287502	-6.0	6.79834057757	8.99999999997	8.39296489057	6.21606882176	
2.89027073762	4.98053432307	0.481478572938	-5.97968965439	0.802468382237	3.31924646766	2.96390458645	1.0223371749	5.1306094533	8.99585734893	6.00774522056	7.7702398079	0.541485008259	7.8356434315	3.28302955412	7.98489162736	
3.7793805127	4.60761630406	4.15378390245	-0.596038960189	2.13958601493	8.92002336872	7.68427532595	1.0292498113	8.35065493376	-5.93448737099	-0.438888712633	3.83181947484	-2.95205606585	-4.44074345409	-4.2963788391	0.0222170050813	
8.99933187792	7.87887239123	5.08679418788	1.18125419584	2.21231377867	6.56737432857	4.94904110153	1.81148565352	-5.5844393205	4.13461068616	-2.12567399694	2.211490562	0.417123459679	-5.99751428254	7.88957710011	-0.647051630489	
5.89917578975	8.18575933931	3.08453902993	0.0778652925512	2.31129032981	2.7836730328	5.90389969279	2.3557271603	1.00895878522	4.93706024835	-1.29966722196	-1.50297295659	6.62681465455	-5.99698147341	1.96043713687	3.74730641804	
3.29062073981	6.76230569732	5.18853821888	-2.0375383257	6.75089030821	2.75536958931	1.16511075277	5.11060244811	3.25677311497	5.45436547345	-3.91380335992	0.136420333692	-5.45940403321	-1.78896801688	-3.03435289568	-1.17469076435	
3.66035123068	6.1447604156	8.61657116775	3.85816663743	6.66059519645	8.63327040649	4.62049924734	1.10800586417	3.02279166105	-1.8782082272	6.7235402034	8.34689803227	-5.85318536843	8.9824317765	3.95393439627	2.43628019781	
8.99883330612	6.45003057554	4.86581633804	4.95431662158	1.33295727362	7.8041556158	8.82641757994	1.02072488067	4.79567670034	8.99989219187	-2.42201375195	1.237713948	-3.03802779801	4.58523716352	-1.48152128817	5.11743243194	
3.86565124072	7.21447166956	8.61409828616	2.07887403927	8.99688272559	5.36785475629	1.62944761507	4.6535413579	5.96067720471	-3.43964631991	4.2542592336	-1.15044668458	6.48074236154	7.95445897333	7.83230237445	-4.04267595973	
5.2303855682	8.99981543301	2.366891535	-5.99873315772	-0.602032065458	1.02129948939	8.99871692412	8.17570017982	5.09896305409	8.98499328771	4.477166952	8.9999999766	-4.1028461028	-5.99998219196	4.90512813916	7.79019429424	
8.99480578518	8.98531158204	-2.78916507791	-5.87577605759	4.520038415	4.716300442	6.18874825961	5.28404893169	1.10211583104	-5.20706554423	-5.93816052826	-4.98630545042	-5.65768558983	-1.53318011133	5.54711492293	-2.97924534085	
1.40364039095	4.95035532996	-1.76386488252	-2.76698393643	2.6353326914	2.7507946751	7.76151822652	1.29571170296	3.64743849529	-5.84739028599	3.76667512377	-5.74563051107	-3.59533275546	4.59460694013	4.88186792196	-4.71014434215	
5.13257120585	8.61902683938	4.16319605891	1.45077764389	6.70771855236	4.40935584059	5.6435068392	3.39212003695	-5.84520622177	-4.00593616459	8.40252083574	5.60088080576	-4.66309546515	-3.93340154647	4.7771916773	-0.0284623314714	
-3.62995440254	4.79070819528	5.74741423952	-1.98622160698	7.46047437935	1.10140571128	7.12383136133	8.99999320984	1.86132711267	-5.99837368172	-5.93058709077	-1.40776138377	-5.32428591783	-5.36393924358	-3.59248065147	-3.11737301509	
-5.84698458478	4.49661357265	8.99976497702	-3.84207051726	1.91971935344	0.817868468585	5.410573923	5.30205239012	5.38247620977	-6.0	-1.86350018439	2.44896473567	-5.09903372255	-0.710626249567	-4.60436205783	-5.30582423215	
-5.9998982957	4.55958311284	4.89308909035	-5.9988442702	0.222300230284	0.891885838771	8.9988441887	4.75364183657	3.7087385752	6.09316896516	2.11863451552	6.83418091973	1.40518479236	4.1763643194	-5.85881288963	2.80047228175	
4.02859427577	4.58970185471	3.82442844003	0.740297763201	8.98620923696	8.99263788072	7.22013708031	5.93339787152	0.786567466037	4.17167955802	7.79008583545	6.66332504944	8.99999880492	0.561547720081	-6.0	-2.1758372645	
1.98829888382	4.8733633801	1.431739344	-1.60081105377	8.85708061833	3.4369452626	6.39599193537	8.1677331752	1.03018453601	4.91708754499	5.11425556838	0.635208574444	3.69109711485	-5.98678990358	-4.11812361464	-5.85931150814	
-3.85192598156	4.79070098219	7.58426095626	-2.07189236857	4.13630742332	1.02576329271	5.88986018758	6.21805410919	3.69825135398	-5.99756204029	1.90578801459	-4.32859698037	8.82996392061	7.04974191855	7.3389427338	-3.97983197456	
-5.7499933912	4.52326638927	7.66423299536	-3.42932222145	-0.536828488505	4.17350938999	8.70857583987	1.02270675437	4.44418584974	1.55123974495	8.22412026114	6.99454048228	-3.47671829682	-1.47133354732	-2.81276414381	0.269868257886	
3.07801979583	6.78649700068	5.78944292654	-4.26939522789	-0.834379996426	1.08668613513	2.44174151267	3.07515633695	1.90430513594	3.10283265294	6.19103460482	5.642697466	-2.38172199378	7.60523792484	3.90365298782	-0.996195031625	
4.12719912116	7.72814171032	8.01293641102	-1.85575894241	-5.75788749926	1.09207047787	6.38253322731	2.02581906221	8.25422413663	8.96154019196	3.35936408748	7.81228185621	-5.92204085831	-5.76208539809	-0.717027324786	-4.91521446884	
5.46527451797	8.95015034149	-4.51123828079	-4.6881800383	5.25189927588	4.96413107469	8.50513142977	1.5688933308	4.40956775858	7.85568328677	2.15002284667	5.50331339302	8.84103605344	5.41205859341	-4.39857585717	1.77845695005	
-0.285423132911	4.56376033332	2.15105421555	-4.98827932419	7.89924914445	2.37714070037	2.48772530349	6.51195319851	2.53923252256	-4.14563375119	2.05502323285	6.37016934731	-0.113522523011	1.31920954542	-5.91767085028	3.17673337816	
0.488943973799	4.46573254079	-2.23632282241	-5.98755995609	8.99377785632	9.0	9.0	5.00283621261	0.976056116382	-5.64181911468	-0.633527963688	-5.96316612715	8.86166801304	-0.876339560113	3.66543721411	6.64760019809	
1.96125380392	5.45911475217	0.0760028473535	-5.99999974651	0.1684454849	1.18209035052	3.80230921562	1.57092596904	7.36854192676	-6.0	5.88516217812	8.98012665739	1.52550615827	6.23701764562	2.39979640504	-2.44655386023	
8.44231080299	8.99999780316	8.99999998839	-5.99999998307	0.0117710432964	3.85039374717	-5.785975469	1.02194237402	6.74222913172	-6.0	-3.76957635553	1.05132717682	-2.46355788408	-4.91785160854	0.588142948267	8.08176799165	
8.867218088	8.98043185668	8.28148676177	-5.98236404254	8.01334617353	8.99999999815	-0.359677482512	8.99999999735	1.02034782383	8.99999974046	-5.11205146183	2.60192731566	-5.99877248059	4.78099932432	-2.12406469521	8.44101112274	
5.25390468552	8.81952369543	8.47543240326	-5.99999976871	8.99999976875	1.3926594233	-5.85752088168	8.86529114633	5.70235319504	8.99999976875	4.93045229837	-5.5602600098	-5.99547411181	8.99893844493	6.77027674409	6.04630638109	
3.20297755854	6.58925801179	5.13539324972	1.19945728213	2.53692376185	1.40104899682	8.55681247164	6.44887919304	0.335821390586	-5.03235380059	3.8399964182	2.36056995935	6.57695932338	7.58844926387	7.46279892947	-5.43692658953	
