-1.35763736131	4.68632529001	8.98664759791	-3.6437747338	-0.0210155835019	2.21991691811	0.477856805589	1.08507754278	8.91938844982	-0.982372840773	4.53401634681	9.0	5.92083056566	5.07371982616	-2.13095680608	-1.11853020915	
4.53081031929	4.63717025854	2.39082329911	0.778711057576	4.95325632673	7.64257625529	8.80070496723	3.7804127194	0.563483486834	3.22377297179	-5.89176671887	2.44718078075	5.53025245637	-2.25663542975	6.06112415275	4.86059859517	
0.192850944294	4.41832934923	9.0	-1.75973939696	-0.714231510318	1.10396711573	0.869230765618	1.78936943557	8.4573775954	9.0	-5.99892891846	-0.218420831336	9.0	0.56132984388	8.9993756861	8.98032732217	
-0.72690415736	4.40577521684	8.99472169292	-6.0	6.05045918329	6.8866878466	-4.07318132742	1.06194147856	9.0	-3.30382925758	-3.1968897631	0.707513611559	1.95561455921	4.68509413943	-0.894192693327	-0.860743975979	
3.63510872105	5.60218378443	8.59274539063	0.535014220721	6.61861338166	8.9965014996	1.37759985332	1.2361356402	4.40736984336	2.86261597666	-6.0	6.54565778724	3.6710581955	8.88758750381	8.99991430806	-1.96894743869	
4.80657066956	4.29432510733	3.83689771615	0.803315603526	9.0	9.0	7.95512960157	7.76704968486	-5.34753315825	3.7467867478	1.61333572818	-2.49467501331	8.24770430937	-2.94927092542	-3.61724051383	6.20617222802	
1.64683237134	4.4762878868	9.0	5.32617498831	0.350204010008	3.16799137406	6.67632738995	0.830529093397	-1.02451170214	3.87063641619	-0.980103400433	5.35631998232	-4.35427800503	9.0	8.99987326296	-3.96041027311	
5.32145817658	9.0	9.0	9.0	9.0	1.51771547032	9.0	8.92437649893	4.04701917853	-4.69238022207	-5.89575529666	-5.95251750709	9.0	9.0	9.0	8.26205304764	
9.0	5.10551989866	5.14298986874	-5.25648388811	-6.0	8.93157273668	5.69873485727	1.249377496	5.54922167302	-5.64752874534	4.81062667712	9.0	7.62796512915	-4.12463596089	4.04755740146	2.98191936392	
2.51534641163	6.17514625491	6.22749903601	5.44778806432	2.80817498783	1.08274103502	9.0	3.98607570405	-5.22079162808	4.29356763515	-5.12552106741	6.34435993948	3.79734833799	9.0	5.16116922014	-3.23161698689	
1.93579231093	4.58422730252	6.24538661183	6.65109965068	7.2553018719	8.37509666065	8.99389381138	0.965993469209	-4.62113909101	9.0	7.66569177138	4.12350388117	1.37780864489	6.36163917888	2.48825305698	-1.22388059532	
1.12637832034	4.94224135533	8.14465801568	0.869440684981	-3.15169479221	1.12782646033	9.0	4.30655701607	5.11668709353	6.7326836135	2.2208480917	6.14321138958	-0.48081769705	3.31686445079	3.60828411833	3.06177094097	
-6.0	4.66388508951	8.99999986916	-5.96814558364	9.0	9.0	0.790018874464	1.3934874836	9.0	9.0	-5.99651911256	9.0	9.0	-0.259046763995	-5.49046019546	4.0424822884	
0.526614563069	4.4880122759	6.32491265218	0.937391553197	2.1982254186	1.05238113303	4.58441507829	3.36050539085	6.42971859976	4.63102419774	4.67816849399	-6.0	-0.147478636214	-4.44310444706	2.5915262047	8.5504863097	
8.86112390386	8.79981617362	-6.0	-6.0	4.48428470162	8.2801756462	8.82596458781	1.16484945394	8.90752119305	9.0	3.96630785804	8.54182636441	-6.0	9.0	8.06559473081	-6.0	
0.499734638795	4.61896685424	-0.850679467489	-5.8122219178	4.17042630831	0.887699636853	8.7248842567	9.0	3.87808182097	-1.14743524502	-3.31906788105	1.14224577061	-0.32713334815	-5.01331817077	2.09195065297	2.34087359374	
-0.303975108124	4.3501283032	0.98507415672	-6.0	1.25725320993	0.906214775953	7.22226259619	6.00279755676	9.0	0.219448501723	2.65768378961	6.81304174736	-4.45774810409	0.964052311277	6.74154014557	-1.65882153111	
2.82216647249	4.96424556206	4.12433333182	1.01571058459	3.3474955881	3.95404072859	5.42894116136	1.88007045487	-3.48960906758	-4.45040200711	-0.760716603992	-2.81765015215	-2.47867994529	-4.49568278324	-6.0	4.4248208302	
5.3778015467	5.68493299743	3.77501323542	-6.0	3.12877969334	4.10330582038	4.26279063969	8.99123766263	0.948887829625	0.265544220161	-5.87329167667	-3.82935389317	-1.53762353004	1.92121148136	1.61921808947	0.636530813997	
-5.1653930446	4.33467571656	8.99997291821	-6.0	-3.16849133628	0.9353438209	5.21608937617	2.79433880176	6.87747921636	-5.99556179165	4.02175477463	8.03398889663	3.30076724939	4.80871784813	-6.0	-6.0	
8.95282861623	8.36544894384	8.18168354934	3.96089260732	1.51792295779	6.34446272309	4.79833546377	0.976640017964	-5.31623476047	-6.0	-4.11609495286	-2.91115879015	1.98515704951	9.0	6.48363302333	8.11171333932	
4.98282050741	8.47485288453	9.0	6.19410862841	5.54891065754	1.8655734821	5.51402209126	4.81483861381	-6.0	7.94567269998	-0.482905994181	-0.663698127252	-4.62958117952	-4.60435478108	-5.99999889314	6.30054972592	
-1.99985395246	4.34103184622	2.33525031063	-4.27440421003	0.193708490149	1.64553494324	5.87714265659	0.961134220688	1.98679179694	1.6121058238	1.80717183295	6.47756345645	2.77641301535	-2.4348868999	8.8343819142	-0.876515102674	
9.0	9.0	5.60777846949	5.92723123191	0.66007321638	4.52398373247	9.0	1.02075232709	8.68540719549	-5.85380137384	9.0	7.11214696957	7.11708221425	3.37097128753	-5.07716992481	8.55185878953	
2.2546687414	5.83289592084	8.81786756106	7.38846685556	-0.0562349320852	1.12789836806	9.0	1.91569090556	1.38564266281	-2.59897979957	1.49800564495	5.84793751094	3.3965707949	3.20812435522	9.0	4.54503381605	
4.81960789476	4.31104111125	8.91451193783	4.5054537928	-1.64640578537	7.64529754316	8.95565971708	0.768417187873	5.848417456	9.0	-0.111440540663	4.3712533097	-5.79760948482	8.95843033001	4.01325459909	-5.36757059427	
3.0055662537	6.45399551384	4.76384877599	-2.11042385995	-4.79466505689	0.987014897457	9.0	2.99888347341	5.0373296205	-1.32183878746	8.98631766923	2.47232466955	8.99888910828	9.0	7.23911442571	-1.17764695407	
7.69280533155	9.0	-4.44824491732	-5.83732497122	3.74692780698	5.90675192473	6.84516211452	1.06501968756	9.0	-5.65661762761	2.36162210833	6.4396576508	6.36057723703	-0.682108527882	-2.46235940119	-3.65528178107	
1.67611322313	4.42294617137	4.85130997398	-6.0	4.54275192109	8.37724895474	0.332715380147	0.911405839271	5.67553616778	6.37185796345	2.86592301389	-5.98248537823	-4.63492930277	8.72147002652	8.9492022573	-4.12321415633	
-6.0	4.6382028958	8.90395756704	-6.0	1.55953779989	7.16862891157	6.20412100117	1.06746837431	7.00684749076	-2.72876136853	-3.33728080714	-1.87287747125	-6.0	-3.45146514407	-2.97951381347	5.99932645903	
-3.94090888805	4.3677637478	1.15301764499	-5.77317838871	3.74313884055	2.08911864611	6.24813880395	2.72377807942	6.46461342268	-3.98943208634	2.72150771965	-6.0	-4.6093281206	-5.92539867112	-6.0	5.50332053655	
9.0	7.87152667452	2.3357005471	-0.662068413411	6.50980114961	8.09620061605	5.14585069229	3.91758871868	0.777520507881	-5.82602126622	2.78855037964	5.67578844786	6.33665168648	7.05699136473	1.1134563053	8.93108701639	
-5.83617611871	4.47019573738	5.58033512404	-6.0	2.61108836584	1.40041333976	3.64828075287	2.39076124961	8.64955028004	-5.65848955274	-5.91205013468	5.69870848611	2.93532470714	8.85052317621	3.27660418375	6.20798864469	
6.48152190134	5.27889677754	8.83895777142	4.16707708589	0.523324180583	7.2277588046	5.51972461382	0.921814965351	-4.29310742403	0.639845657635	-3.48988977577	1.91718616109	-2.02882737533	6.01221725267	3.53676586447	-4.1010487211	
1.41298137776	5.18737319753	5.34306045529	-4.35997926569	4.79688877077	1.01645246984	-0.606007825393	5.49567720905	3.79870456222	-0.206672440881	1.64036708373	6.61388276254	1.35032223005	5.80327298868	0.911879978128	-5.91253835251	
-2.10092034263	4.75759995588	8.91043265635	5.55087243956	5.99708848053	4.22984973103	8.26736017645	2.78400978034	1.1744674843	-2.23657783218	2.07312598294	1.97421786567	-3.63454712756	8.82095864256	8.95659882801	8.39970299727	
-2.87901443054	4.46176863951	9.0	-6.0	-2.3468080668	1.07494345887	8.47606358836	9.0	9.0	9.0	9.0	0.832730451664	4.32603916267	6.69051061779	2.76677788333	-1.1465188954	
-1.76931449338	4.81870041965	8.64826235311	0.602525751735	2.13208663889	2.11435599977	3.53685841082	1.4756564605	4.83469310708	2.55731593611	4.55187375394	9.0	-0.800334087814	-4.76530611353	-1.38785299403	-5.10017476325	
-0.685736869897	4.4816733217	1.9199293306	-6.0	9.0	6.66676863821	6.78658376547	8.04646363283	0.898768759281	3.83523568814	2.12713673366	6.79185250744	2.83483994931	9.0	-4.32772997152	-0.962076110168	
-5.75375963026	4.55402651094	9.0	-0.528966195202	5.96396931126	7.51136843543	7.12038318659	1.00073373247	9.0	1.1369479126	-6.0	4.54619920152	4.33188579101	3.97126067475	0.308254431053	3.8686290497	
9.0	6.06373765726	2.47086746046	-5.99876971433	-6.0	7.312728072	6.72388479107	1.02124063289	8.92587367029	8.00748814123	5.25727591224	-6.0	8.81879060267	-2.65637958028	-6.0	-6.0	
0.553150241693	4.78725310231	5.53476420941	4.87986663381	1.57740179857	1.86448732921	8.99440348873	1.20044307705	-2.43400974456	5.10659646096	-5.4781135178	-0.511795436238	6.58665320581	4.7378917886	-3.19671349515	-4.69764060231	
1.46699473516	4.36791133791	8.60870333722	-4.81646081083	-3.97695966297	9.0	7.26986796273	1.02129770809	7.61091319626	-1.4297789695	6.9863199241	0.605762102609	-5.55263606364	1.4354945389	5.09046705704	5.5244778449	
5.94303239123	6.89840425322	4.19794845182	0.965574854842	-1.79196802484	3.52038004746	7.7967772515	0.950230949288	9.0	9.0	-5.5968519332	8.64915935775	9.0	-0.729376364702	9.0	6.64962814045	
-3.98064409826	4.6215314134	4.22878392059	-1.30987456277	5.81327923171	1.06075457893	8.85029028499	6.69403480081	8.87235112508	6.47448423226	6.42328522902	7.27735512859	-2.54218227069	5.46232015747	6.97683822052	9.0	
9.0	6.7847500297	1.02271447639	1.26652673308	3.46164367423	8.78885833722	8.66443313415	1.48847014609	-0.124095894642	0.627407959023	7.49394492264	6.98396357577	3.49408420239	2.54404751336	6.28184554046	-0.3284578921	
-1.76394625208	4.36847333363	8.20268122961	-2.77375762043	-6.0	1.03260114304	8.59948820472	2.61502307535	9.0	3.35370976588	2.5425772401	-4.807356502	9.0	6.50438748093	-5.98822073073	8.84440024737	
-0.00816066630781	4.57252419321	7.57736750798	-5.99048902491	-1.03089125598	6.62540834937	3.51471935741	1.09024001664	9.0	2.94395084474	-0.180895287988	4.20115242412	-0.38271923046	1.48177903342	-0.342365659642	8.80672067749	
2.53920565256	4.46829680849	9.0	-5.04391140974	-5.96982389065	9.0	7.60662773628	0.976494550644	9.0	0.273236542602	5.77768865347	3.1747499358	-1.75299641844	-5.99718213826	-6.0	9.0	
6.34323961334	6.92193310891	2.95264277585	-0.365567075134	3.44929123934	4.603946259	5.31519095641	2.99363955258	1.11686359867	-5.33843594869	6.64490432738	-3.83463782827	8.71690189226	-5.99657620182	3.2817155397	9.0	
9.0	8.93208810683	-0.0729948067479	0.6049390125	5.82130931272	9.0	8.98444961018	1.37940251721	1.09395215405	-5.06046002556	8.75080986774	-6.0	8.95938260056	-6.0	-6.0	-6.0	
0.34125216835	4.45104753718	0.334339195261	-0.127096952412	7.44530528438	1.34261924536	8.66567310025	7.3634365706	6.79354699035	7.59897064859	-4.26928672482	-0.291127071618	-1.19098893321	-0.170775029325	-3.25828615684	-2.83501469581	
5.23739703334	8.69966028538	3.9024107115	-6.0	-1.62817617373	1.0096733196	9.0	9.0	8.03999540199	5.86698190713	9.0	8.98772555394	-5.96340805934	8.9965974363	8.68167669871	-5.68509377769	
-1.28607080182	4.4567434892	1.49354585706	-5.76980594589	9.0	9.0	3.49634691431	1.30315685614	2.67714476169	0.405835552047	9.0	2.34760480235	4.3053909503	9.0	1.45996961143	5.54309133679	
3.26993225843	6.05642443144	3.51523214315	1.0779497506	9.0	4.65327721081	6.2227182722	6.33051343574	-4.33864879738	-1.98666172037	0.693860069265	-6.0	4.79300063384	8.0375704287	-1.1678631469	-5.7135055654	
-1.38051035495	4.51924563353	3.85413298815	-2.6504588868	3.77442711935	3.68434738812	4.44614683221	1.3473918386	6.06416749226	-5.84498426399	8.92587831423	7.14052779077	0.504127613765	5.11615625524	7.18185937739	9.0	
0.4278940281	4.56565289547	-6.0	-6.0	9.0	1.15208722752	9.0	8.99983020989	9.0	3.27681742539	1.08003508808	5.31278551917	9.0	-6.0	8.71318657782	-6.0	
0.592596183532	4.50095311312	1.26665784736	-5.84671457463	0.65270287398	2.42191091387	3.2917889423	0.890285098187	5.25830770735	4.41792884479	0.282243865923	4.58359973352	-4.1969394223	-3.42158336166	-0.229043633384	-6.0	
-3.31396218116	4.42981023709	8.99802451904	-0.917298062495	6.6740651474	1.53637329298	2.61974437737	6.23837412897	9.0	8.65105057999	1.47338791073	-4.26223544538	-0.849056878379	5.57340520322	8.59070636005	2.59043683732	
5.65358984761	9.0	8.57181170902	-2.80480383576	9.0	1.67405064652	-3.10364279537	8.45663194693	8.94846203135	-5.8779519351	9.0	-6.0	-3.39707928626	-6.0	9.0	-6.0	
6.42226919688	8.93314167647	8.61942556764	1.11957120792	-5.61398502014	1.85745484665	7.36806322974	1.089925744	7.45590272326	-4.62214325308	9.0	8.98207029268	5.19746903884	-5.29636411484	-6.0	6.47736467756	
2.64189987108	6.05800991718	2.61927391836	1.3562485042	-0.365150783582	1.047095398	9.0	1.67400804186	-6.0	-1.31705287993	8.27487813468	5.79592752704	3.73208976747	9.0	3.55331071819	3.1099419691	
-6.0	4.86905656476	7.7665498154	-5.997383161	2.15322671404	4.64497378823	4.61439610517	1.25118772994	8.07374273406	9.0	-0.77626047398	3.51519164744	9.0	-6.0	-2.60388472111	-6.0	
9.0	9.0	6.25299915005	6.62060014854	5.39329345094	9.0	9.0	1.12670819033	5.5951070187	9.0	-5.8990233102	-1.67387411652	-5.97821200167	-1.77117981895	3.01170137524	9.0	
3.31973846404	5.31840677231	7.86440531388	-0.120985769769	-0.13522352802	4.0754945964	3.39634397427	1.19938614967	3.42338440764	-3.42315467275	-1.79614411897	3.1343839374	-3.24481839459	-1.09611115782	6.16230071825	-5.96366089926	
5.56962179924	4.63845142201	6.33064134672	-4.93873902339	-4.60303844194	7.16435316078	4.13310719146	0.809520499881	4.61854102842	7.96208724895	4.24133217599	9.0	8.80193876675	-6.0	0.927952193545	-3.71191217014	
8.99657532536	5.55322490733	8.07646767969	-5.48265559754	-6.0	8.06019408202	1.82629560455	0.998187157259	9.0	-3.21576579065	3.85088887405	7.86377204679	-5.96244084075	-6.0	8.56259900847	-1.57430798724	
-0.338537871436	4.42765846471	3.63268641387	-5.59078667542	8.87164433385	1.22716504566	0.595682145859	9.0	2.95384667839	3.94277060122	7.54935121014	1.31116723029	-6.0	5.50155208479	2.25138247503	7.74344920096	
1.37457868997	4.83863235919	1.64518216828	-2.17654723695	0.936874228837	1.05677455277	8.74771364249	5.18733130514	1.45331583525	-6.0	9.0	3.98371751395	3.69752665292	5.94586163157	6.02398501306	-2.72522258748	
3.43789878557	5.87782595267	5.56837113225	3.58703404484	5.32786778647	6.25331413115	6.27085472879	1.1121387425	6.4069695738	4.17540748726	0.466801708125	4.45300137144	3.41058894814	1.88241374584	-0.790411525086	3.52393010197	
5.65178907024	8.99821808635	9.0	2.59781545128	9.0	1.32241624489	2.06256687814	9.0	8.98501971843	7.82171933644	-4.54326460065	-5.19601636361	9.0	5.85802380281	-6.0	6.83646647917	
3.6812206216	6.44022171546	1.37644304056	1.20701300732	9.0	9.0	8.91410449726	2.42138357804	-2.93142369667	5.47636531548	0.999366133392	2.61152282661	0.339704674784	-5.92524509989	3.63995598039	8.55984175354	
5.50727137823	8.89948552653	8.96760173771	-4.20111456608	5.65053516969	1.02905964746	-2.08633055609	8.51350051664	8.32407089939	0.96136494639	7.49539465894	-5.63498363717	8.93417029966	9.0	8.9400260106	1.79212448588	
9.0	9.0	0.138887310239	-6.0	2.90518701508	4.47829131422	2.55131257455	3.35328386799	0.971299312166	3.11775470265	1.75343811538	4.03629335104	0.162148763581	-1.220824949	-5.84237155067	9.0	
4.36273497315	7.97512476951	8.2520825823	-3.45024844369	0.902121726362	1.13723361633	4.40379609057	8.41270879989	7.2436481534	-5.96060369741	-4.67538404809	-5.39314627361	0.209695631117	1.22113674938	4.26262569256	4.47954985527	
2.92998667958	6.53137831075	9.0	5.6850133572	0.233335873722	0.803015137364	9.0	4.36803443266	-6.0	-5.89411541694	8.98770097054	3.6790378022	7.6034590788	9.0	5.67571566164	0.998124103715	
7.15048034797	9.0	3.57624438152	0.924177088509	7.13177554072	4.30410196087	6.27278429167	6.18989263419	-6.0	5.39516407051	-0.258053293784	0.212894264458	-1.19117450618	2.5829137352	9.0	-1.52246611169	
1.4318567792	5.05752348323	8.64581817808	9.0	4.40493826366	4.17991691169	9.0	1.41052585342	0.259274006136	-0.671224822586	9.0	-0.128375496984	1.37241287308	8.03917747701	2.19443036215	8.36387646464	
3.95944126224	7.81149435971	6.05863067609	2.06168330306	0.928226613882	0.940999743106	8.68603588787	5.09497353675	-3.86624174627	-5.8559072974	8.92838055169	0.505303577514	-2.4727581086	8.97233558563	6.02369412148	5.9929001264	
0.252713212041	4.47134176327	4.01412938108	-2.3181883481	5.99570031377	5.85618817577	4.38011270008	2.92891993825	0.888583886665	2.95349844455	1.66676514432	2.96511507852	3.32646869795	8.07969559401	4.31722424636	0.998184874495	
5.7862723473	8.82014980742	-5.99520642141	-6.0	9.0	2.12326755858	9.0	9.0	1.0948842167	5.05964486	-6.0	-6.0	4.14008143707	-6.0	-6.0	9.0	
5.74661000389	8.99858601972	-6.0	-6.0	9.0	4.73382508511	8.47302080801	5.6276228988	1.32640279695	-6.0	7.31007360732	5.48306651771	7.81924090038	9.0	9.0	-2.50218031715	
4.53293164698	4.91870264374	-1.40091928154	-4.4424501011	8.99997809116	8.99701690246	8.22348817624	6.98954925428	1.18537260184	0.299526174878	2.99877632814	-4.42098763001	6.03106004117	-1.82415790497	1.10431247319	3.80214255088	
8.49613780229	5.41972743334	5.52546267168	-6.0	2.15418252474	9.0	5.01485252317	9.0	1.29965456422	2.23432205102	-4.89553072158	-0.0392663010481	-5.99955488301	-3.15465997969	-6.0	-2.86426497879	
1.50644947924	5.12163295636	0.916808274568	-5.9384711367	-5.81995961053	1.66679450141	9.0	1.10938405773	4.81171034299	9.0	3.11265965756	7.22027166247	9.0	6.88393868668	8.92151002659	-3.14020608833	
3.65757270974	5.82948944452	8.02658865493	8.84598067495	7.74160964613	8.90286320838	9.0	1.05081176763	5.48387624773	1.0200840982	-4.87760402446	-5.80469567382	-6.0	-3.47132939885	7.1816257985	-5.67830982769	
4.4738807376	7.7767565635	-1.09238866937	-0.649185550037	8.66155089646	9.0	9.0	1.08603623999	9.0	-2.9866983189	3.09836003602	7.6487155583	9.0	-6.0	0.282578877947	1.71240334721	
-5.93260016215	4.36772617232	8.93477937636	-5.47616979844	1.01875320009	8.90192877294	8.58973550405	1.02131868695	9.0	9.0	9.0	-2.54377554602	9.0	1.7268340985	2.10575337138	5.92584464146	
0.976887286053	4.58691363388	6.69539436587	0.226688023033	9.0	8.5747660799	2.09719868166	1.585143766	6.76737522933	-2.29593277238	7.73974922913	-5.94165992221	0.812393630488	-1.56522951632	-0.885455646401	5.67433855088	
-6.0	5.05478959271	6.42827417546	-6.0	-0.272070505463	2.37076355284	6.25534444002	1.27368067825	2.89451129254	5.44424274551	9.0	-1.28747760721	4.73733958487	9.0	3.07142484531	-0.758449753482	
-6.0	4.38814097335	3.00404551327	-4.14423858425	3.42001117542	1.53277987909	8.05535177247	2.86699155687	2.38773760056	5.96613800152	4.01013781428	8.98266243891	-0.488758613317	4.0080764915	3.97692840813	-1.72749601145	
2.64902672961	6.22573214274	8.85395915109	-0.0905813147579	8.9999953299	2.24643107197	-0.556622068882	7.81796231733	6.08868519044	-2.46737329404	-1.03437254199	3.55094773778	3.17494020211	-6.0	8.81296534438	9.0	
9.0	9.0	-0.542344194392	-3.32738299863	8.96739398335	7.47508676778	6.36432800086	6.91086222453	1.1096758035	5.79849220215	6.83899532853	4.02213908429	1.29603447426	8.73692732666	5.71920250051	-1.21262550518	
4.35729109689	7.70400497476	8.99092135541	-1.50565737243	8.94068950349	1.29362643201	-2.00091265516	9.0	8.71372335051	3.71171066861	8.92754684243	3.0219112625	9.0	8.01560850528	-6.0	9.0	
5.33698896803	9.0	1.08022294536	0.755597236178	7.61164379529	1.34731014246	9.0	7.9817041223	8.87660118969	-2.75553710886	-4.1398574815	0.305258165632	3.74151642869	-6.0	3.93283765212	-2.54918643546	
3.11258229088	5.20535940721	5.60512015254	0.243862258753	3.30454557619	9.0	8.9433077963	2.66873402116	1.03201111599	-1.74243040513	-6.0	-6.0	-4.1529332897	6.93168192679	-3.3505680131	-0.540757533086	
5.420278878	9.0	8.93525394548	1.68529654979	0.276237488806	0.794302892405	8.99380426383	8.42801326577	8.55887099764	-0.428729032935	-0.433852564156	5.67794677876	8.71517222469	9.0	8.97217069255	8.49899583562	
2.59457307574	4.66923109288	4.50013542695	-5.92015136594	-2.13480719467	3.2574539748	1.9356501458	1.09616012402	4.72905619829	-0.409475662105	9.0	4.71583753936	-6.0	7.17718422737	9.0	1.55038279606	
-3.69510895675	4.72722665782	4.69234593855	-4.56214262119	5.06702386907	6.92613260695	5.99466321196	1.11439689582	3.31874153645	1.24511100138	6.78979660045	-6.0	3.6369808416	7.25801772465	4.89912120949	-6.0	
3.7524880876	5.27521434837	-1.39927344393	-6.0	2.63985072657	4.56223699271	3.52173209054	0.943082168236	5.1413343755	0.674321132245	-6.0	-2.09004510195	-6.0	-2.9748097584	8.93584249842	-1.4466461467	
2.17702568896	5.8779743734	9.0	-0.0294996153529	8.9749893235	5.18447687822	-0.597284999192	4.79448789534	6.24376356037	0.326868244553	-5.65173789317	9.0	8.72459960054	-0.193516727271	8.99734337879	5.70635850024	
-2.45168063267	4.41657170244	1.80312940884	-5.74741621799	-1.62470005373	3.139923128	8.95874496187	1.02002770441	8.31879420054	6.97447506064	4.41905947738	8.42276094831	9.0	-0.496141724525	-1.37046557634	-5.69880506249	
5.28431985574	9.0	-6.0	-5.99000349458	8.98922013282	1.42086567708	8.98692531876	9.0	9.0	-5.44586088731	3.68096666853	8.43238971609	8.00298805272	-5.94796457748	-3.9077344439	6.7421438871	
2.55469566088	4.67502201401	1.21489545826	-6.0	-3.88815991755	4.09620892847	7.68369119801	1.03937745911	7.28034677933	8.03648036967	0.859656305431	-1.41310888373	5.5615705742	9.0	8.47238970392	8.66059070662	
-1.43730103392	4.82185803381	4.26725292685	-4.80612388425	-2.96712678027	2.61545904143	8.07169515958	1.5316161593	1.42707755651	-4.12154519499	-4.54888300692	2.44551574595	3.35220851972	-0.251171478881	4.57026284393	-0.900989310515	
0.762029577712	4.36634438224	1.78126838411	-6.0	8.48132596439	8.83184424186	8.945130829	8.97576925356	1.02017508548	-0.788447401978	8.9548874406	9.0	-6.0	-5.99928686169	9.0	8.99999992958	
9.0	7.63062033128	3.62987927456	-6.0	-3.21852885976	5.91694314356	2.75139146936	0.971125857028	9.0	4.08680369899	4.70852186848	9.0	-1.84938664074	9.0	2.67673097347	1.96252879171	
4.17142862054	4.65582647726	4.48336756455	-2.28263484153	-1.2859701385	4.63345116738	4.3554452235	0.922950350198	5.4336357701	8.45071284803	7.79146558964	0.346199287782	-3.79249286372	9.0	3.39294198547	9.0	
2.93699962274	6.28863251585	3.19762930625	2.65192014485	6.090758526	1.04000527162	9.0	7.44894829059	9.0	4.88856055417	2.98082442692	-5.44786387861	-6.0	-0.465719704183	6.97995386458	0.493324924624	
1.11913820994	4.75736668789	2.61362813596	-1.88097434591	1.27354116962	1.70907719622	4.80666876055	1.3762552273	4.23464236486	6.29315440835	1.33033673692	9.0	9.0	-2.00489245672	8.36295711339	4.29901846167	
1.7684669776	4.39821817857	2.53377960297	-6.0	2.98436295727	4.71103859351	0.809504366829	1.19103438926	1.52938565998	-5.73550533235	8.37849066723	-3.56497156663	6.67684395081	-5.99989330776	-5.17541431966	9.0	
0.778495412801	4.9010334689	5.04704287928	-1.67624071369	9.0	8.16467780006	4.38120251766	3.77843918093	0.947237897415	3.95057512056	2.48960600806	5.05463158112	7.99810471252	8.94139219076	7.05168594678	-6.0	
1.11081279778	4.68882606825	-1.36437191605	-1.37877046735	8.93380604058	8.70570058531	8.4521083115	1.30366542929	5.46295950451	2.54298516543	2.62019416785	-5.94473344091	5.39001256773	5.61961126304	8.20671029232	-3.70773040601	
2.65559228507	4.36937731746	6.69734654866	-5.52180046265	-0.904654021531	5.31809123859	0.533751344781	1.02115540316	5.18513618595	3.89724653613	-1.25263449103	-4.35217093967	5.12885484121	-3.5262268192	-2.90521290402	0.835920815352	
6.44289798652	4.3688772118	5.23687114515	-3.99619273319	-6.0	9.0	8.51012656874	1.02134346774	9.0	-5.29156205136	-0.0978299257132	-6.0	4.35524418467	9.0	-5.0918715928	0.541554001655	
-6.0	8.36571313331	9.0	-5.02051882003	7.15370331272	5.50996783914	5.57370974252	3.07617947344	1.24136759967	1.52686575732	-5.95012218632	9.0	8.29780697717	8.97414447562	7.92459167178	-6.0	
3.96543281713	5.18682481098	7.86082138825	3.89488037993	2.90824812666	8.83621519462	8.17095394994	1.22718952908	-1.8043474656	-4.31664988189	3.55799007952	9.0	2.7346856013	5.53128191169	8.97172579619	2.96004610917	
4.6608104493	8.45418263566	6.6581246805	-4.71674134201	5.69581331481	3.97578488979	-2.42876140862	2.90372866176	2.74885378378	0.600724272859	-6.0	8.28851709513	-1.30015380084	9.0	-1.35383327648	-5.30245255698	
-0.844488632352	4.58789486109	5.67618044367	0.551667684408	2.12419249414	5.97143914432	8.99953845958	0.949033277862	2.21975049766	0.970555018746	-0.110573681034	8.07471579244	-4.64052493478	-3.93641175552	-2.9338912999	0.204923793891	
-6.0	4.36816191671	1.72901622603	-5.13298361121	8.96826733337	9.0	8.6412695226	1.30713977646	7.87304910351	2.2277331564	-6.0	-6.0	9.0	-4.93748320471	-1.66743218104	9.0	
5.73428913488	8.99970106349	5.49083133135	-6.0	6.59141025552	4.79247539232	-2.38547955666	3.71863462477	1.04368391565	-2.38082309054	3.41917742233	8.6460406372	-0.627870497232	-1.08365043744	3.97687360506	1.37997608386	
2.77070543343	4.59468844462	3.84230629936	-6.0	0.528090750809	9.0	5.22929712784	1.11990033983	9.0	-6.0	2.80283544293	6.80137907178	-2.46980055879	-6.0	9.0	1.00341044238	
2.96393699942	4.44920081567	8.52105396345	3.04738026563	1.14549859259	5.7241537047	5.30635282966	1.02197144183	8.23569684407	8.67322362072	-0.578132987213	3.38200372341	2.47105345962	0.855134267256	1.77047479414	-5.93709127035	
5.03036939189	8.44402905344	4.60111788452	3.70646159557	2.56879540921	1.16663012668	8.31837884824	3.27564861354	-0.121651203908	-2.69821970991	4.40384781426	8.38141651954	0.537045446744	-6.0	9.0	5.87859759349	
4.51655293128	6.72067736557	1.98995649648	-0.740259321395	4.98415863294	3.73205977536	5.64324562625	3.77833922677	1.09302662009	0.468740607028	6.38313390699	8.7944477214	-3.65438346405	-5.88927094851	9.0	3.30719480239	
5.42862442999	9.0	-6.0	-6.0	5.43425883318	1.09782021543	9.0	5.99480897229	6.20754913838	3.55482502602	-6.0	9.0	9.0	-2.51025013142	-4.51114726829	8.23030422769	
-6.0	4.84771953949	3.78847547734	-3.17717844782	9.0	9.0	9.0	1.43944823388	9.0	4.41658168213	4.40628533124	-6.0	-6.0	6.12316925727	7.3591139179	-4.77729138633	
2.66408396091	6.02446842086	3.43624708342	2.14426072699	8.99471945211	1.69615149309	7.11709388776	8.45026600604	1.08407654877	5.03227248905	2.83424543433	6.94865869629	-0.760083464627	0.421933281132	-3.11323967653	1.04064459304	
2.19916504129	5.97702861888	5.04574640677	5.51512572384	8.59935793886	7.3022272146	9.0	2.23206338326	5.17058637823	-3.29749627307	-5.67866498818	-0.999742607253	-3.08601291742	-4.76000884623	1.66303428966	1.58558687574	
9.0	7.56239231927	3.9028998792	1.10872633652	5.92572587341	9.0	6.21185882316	3.70429971668	-0.656570343833	5.81472303007	-5.78129811657	-4.39345734103	0.277215186566	2.757943552	2.18519673839	-0.405184642912	
7.23145887995	9.0	8.96958897612	-6.0	-6.0	2.61223372548	0.297854362571	0.97662921664	9.0	2.68395801583	5.09850078496	9.0	-6.0	-5.99967012109	-0.761836444985	-6.0	
8.96960981194	6.06541809464	-3.05656779733	-6.0	8.85130258663	8.05359308279	5.51053355303	8.29145334481	1.03767464885	-4.35823221144	8.97961247965	0.13093561785	-5.88968711052	-1.18796881856	9.0	-6.0	
1.91108177404	4.90421961592	0.331818707877	-1.49890466585	4.52849718822	2.22674652313	8.21103892428	5.63599138049	1.19771061286	-6.0	3.14798866554	-3.81215454944	8.05916030182	-0.408984699314	2.68931712904	-5.63337603128	
9.0	8.99999358942	9.0	9.0	-0.0842579814078	4.33485819315	9.0	0.802479233977	-6.0	9.0	-4.52890363395	-0.325731690626	9.0	-5.9432942285	3.5750931329	-6.0	
6.12876872618	9.0	9.0	-5.60351581516	-2.77127098666	1.57360623564	-2.39969359462	1.13393190156	8.9810697194	-6.0	4.91767764959	9.0	-2.22221586759	6.33414437511	6.91518979886	8.99519296481	
-0.277989422527	4.76611849207	-1.84699283769	-2.67731352369	9.0	4.54400741783	9.0	5.66757969581	1.73956857683	3.54182817745	4.30745488787	-1.96809713929	3.89712516871	5.69451129174	7.72607798419	1.98092549703	
-6.0	4.44762219323	5.78373097244	-6.0	-1.21577387166	4.37626005075	9.0	0.986038651716	4.81959989329	7.93316159911	7.72417365512	-2.14692089601	5.08158415835	9.0	6.79844007683	-6.0	
-0.476067961608	5.15081101752	3.25923889011	-5.48970450558	2.59727650809	5.29742063365	4.58277726108	1.30500370961	4.91077477269	8.98791559141	-1.00467765647	3.6708766496	9.0	-0.706262917777	4.83399054006	-6.0	
4.61056279238	4.31995439546	-2.32867378877	-6.0	8.96229665997	9.0	8.97351033696	9.0	0.878339154916	0.956425781184	4.11691921226	-5.24841574849	9.0	9.0	9.0	1.54295730608	
-2.44894496216	4.90798818826	4.487838851	-1.64333670189	4.75800874213	7.0949877672	8.55848542284	1.20537718829	8.98032794219	-5.81680060145	2.74742835028	7.21699255919	-0.723639085352	-4.96705295378	-5.9069311861	1.42756636953	
-2.45589734784	4.36774407939	8.99940543407	1.98217173829	2.83976672031	6.75739854594	8.54129729216	1.02138621021	8.92188841325	-5.61532026447	-5.52269259662	-6.0	6.3213444729	8.22807471806	-5.93929829542	7.5171369281	
3.23859388104	5.45095066407	3.65884497437	-5.11924537713	8.61750629115	2.83273381759	-0.107267406195	8.54529352723	1.03364695696	2.94219240435	2.47780859897	3.3984490374	-5.12648742583	9.0	8.72377059836	6.34367280495	
5.08213536066	7.27697019707	5.57992585477	4.43208852051	1.52151067669	2.93111551481	7.46916247157	0.987790986845	5.83948712259	8.27991670645	-0.875660245897	3.35734203275	-2.91863570874	0.0708792577316	-1.27992179931	-4.07247674891	
1.80657662321	9.0	9.0	1.42719839396	9.0	8.79911807169	4.86341177548	1.64765564162	-0.690552249799	9.0	0.648671988616	9.0	8.90306716716	-5.62785863612	4.95656265452	1.21751381273	
2.98706976599	6.2971874764	9.0	2.8965711103	4.44433008031	3.44907332546	2.06723716114	2.06022546033	7.96337048102	-0.609973409845	8.99999261097	-1.51005211656	-3.00607694687	0.227753225055	0.692832489485	3.15103210201	
-3.34628649014	4.69933082784	7.86417624516	0.165049717757	2.31469449379	1.12680384505	8.99934908256	5.95824073096	9.0	0.801135886263	4.22303836699	1.38311258338	-1.43903761952	8.97427180709	1.6948123856	-3.6462451703	
8.99063486206	6.86305123231	9.0	7.57703303636	3.52282990039	9.0	6.74377023941	1.02130564972	0.025957369273	-5.96234657265	2.47170696486	-6.0	0.826790386548	-5.97714984988	2.64257800214	1.4882213241	
5.4356284813	8.34966435184	8.07798375191	5.00245845494	7.87302312153	8.37352299874	5.2997242353	1.20071860903	7.15589173361	-0.281835914956	-0.198292089356	2.29951398731	-1.64033288454	-2.21606088302	-3.63503180863	5.05065535531	
4.46172439466	5.09463781563	6.51851495923	3.17227473472	5.94495255416	9.0	5.21018931265	0.994138477272	-2.30854203401	3.64775563294	-1.77378060502	2.7541360272	7.49251033433	2.09332033872	9.0	3.80307286604	
4.15294296621	5.96873222869	-2.94133717957	-6.0	9.0	3.14815939403	5.4017427943	8.74174128882	1.13643795065	2.7729420261	7.99111312242	4.60821118753	9.0	-6.0	-6.0	7.73809597167	
0.813072188704	4.44333540206	2.17738731825	-6.0	0.276766446461	3.55808142899	3.42888600233	0.900606670875	5.29360998671	5.51676358218	1.24460329839	5.61855198512	-2.05257374392	5.55174410673	9.0	1.91931791891	
2.68938462483	5.82360251591	3.31608392396	-6.0	3.70271115664	3.69439915128	-1.10600275002	1.32335486151	4.00074833525	1.45850651623	-0.136726401075	6.0860365892	3.63116353023	8.51370038208	1.3670573357	-2.09542286243	
-3.44588437404	4.38455388702	5.57735261792	-5.9981510099	-3.04422030994	4.93083841421	8.93354501888	0.906261371867	3.07434222923	0.402579580856	0.713121198558	7.03463938911	-6.0	-6.0	9.0	6.80494443418	
9.0	9.0	4.6590646551	-5.53726443328	-5.96481813858	4.56353534225	5.31081499879	1.17216559475	2.71670446897	-5.50696769959	0.385339699701	4.39804522798	8.31870070911	-6.0	-4.0598493024	-5.12406421862	
9.0	8.92850693652	5.53593233545	-3.74910225554	-6.0	4.35823949619	5.66030352059	0.891347401207	3.72314073404	0.551757274871	1.16657417229	5.14626493488	-6.0	2.60093357897	6.39980895608	3.9219684017	
7.01850129752	9.0	7.15231796204	-1.26421112751	5.79020091915	7.27869505858	0.0601736727279	1.22809255137	8.96218269358	2.81917812395	0.821911261315	5.02541183634	-6.0	3.09859559882	-1.43828804815	-1.19200819258	
1.11057484593	4.98815328284	0.51855674698	0.21636640642	8.54575529849	8.87178061637	9.0	1.29208572216	4.54270344419	-0.507551464849	3.31065026726	2.74160326464	-5.89419899038	6.56427631202	4.74322539154	-0.810543812867	
8.8708841947	5.10270174178	8.49715552129	-5.52494643091	-4.94687814976	8.81381391235	0.89831186378	1.23299054304	9.0	5.3609640106	4.72937421926	9.0	1.24867404693	-6.0	8.99833992229	-5.98438070593	
-0.515835597764	4.46793377921	8.86036310089	-4.20062955015	-4.83945411197	3.4603941876	4.78421567454	0.811005308261	6.22943495128	-5.43785455589	-0.940232139914	3.45716422892	7.43229009784	1.00389105987	-0.412033164373	-2.71675591855	
2.95440319096	6.25833630353	3.22430203933	1.61520201909	6.74235244154	3.85658472384	6.87701716241	4.26207615523	-5.29972338341	3.58193602635	-1.24647330146	2.42778418467	4.59432035636	-2.54974867927	1.86737147502	-1.24473604554	
-0.836323730034	4.64515114764	7.95556369146	6.15715418854	8.71933453644	7.1236222568	8.57560463054	2.65801155665	-4.35735524755	-0.592953437699	1.31456300737	5.36994314839	-5.90281435236	2.54768702923	8.91360388631	0.778427400042	
1.48118884754	5.58106871881	9.0	5.29115046136	5.23875093301	0.91162826227	8.95995990468	9.0	3.1162744148	8.74128129023	2.76486166182	-2.09636499321	5.01480258276	6.72311462953	9.0	2.90106194643	
-1.76084630185	4.74405162034	7.17050542984	-4.01813994013	1.62764749102	1.94941840776	0.467270128337	1.28063447388	5.72170023897	8.98766340564	-4.88792068563	-0.315696010312	-5.67124675924	-3.28217215824	4.73367944218	0.573086330411	
2.49638029897	5.85712589604	4.62486037574	-1.9088504214	8.94110495123	2.86356680339	1.65079530827	7.10548358003	5.15081626037	5.16138847857	5.9724351735	-5.31493380834	8.68679894539	1.14239919205	-6.0	1.53177785325	
3.90531669379	5.05505779529	-2.19004812538	-5.03345502462	8.29634573241	7.99096152261	5.63391045929	3.88988851387	1.14741768877	2.12419862612	0.999399440355	-0.303425008497	4.28643975444	-0.672385230494	-2.03877740285	8.2819796694	
5.22884709972	9.0	7.56489652143	-6.0	-4.25295884619	0.974350903291	8.19005185035	9.0	7.59437950623	-6.0	-6.0	-1.26335015438	4.99995311142	4.20566624826	-6.0	-6.0	
9.0	4.99353473471	9.0	-5.49112662237	-1.59548137849	8.96803442313	-3.08729995221	1.1591703642	9.0	9.0	0.144814989847	4.47634513023	-2.30354920784	-5.91687208174	-4.7829304882	-6.0	
4.46487648684	8.15196239584	0.902134371893	0.310252633407	7.6191196807	3.29766195686	7.90420646205	5.38360475337	5.48205521787	2.53503844911	1.29722193241	6.0431351287	9.0	-6.0	-6.0	0.0657408674565	
3.03400069039	5.24217597298	0.837276484705	-5.29779736547	-0.392891365111	2.2252909232	6.27868721628	3.72534640524	0.841433941037	-3.47316168042	7.49719307373	-5.88680439638	7.68934577894	7.41973627336	9.0	4.82523746719	
5.48692992082	4.38307464357	8.47239131471	2.90423399718	0.92116702148	6.38634649878	3.38137400853	0.819505742491	8.05168979887	1.4931613213	1.68352013022	5.93810129572	5.22379717874	4.29114235961	-4.9340305588	2.9215308874	
0.737301805655	4.54958429403	0.743794376051	-3.1150548824	7.66444383116	1.04097807598	6.12587168388	9.0	5.60990870749	5.59003600941	9.0	-1.59549770722	4.03222882364	-4.57674855765	-2.73084922454	0.436908730882	
8.9934812338	9.0	-1.49287106671	-4.69877988204	9.0	8.99885823399	4.97294566729	4.45157903869	0.914947116659	0.899516549976	-6.0	-6.0	9.0	-3.42474689133	9.0	-0.666296861961	
-0.151179301151	4.6889833787	9.0	-2.5487152868	5.96826318617	9.0	1.20372940799	1.06569942764	9.0	7.92663455574	-6.0	7.33491968912	-6.0	9.0	-6.0	-2.89741671317	
8.08334571536	4.7452625768	2.2286994678	-4.11929146027	5.70353124346	8.99605977203	2.31608136334	4.91922963152	0.93506789791	-2.97142685593	-4.27057132516	0.18824815012	-3.78480571111	-5.99999164885	9.0	-5.71430226703	
2.09912293626	5.68849296033	1.51394265415	-6.0	-1.00309544435	0.880363337266	9.0	7.24530817771	9.0	4.88386449937	-6.0	4.06045275164	1.70007813415	9.0	4.45479669873	7.41894095084	
2.11762350003	4.6136579624	6.20966894295	-4.51893379705	-1.03770858483	8.98047050261	6.32572622726	0.875105213609	4.11196086592	-1.39733641524	0.199525383555	4.75323333034	2.02699975596	9.0	-2.85836354328	0.126543132687	
-5.51075665802	4.36603823495	8.56980984807	-3.24951086633	9.0	1.37086874412	3.13049657337	8.90613441332	8.89444736996	-0.106541943049	9.0	3.04152144391	-5.9842559726	-4.80763104608	-4.50879791399	0.944820569696	
8.50716503094	5.02778065111	8.67992595263	-5.96308532471	-5.88572110155	7.95334845953	0.532867651641	1.02036092849	9.0	-5.74579249926	1.89276106941	-6.0	-5.93516142936	9.0	2.81498012118	-6.0	
2.83243892727	6.22129390196	-1.96616011305	-6.0	9.0	1.41192373127	4.44248086348	8.88830376479	3.70636791054	-3.80993891631	-5.24065511471	-0.266722453384	2.35154874413	5.48680264109	-0.286525057812	2.15635245234	
2.26597213133	5.42559818702	-6.0	-5.95525736328	9.0	8.96822900619	8.10534328899	1.19997561085	8.88298115177	3.24050080905	-5.98545978763	-1.81173777048	4.40683306692	-3.39845815779	-6.0	-6.0	
4.50529909974	7.74023079216	4.865789478	5.81850850673	9.0	8.81605651645	9.0	1.33116298327	6.68950478382	3.97246907454	9.0	7.41758693731	-0.15004754286	9.0	5.2733512899	4.39210352057	
0.123018825252	4.54151728938	9.0	5.187536033	8.81704978705	2.75249271779	5.10767800286	6.79989995427	0.165693110964	-5.57112361121	8.59361466682	-0.0243027698326	8.02221889384	9.0	4.28967895621	-2.4196522946	
9.0	9.0	5.73151530227	4.69787687245	5.65378691412	9.0	7.13002287505	1.02156569772	9.0	-5.91056732206	-4.44576321975	-5.76070858847	9.0	-6.0	9.0	9.0	
0.117398283375	4.41841084296	7.15199448808	3.64265462695	6.33825762187	1.02256197093	8.03321724668	8.7611221502	6.72763710542	0.870228328603	4.18621454024	-5.92393469529	5.55551823485	-0.377666836026	4.93618506374	8.67706660527	
2.85102023928	6.54199187138	2.79551156747	-5.28379948289	3.39819807558	1.03428777932	6.00600514551	9.0	7.10170406119	-0.973366623177	0.459186117008	7.67132313238	2.60391749543	9.0	-4.73947995812	0.285076707385	
-0.944035678045	4.49990929604	1.71879230761	-5.99914009834	0.91600048402	7.29898261086	9.0	1.02540550199	8.27926591833	-5.1617364748	-2.40171788759	2.09591243998	8.48670681874	3.86616715594	-5.91542482057	-5.55784812385	
3.69086355848	7.09028432285	4.91145593188	0.917962556026	1.60483108535	1.42464697378	5.31228432511	2.34120281087	-1.61929520727	3.98010123808	-2.40757450451	2.41870753704	-2.37578617693	-6.0	-3.02686564341	5.80845843916	
9.0	9.0	8.99976786357	-5.89176895883	-5.06909409503	4.36779404868	-0.637206748457	1.02156807289	9.0	0.470808769892	7.04123173951	-6.0	-0.343530584607	-6.0	-6.0	-6.0	
-2.63778481126	4.86086146958	9.0	-6.0	-1.78452613942	1.04837830015	2.56525407847	3.33126215828	5.55709842083	-1.63052298957	-5.95989098736	1.29397171944	-3.91518159766	8.01510988373	2.20746754995	5.18868585303	
-3.79301264741	4.3677613155	9.0	4.72094576443	9.0	9.0	9.0	1.32240025421	9.0	-6.0	8.11153676304	-1.98639246917	0.936650407966	-6.0	-5.72747345153	8.99340492677	
5.16707792097	8.74114942157	6.70861758149	-5.98685717898	1.08425668762	1.05358929115	-3.78973275435	1.59674730895	9.0	7.94871531134	-2.78491044548	-5.9848581737	8.99999127047	5.19041940951	8.82086662228	4.27183116187	
-0.245290140753	4.39071848293	9.0	-6.0	-5.54664547289	1.02141314117	9.0	9.0	9.0	-6.0	-0.938393153948	-6.0	9.0	4.17275398223	-6.0	-0.315849443239	
3.98044126839	5.17779308239	2.02882104552	1.03132885879	2.21498989556	4.0719970852	7.40024004386	1.53119490129	-3.97798088977	2.98462505878	5.77360743853	-3.7892860228	-3.09999007296	0.792706261836	-0.262598614646	4.17635936789	
6.29948737545	8.8640383877	-3.13813343294	-6.0	5.41665761868	5.54113653792	5.44451016791	1.8024564884	1.13021324091	-3.77760673707	5.75468059707	1.62004814933	-6.0	4.35835494983	9.0	5.5480356606	
1.31369499655	4.91181873152	5.13153106648	1.45878345832	4.84444098576	0.903597710255	8.83257973356	8.97647886654	-3.75103232492	1.61386097466	4.66876094445	9.0	-5.10000687538	-6.0	8.59800017505	-6.0	
-5.8548990283	4.36803952278	7.6167004242	-0.376976910015	6.2748106002	6.54690080548	7.50510524179	1.20717113225	7.16355420909	2.0292114533	8.95485080326	-5.96115811659	8.75232346445	-5.87593896909	4.66332367964	-5.94946398811	
5.39268919755	9.0	9.0	8.9996645375	9.0	1.23334584348	8.69379001041	8.99999478992	-6.0	-3.22185348909	-3.32713157102	8.75408439476	4.29453492752	-1.26484863358	4.05429130485	9.0	
8.99786062138	8.99904315325	8.22136133807	-5.14578516429	4.25151104127	9.0	4.09936641311	8.92116188243	1.0282294108	9.0	0.433527896488	9.0	7.80973360855	-6.0	-5.99569009401	1.97797326995	
8.98704535357	9.0	9.0	-6.0	-3.46790812191	9.0	9.0	7.72266558689	1.02314677491	8.46817546907	0.415628147285	9.0	9.0	-4.58389489247	-5.97870366095	-5.98832433199	
0.295738424085	4.7872286646	9.0	7.9091628182	8.33703317045	1.07895325303	9.0	9.0	7.17259658596	-1.83708634623	-4.85250825422	-0.0924071087996	5.52431570331	-2.09070594896	-5.99993297095	-6.0	
4.27428037442	4.39629646173	3.71974510628	-1.38848168432	0.425443935671	5.08250761599	4.29656902586	0.848479556284	8.96219694563	8.34596746806	-4.96937947282	-0.984070473903	1.46875571341	0.552312041194	1.9941539744	-3.07275517953	
5.36051797361	8.8419186001	7.60391445301	-4.06849054809	-5.3248024382	0.987671378493	4.08871424261	2.29362902635	8.97332532091	1.0191230623	4.24450321824	8.3373129918	3.62736566097	-2.28093211039	5.15451213717	4.43198858336	
8.11864406975	9.0	3.2780792573	1.23897579313	2.24880290763	4.29332491401	8.98826999939	4.31223560065	-0.114495226929	5.42232605256	7.19023963555	8.99100527021	6.39774098212	5.07199296885	-4.48495050792	8.8054489473	
0.752834093066	4.52317647123	7.78774325284	0.107711030972	1.40453835683	6.61188207384	5.99387285668	0.924301758678	4.8611925825	6.39969678266	-3.27832707473	0.198350726876	-4.68806108861	0.0992126933773	-5.9988640892	0.259904228116	
3.95583607161	7.54523685481	7.20406069473	-6.0	2.27937378932	1.01896427037	1.71146615069	8.79337963626	4.7428213989	8.1644633843	-5.15552094045	2.95341848544	8.6931462192	0.117728338616	5.48005088739	3.12376564628	
3.89230769073	6.84639960359	-3.84235562225	-3.97867738834	5.24471434559	1.60911655248	9.0	5.96227480753	1.04712761794	-5.33246130136	1.49742560321	1.82415601562	7.18978186778	1.86719420441	-2.54210048114	-2.02215160058	
5.65360368899	9.0	-6.0	-6.0	8.5133885422	1.74355335657	8.25493375532	7.8824942707	9.0	5.92558214613	9.0	1.00353806412	9.0	-6.0	1.85282590691	-5.16459634034	
-0.781622445473	4.37681249539	5.64755045706	4.66529382405	7.16076616505	2.97374162591	9.0	5.21481373839	8.95184010766	9.0	7.04731670964	1.20187065742	8.39459980513	-5.89766364503	-6.0	1.04340913907	
2.37619896446	5.73060498696	1.55436288277	2.1866680063	2.94375308082	1.52284441417	8.9846516238	2.62292695835	9.0	-6.0	1.05661920215	1.97343705378	6.01111327827	0.976251464141	-4.29386991045	9.0	
-3.47151140484	4.51363017353	9.0	-4.17867166212	-0.793432779523	1.06395070396	2.14225488058	1.53527232923	7.47463297637	-2.88031969348	1.73074035803	-6.0	5.68677839193	7.38821701304	4.34722384597	-4.88527998081	
-5.99538990188	4.7074371268	8.99740232932	1.23657402248	7.85345897016	1.18960607266	8.92361712543	8.98686167915	6.28141040438	-6.0	-0.242657499283	3.98294808283	-0.517441319926	-1.71327018085	-2.08154274729	8.99917784739	
4.15242727858	4.42392319539	3.54115158367	-4.14126432168	-0.0923598201851	4.75259287346	2.08929738004	0.929697344315	6.68927964676	8.36085380378	3.94797907017	1.64927335041	-3.01245229889	9.0	2.69931778685	-2.00701711724	
5.54777642586	8.82568605397	9.0	-5.19612894689	6.76614158187	6.7757585915	-6.0	1.31687574046	5.61397516703	8.99999493295	1.04730642644	5.62224436638	6.26358749968	-6.0	8.98987532744	4.43694791245	
5.79373497912	8.98992016268	8.40176701601	-5.99704913732	8.95032168917	8.99890160356	-5.99809507345	1.32496631032	8.38564513207	0.863792502933	3.15779896641	9.0	8.82074075672	-5.80083132728	-3.7607898028	8.26707131293	
2.54475601253	5.90401106341	7.27339989188	-4.08815006247	-0.456670218174	1.0213994281	3.97766095533	6.70599987093	8.92933873617	8.1756272572	8.55419224409	8.72116131041	5.47982981218	-3.63386828712	8.99217693244	5.21907137995	
2.48902845263	4.37143655236	8.78993348001	4.20897304614	1.44856252751	5.12443512882	5.79468846357	1.0214891393	9.0	-6.0	8.9947857058	-5.99287103299	8.82961798461	-4.47690939073	-5.51558650786	-6.0	
2.54597420731	4.69919400457	2.41991434145	-3.08916300531	4.27988526059	8.21166591046	5.39931973484	1.01745070497	5.6486243932	8.98729795236	-1.59734215547	2.47787539302	8.93242738712	2.78718549354	-6.0	-6.0	
5.36688517248	8.99378799646	4.04849605792	3.6663870424	2.1484171313	1.08051972542	8.76317297938	2.87860486542	-4.8773707378	7.19297777902	1.51338082346	8.69202952036	2.81397473831	8.32798394067	6.7735003477	-3.03613444563	
9.0	9.0	3.69750663062	1.08860927393	5.88726180359	8.54478650577	5.84293087665	1.97233688054	-2.77872620342	4.63146325725	8.77870170431	9.0	2.53280444155	8.96169133384	-5.91567006575	6.16310066798	
4.56428333713	7.57267321754	2.45555989686	1.05292836208	8.99711141174	7.52988761649	6.91563865129	3.09570359942	0.684291188903	2.51068655159	6.82975607976	3.36333588656	6.37215264283	-5.9889028953	2.75822391305	-2.03876863129	
0.555539146921	4.52421679538	9.0	0.218897271994	0.364369489896	8.66514382629	8.2040435263	0.972156318775	6.02461155343	9.0	-6.0	-1.45832085885	5.50619227281	9.0	-0.718008859748	-1.60946151655	
8.99995528838	6.42156929839	8.99915328379	2.54708866772	-4.3911362094	6.95009819314	7.1280758904	1.02141566132	8.66397281194	4.25654548201	4.24885146994	-5.94432754364	1.70619472713	3.65615169521	7.86056176585	4.91238283091	
3.0142278736	6.43377824762	3.72066149025	4.17068306901	9.0	1.33565053946	9.0	9.0	-1.61019578534	-3.97743150139	-3.46873140639	0.210847807386	-5.62496920397	-5.85487348388	-6.0	-1.93041953483	
1.73530425897	4.40047572172	9.0	-5.89034780204	2.58628408808	5.63036966275	-4.59665138429	0.829815951849	9.0	9.0	2.52110195355	7.31183774101	4.64759964401	8.96148576385	-5.98773516735	3.52780063259	
-6.0	4.64678336698	6.71027281485	-5.14316642462	-2.6621457374	1.54849761674	8.14062089273	1.33677384595	4.16198217663	-3.98984784805	-1.97746890336	-5.1307455623	4.77707829063	9.0	1.70949356848	4.24519153151	
4.28186955892	7.98943471519	8.40610621813	-6.0	8.1623273347	5.0686774385	-5.99999276178	3.98667412264	7.18567775424	-5.88049020953	7.77566345083	-1.22142878874	-6.0	9.0	7.64108195006	-6.0	
-0.057071114089	4.36727191604	7.01754217001	-1.50656194946	-4.01134562453	4.26812209647	9.0	1.02250152954	8.93630551651	4.6011460806	-1.77352337923	-6.0	3.89667876736	-5.99799862637	0.819649637763	8.01706813187	
1.54654686377	5.00635860159	6.6661387704	5.82086333693	8.99546896051	1.55690670348	7.58141993947	8.60956216097	8.99971667814	-6.0	4.59088921018	-0.077294938	9.0	7.89978142478	-4.62773003654	4.719575395	
3.1442830988	6.10134224034	1.35682807831	1.07193670052	5.3776061681	2.81452068276	9.0	5.09404831219	-1.75729144538	5.69616699705	5.55905807772	-1.0144060707	1.25464698186	-5.88002538693	-2.57340374664	0.587660691966	
1.46434806086	4.43531121617	9.0	-1.80640970942	2.82145273995	4.01863356352	-1.79390160016	1.04848204097	9.0	9.0	0.387944503792	-4.41360553889	4.24880378782	-4.71122055186	-3.31410776355	7.79293444895	
4.21382335041	4.60329807875	4.3569341125	0.834488236008	6.75309633123	5.90849533784	6.26328763289	6.34845050635	0.331463449808	-3.44486119668	9.0	-2.9724461691	-4.8246139801	-6.0	7.22193087558	3.53837513084	
-6.0	4.53657765509	8.94795285947	-6.0	1.0998225194	1.0429183844	4.53304544881	5.11359404629	9.0	9.0	9.0	9.0	9.0	9.0	4.92722564059	-0.827204191399	
2.62309234014	6.18081086137	-6.0	-6.0	4.08271272967	1.05838499843	9.0	4.51199616917	6.08522724264	6.34367615276	-6.0	-2.83335931508	2.42083167845	0.183412605666	8.68781595305	5.47733336727	
9.0	5.22809226814	1.51247520545	-1.77037527222	8.99996069971	8.91241088074	5.78264404206	9.0	0.974414177749	-5.99994684848	9.0	7.24342649235	-6.0	-6.0	-4.39503582881	-0.20157651353	
7.01042303528	8.99621887161	5.73399046993	-4.61140225028	-4.71924557612	2.42542862016	3.58323440128	1.01142760677	8.7087227678	7.87965223299	0.535257832594	3.26092369418	-0.935290889317	3.99587874611	-1.67208517726	9.0	
-1.83782190896	4.76471687004	1.80305030713	-6.0	5.4369848134	1.06643940049	5.6393784295	7.40922391648	9.0	-5.97260270109	4.09693044625	8.60547337163	1.06732193778	2.59391611697	-2.73885094319	-6.0	
1.62041946086	6.5881321017	4.90081234349	0.294065349113	8.10024790407	3.94548680558	5.18149808866	5.1716104375	3.64415172525	9.0	-5.9987744283	-0.17776601802	3.6445811368	-6.0	9.0	-1.02235222891	
5.57378995862	9.0	8.99797256985	2.89854689949	0.860803948865	0.900925685358	8.18742759122	7.01950348353	6.18329531301	-6.0	3.08839862487	6.29571754853	1.82404138467	4.316666851	1.72316499907	8.2457567192	
9.0	8.99992526051	9.0	-5.97339069336	1.82799304766	8.99410318716	4.44548965488	8.45543872526	1.02556164466	-3.12858634282	-6.0	2.56498304553	9.0	3.05558256718	3.29775322387	-5.92404020322	
4.10685944623	6.31433989792	4.92513252152	3.09049342059	0.311955571214	2.5222258796	7.39790075436	1.0442032172	-6.0	-6.0	1.8737329617	6.73356884552	3.88323018544	7.76458624848	0.0482023026746	3.41031956424	
4.2090587821	7.23996181677	2.81969677073	1.16836416576	4.37405837388	1.61747104961	9.0	6.6028747749	-4.62737569479	-6.0	-0.416196474818	5.67755930304	9.0	-6.0	8.03532159114	9.0	
4.90841163518	8.56809422733	4.74849519488	1.75082002772	2.00040931512	1.15841712572	7.35706705847	3.72950870149	4.64233328144	-5.96975212896	-4.22509893985	0.371395990227	-5.80319987732	-5.21530284579	-1.42275353344	-5.32667259867	
2.7976214304	6.15122125894	0.977967316322	-6.0	4.60790513994	1.02140223296	5.57717870236	8.99216850822	6.76048610658	-4.38637938229	9.0	6.35390139963	8.59511972663	-5.67629797679	-5.84771388387	1.73332795889	
1.05964483926	4.87418890826	9.0	2.95282249164	8.43126748684	1.76663417608	2.57970009747	7.62449867169	5.27701126944	-5.71819067546	-0.303432324947	9.0	1.83889413865	8.99894383863	1.81669730935	4.70771496169	
7.81500731518	8.79354343562	1.08263654508	-5.96980355017	5.27659333877	7.81425844762	1.55767602432	1.10512520377	9.0	-5.91357692091	-6.0	-4.42724904585	6.65677656118	8.95675363503	8.99012119447	8.05189781612	
9.0	9.0	-3.1602057537	-2.69965450154	5.41020704765	9.0	9.0	0.948950534502	4.43474997025	-5.99919479908	-3.00691721007	1.2470804414	8.2061979633	-2.25959609409	-3.4392374333	-3.45383371874	
2.60152232153	4.38392526108	8.63884506191	4.7168895658	-1.24993920292	4.04399950165	7.97277576629	1.02255149166	9.0	3.35693050672	5.26608727136	1.26864721267	5.2988583267	-1.29700344199	-5.99853170667	8.68472536715	
4.32196217818	7.34016286219	4.90009161474	0.860038265134	1.61014475958	1.43966349771	7.61062137325	5.08288904632	-6.0	2.36185047973	-1.28195868378	3.13801690788	9.0	-4.88933645517	-5.56551939005	-0.571854450629	
8.99933120338	9.0	-6.0	-5.72030674868	5.73208848282	9.0	9.0	1.5581882164	1.26269294888	-6.0	5.35385478156	9.0	8.9647688263	4.96236129046	5.72676739893	3.91521738367	
5.46458055248	8.96782824071	8.94775540797	-2.72929788159	-6.0	1.0415607156	8.78577549054	6.13864907631	6.40947392399	4.67827474038	-6.0	-0.778246486173	-0.541705348021	-5.92126417253	9.0	9.0	
6.77806936986	4.71429306446	-0.950417891569	-3.17268192297	2.63308306304	7.59789542454	8.38670712394	3.86704691973	0.942522925037	2.4469822828	3.66233224322	1.03370679126	5.15405944102	2.61071140678	-0.508072303755	5.80255690286	
-5.64508931265	4.36853164838	3.88117700813	-3.11739181834	7.85677068245	1.05287395394	9.0	8.99331129421	8.99075359283	-1.71848628746	9.0	8.99984713542	1.28890499291	-6.0	9.0	9.0	
5.15007391283	7.28117369609	8.29866121179	8.91776116768	6.82805044068	8.07378472347	8.74982367641	0.968056027534	8.84658941432	-6.0	9.0	-5.46332632726	6.6475723008	9.0	8.9819567832	2.35324396171	
-4.28881117975	4.38783786206	0.755745341438	-5.99995495113	8.62743164268	4.19220781209	6.70538771525	5.39914856709	7.62568187966	2.33465781667	9.0	-3.90047956994	-2.24808270377	4.97571202456	8.34027487851	-5.37735200385	
4.23633124062	5.85592754786	3.28463468924	-4.23974684637	3.83019897035	4.97269220909	0.865960132835	1.8230139098	1.04477934436	-4.09319091499	2.28018448158	6.51511473023	4.31990197091	6.67808585485	8.68783849199	2.72968434349	
-1.28175890859	4.54079731334	7.12893810968	-6.0	-6.0	1.02960096101	5.12160226977	1.63556347424	4.65561535207	-6.0	5.05491391156	7.58424870868	9.0	9.0	8.74994918377	9.0	
-6.0	4.41160471022	9.0	-0.287042850624	5.51990007609	8.52405374015	8.99825845473	0.98982239261	9.0	-1.33603078647	6.3158456315	-6.0	-1.85052513638	7.92263119951	6.05593313847	-3.19715571468	
-0.372856011152	4.46245686036	0.347389284457	-5.86240990194	9.0	8.09603112465	3.3024558841	1.95756243076	5.85633436731	-1.35637189018	4.74566953226	-6.0	-6.0	5.23428596166	9.0	2.05845600942	
0.750408778057	4.79137690359	-0.146153781091	-4.57677455682	-1.65379709406	1.16518065121	9.0	2.90961253954	7.65909711977	-1.41731491216	0.538806741384	4.84486002866	4.99139955046	-6.0	9.0	5.18925877972	
-1.12461940389	4.37054949379	7.10927980044	-5.11437182763	1.3798037778	1.02157817976	1.32568086826	4.61653939877	9.0	-1.30934839079	-5.96260466633	-1.67962899293	8.99257881186	0.41539702444	-3.99534993766	8.9904169355	
3.65881214825	4.54848557463	2.13106112071	-6.0	-1.31381234489	3.915925656	2.96584278698	1.25113191382	1.18148196236	-5.99279853728	-1.77361456417	2.38277330724	-5.61797968727	-0.485564536701	-2.2703958794	0.327780109125	
5.26563323207	8.82967493832	9.0	-5.11660832584	6.29986686865	4.87991064034	-5.98003806829	2.37598921115	5.59586976233	-5.33469622538	4.65739663659	9.0	-3.56110722546	-6.0	-2.10400837969	-1.80051435726	
1.64555420552	4.36787622635	9.0	-4.87071622534	-6.0	8.57448746035	8.24345803359	1.02146262124	9.0	-4.71538337765	9.0	-6.0	-6.0	-3.56432064594	-5.13327711543	4.48506389497	
8.99416737448	5.02865748567	3.8794609609	1.00790310242	5.96755525476	8.98134717185	8.9326845038	9.0	-3.549235636	2.30006972095	8.92096710118	8.99161453998	8.83919388739	-5.04589660588	5.13072385474	-3.03283423534	
0.0357978423521	4.41573493711	3.56595874761	-0.250067760995	4.59969204134	2.8124468783	5.31117420671	2.76458007362	6.19469149678	2.02674561566	3.70999161619	7.06487625705	9.0	4.98633925432	9.0	4.14802841529	
6.24812819835	9.0	-3.82638997241	-6.0	6.19783381792	1.84161940787	9.0	9.0	1.20562041078	2.81301443246	9.0	9.0	6.507015096	5.42692822305	-6.0	9.0	
5.83225440462	4.58650280678	9.0	2.39046328748	2.65019447413	8.99183769167	3.29736461332	1.13701311049	7.77043164318	2.26901644164	4.84533400222	9.0	1.88245880206	-0.961824011079	0.534584154838	-5.41490566417	
5.53500120373	4.73543873687	3.66934566245	0.986850770489	9.0	9.0	9.0	8.7219277819	-5.90603022054	-6.0	7.15680756614	8.9610316239	1.62327445634	-0.427749598013	4.42577886699	8.22108029366	
-4.10945166437	4.36771848778	2.53222694422	-6.0	-0.628927253431	3.60810715479	9.0	1.02254136914	9.0	-3.46385931549	-1.59013266945	-5.73658771235	2.10889828956	-6.0	4.06560090471	1.86356713627	
-4.11877469948	4.3453065184	8.8631674117	-5.42510942417	-5.63661342874	4.39276650214	8.95999839862	0.89733661052	8.97314999635	8.27541173387	4.2702396717	-4.26975993638	3.39782787678	8.4096577204	5.26053945749	7.67180784365	
2.05621415302	4.81141924163	4.70874978539	-6.0	2.94442053009	6.79689741336	1.03246534604	1.15594295102	9.0	-1.13236674286	1.97007070597	6.35386707401	7.28024577724	0.282319560798	-5.85839475985	-4.93884860035	
6.58333882658	7.61207289111	-0.480942057628	-0.142790575401	1.77073116513	3.62769438353	8.98394198164	2.00781816433	1.00881242823	-1.84912807191	6.7257381478	-2.17439071917	-0.988848149401	3.54394268121	-0.711399927762	2.95437727699	
7.94269073443	4.92384962304	6.19039604331	-4.69694544843	-3.52311652711	9.0	3.49128418682	1.00288888117	5.1639004795	8.99987242533	4.30516539736	8.98506454172	5.76090297997	-5.85679606016	-5.97536730101	-2.57022114937	
7.69126442931	4.39982567773	3.45087526421	1.66083149988	-0.161965433437	9.0	8.78884197508	0.94521087126	4.04897392866	-1.59103268927	-3.17911667941	2.07899812196	6.82856359004	-2.53140065104	5.832556222	-3.26944935592	
1.51969900872	4.33196527696	2.49207836727	-5.90955394928	-1.15435747196	4.46688202568	4.72356717377	1.00052704493	1.46246091559	-5.68834531653	-1.61869621581	2.74658313337	5.31535592866	2.6101059321	8.76324792456	-6.0	
3.23717247896	6.84187932486	-4.75233757806	-5.9947998537	2.37619639563	1.02866077083	9.0	4.18629296543	8.51379340596	-4.81251971218	-0.0733940826869	6.82375658735	7.83202477777	-1.80626958942	-6.0	6.07310981604	
-0.134248039576	4.36771188545	7.11872763528	-3.07856953634	0.487577525239	6.00772760402	4.6420588376	1.02136221534	6.83541345932	-0.753807151063	-2.57325074	-6.0	9.0	1.14198649579	-3.21439020341	4.36833187257	
1.38988356569	5.15220362244	3.24650616525	-4.36680397503	1.93952583241	1.12245071303	6.6306917509	7.51437673351	1.44388115175	-0.259700568849	-0.492153265545	6.12035002237	-6.0	6.48246117848	6.98870641064	-3.76429096109	
2.88626998334	6.03747063897	1.21745470651	-5.12705640139	-0.537368604558	1.5554005324	4.13491857167	1.46164351583	6.34895646833	-1.42316202144	2.64416017322	6.7621163024	0.121399130332	2.78645105107	-5.74447886565	0.193035821795	
1.38050340991	5.00781151772	1.47632787285	0.635622206726	6.48913443631	3.88563194688	7.70502481885	3.65793420388	1.15428902357	-3.81696516024	-3.31066234603	4.8622415949	0.183559218198	-0.670753436224	3.85547882334	8.29206829558	
0.952414857127	4.82531043249	7.83343986042	4.31784674508	9.0	9.0	5.36300797988	1.26098909006	-4.72026785768	1.64052466983	9.0	-6.0	-6.0	6.01063224859	7.11865978785	3.52796171285	
5.28969851842	9.0	6.47355570249	-5.1291464813	8.99784660309	2.03997409892	-3.03181613406	8.08980234217	5.781068566	-5.94334435614	-4.24439990703	1.38060863339	-5.98630760511	0.670461898925	3.3636244851	-5.73765838809	
0.417116480732	4.55241387668	2.80693645308	-6.0	-6.0	2.83474045304	8.98949775484	0.99279927063	8.0913294093	-5.98099485982	-5.9941771086	4.28127016056	-6.0	5.64939538765	7.52252177191	8.97626854187	
-0.0153028656447	4.33991185655	8.99859443895	9.0	5.91009027972	1.67298200324	9.0	5.1711796135	-3.3937481022	4.63676027028	9.0	-4.31854338155	-1.64978641466	5.03722494879	7.64780141844	8.17826768328	
-3.38542339104	8.10179258787	8.89053386956	-5.08788023449	2.37560795142	5.11438348008	5.15401392344	1.11011862552	1.74719814428	9.0	-0.609389861713	9.0	-5.9444682236	8.96261770744	8.56856682944	6.96252439245	
6.89476827621	9.0	4.13922468134	1.10466846284	4.48298928888	2.54768942073	5.63018819775	4.72719346314	-4.89421620562	-2.41489419616	-5.91061965866	-5.96794514386	-2.53662826704	-2.9678164762	4.17250310134	-0.288564139223	
-6.0	4.64627846658	5.5377018161	-5.85035953239	4.70630056969	1.13427969723	8.44046121689	9.0	2.36761919388	-4.57127953558	8.71503928809	2.54265788908	-6.0	5.02001010084	3.34001992401	9.0	
0.630815915727	4.37433713341	-1.3676305842	-1.84387076821	9.0	1.92993344457	9.0	8.99975148003	0.885145212427	2.91567128546	-2.04655796918	2.48240123784	3.95654189357	1.96969453596	-4.99829323029	0.855817383293	
1.80650175548	4.57123373069	6.53378094137	5.48453182648	4.43724470712	6.87587513294	9.0	0.892373156508	9.0	7.72024570227	8.99999996454	4.35952826772	-4.97746844156	7.76701024488	4.12422806831	-5.01679278195	
-0.728853759328	5.02620775774	9.0	-3.66632990396	8.82665251973	2.05374135145	-1.66297192141	8.11830991202	5.45576051285	0.685649742269	2.54177501492	7.43992588172	0.478157398912	4.16401269439	-2.35039156246	-0.287057377324	
7.39771138393	6.31042009264	6.39977242018	-3.55071868967	-6.0	6.06769278033	5.70904586145	1.04213761846	2.17168126611	2.73490763875	-0.904262084732	4.10680120881	-0.172205569424	-2.5681362086	5.97508164705	2.74363576693	
7.9722439883	4.41268701691	5.29507326518	-5.71939687932	-1.99912984561	8.9475718946	1.18986930679	1.02127951869	7.24359747428	9.0	-5.99936041496	-5.83183755884	8.82587859911	-5.88630256255	-3.08804393408	6.48736441742	
-0.407260721904	4.86130736583	8.92658141911	-5.40869817993	3.57701588433	3.10873195682	-4.037667042	1.65106330494	9.0	4.22639160588	-2.7388420915	2.00333945516	7.04457227293	9.0	-0.840554192512	-3.03328306201	
-3.00830990816	4.32498191677	8.72264122261	-3.69493777375	-4.65735941061	0.938316005382	6.85378541238	2.46973673858	6.31018782896	-4.81514985766	3.75973676442	7.85777442009	-5.71341960046	-5.82217810876	6.95185401639	-5.36593410673	
4.64690472114	8.18040202283	5.11650605639	-0.747892866733	3.19453949268	2.90027223158	2.40073230863	1.35219628554	4.13870685137	2.68233946014	-3.04094909996	1.57782332052	1.95708095308	-1.25356587332	1.3613747032	-6.0	
2.62504348026	5.10624373571	5.32357486203	0.99669541425	6.55024915074	7.0097401242	4.65172105236	2.25349182951	-6.0	4.64828851794	-6.0	3.44060705388	-1.31309632612	9.0	-5.99774294318	-4.53020661649	
1.90568542236	5.52651194767	-0.0534726775573	0.131472050572	7.37714535038	6.91918802063	8.98144522672	1.77678396626	9.0	-3.87402734654	-0.67482840309	3.98124394149	-6.0	-1.08858606882	6.6885969128	9.0	
-0.860132705142	4.46004125501	-2.80149510844	-6.0	0.318743154834	0.972640049717	8.27486586056	1.72082579153	6.38849967656	0.226446001198	2.15056440887	5.29811499121	0.55360655736	6.64578065694	1.74885389928	2.07673542447	
7.04187636197	9.0	1.71391383746	-1.29115262246	4.8476466459	5.05334588609	5.19569737603	2.21141784671	0.949621350202	-4.48830603456	3.79301178611	-5.66757747791	-5.93208806956	4.97434397407	1.34217024516	-5.34796028548	
8.36936398874	4.84563080126	8.99974297362	-4.32099589209	-3.57099818645	8.80186174301	0.387665724285	1.0774616633	7.12219821008	8.99878286376	-3.25473390534	8.77979526871	9.0	9.0	5.33284728894	4.33497755237	
