7.5952807366	8.34441885641	8.24380034735	-6.0	6.29728089368	9.0	-5.97282437402	1.02282530569	8.90085810377	9.0	2.03555472851	-6.0	1.98946207958	8.97067218129	9.0	-1.99953784826	
5.64216418242	9.0	4.13595415632	1.24541581819	9.0	8.31253788457	5.71142662933	2.1244674482	-6.0	-0.653772034837	9.0	5.74657761768	-6.0	3.78163137633	9.0	-6.0	
-1.08536061787	4.55878761061	-1.03979399194	-6.0	3.69107361167	1.55722755044	6.14538986977	3.81996268802	1.32255922558	-3.39346878542	5.26284874143	9.0	8.41886949427	-6.0	-5.99934978108	3.28306731864	
5.18844215273	9.0	-0.0609026043862	-5.68207003106	-0.169199016263	1.11718959531	7.77518270492	4.51494298457	5.15868620736	8.99136401308	-2.82971363907	-5.98043853073	8.98506938193	8.96843368722	1.99644406465	0.752281067876	
1.62942716816	5.22489283608	-1.83090497574	-4.73331678837	5.24175128893	5.18638249999	5.97494789707	1.47942194943	8.81814054624	4.65718482652	-5.27299872327	-1.2297721165	5.83500733363	2.62067219214	1.80628291808	-4.24592300768	
4.32352483316	7.66787280101	5.53105451969	-4.5389071259	2.20034626436	1.05639907676	-0.767312991808	3.30636780297	8.69841653216	7.52222244271	8.90823308595	-4.50904641334	8.13380597046	-5.99672522105	9.0	-5.72306415672	
-4.2737520297	4.59174626763	4.67605166329	-5.99746674341	0.556274480887	1.04188312155	4.79698398986	2.32971816823	8.80290557395	7.17561039605	-4.66225434282	4.56517737914	5.23087075679	2.75256964294	8.95738632492	7.51086415871	
9.0	6.63820254302	8.71908990287	5.65096407781	-1.22917627405	7.17770921589	7.90574796803	1.12169053106	-5.99879997058	1.52689644926	-5.5153076665	6.70058702246	9.0	7.40788711495	7.94346731843	5.87034704221	
6.36691134719	4.48790446939	7.75109137755	-0.974045395079	-5.79945466053	9.0	8.99642415078	0.996575552077	4.70388348096	4.09757670397	-5.99984524409	-3.64579456603	3.13429758342	4.96745802767	-6.0	9.0	
-6.0	4.41543780106	8.98052062183	-5.99999977668	0.225381243578	1.03189434889	9.0	9.0	9.0	-5.11339353341	-3.14654302373	0.81509989085	8.81576968683	2.04513788729	7.64670360913	-3.66220883043	
-4.65989439094	5.0527224686	4.90345210378	-6.0	9.0	4.27325613654	6.7560269246	8.99670586782	1.15392771353	3.19128527244	0.388844376738	5.0571503324	5.90848031096	4.11365318304	9.0	3.81316417731	
5.28188520816	8.16399216665	3.30277141607	-2.37532421011	3.09469109084	3.61146316473	2.7327781127	1.15323586417	2.86292237652	0.310090429629	4.10444832009	1.91205340618	0.380051347476	8.83192192964	5.20602538872	-5.99250280753	
3.03008861044	5.20473307802	4.82656201444	-4.89550123638	1.5625910164	6.19154784381	4.55891024449	3.53776495595	1.15069957476	5.35633237303	0.8240122235	5.72295743432	3.65140291668	8.92940385948	-6.0	2.16579640506	
-3.3587298599	5.23491310162	9.0	2.75268219575	1.43558054347	3.15344110863	9.0	1.12543807256	4.57829162151	7.09966517653	-1.46535668589	3.30499500704	1.78982879833	-5.78380209974	4.37691700595	-6.0	
1.74175345436	5.44106607051	4.26462314024	4.3241113887	8.99966358605	1.29073085269	9.0	9.0	3.68961691468	0.196730176033	6.17380699109	8.86921173001	-5.20128573515	1.49719668366	4.39360617961	6.19921882445	
5.48815702838	9.0	9.0	5.42888990331	6.58705544155	2.32572466298	4.7958427249	5.30725145219	-4.0350109786	-6.0	4.72659382261	8.86549608571	8.01470446691	9.0	8.99794765455	2.67966766199	
8.91142246845	8.98051119503	4.22068409102	0.97340194166	0.519215743919	4.47916481159	6.22944412257	1.71812732782	-1.85309262844	-6.0	1.86841939591	-4.73111270645	6.48995178382	2.41147202615	8.31393354789	5.26547630516	
7.4090115147	4.97189687327	4.55721324787	4.75894158552	2.6615713938	8.90014313783	9.0	1.1856953939	-5.620449378	3.00769169745	1.45407656218	0.338640872534	9.0	-0.298088207792	8.32948616566	-2.80106764586	
2.40373758743	4.4944879901	8.23078472356	-1.79316481339	1.03265722568	7.82894142081	3.66150047469	0.958191920565	8.87578278826	-5.8428320371	-1.32108230447	8.71794916834	4.11450439162	-4.28460713057	8.66098172467	8.5097786292	
5.37336072063	8.74360964985	8.99999703788	8.41967902967	1.44297850495	1.05975203326	9.0	2.84610983288	-6.0	5.83065723534	-2.04632592737	-0.715334452859	-4.9379388268	-6.0	-5.55954322652	9.0	
5.19039858316	8.62865455678	7.03866526651	-1.41891236951	-0.580823275665	1.15062122213	9.0	8.61410708007	9.0	-6.0	-5.72454356027	-1.50263347327	8.44493063501	-6.0	-3.91504354753	-6.0	
9.0	6.49537558104	3.11331494445	-3.72441999453	-2.78953090701	6.97557351688	8.98065994455	4.76134278073	1.01584376607	1.17869259834	9.0	7.45614910087	0.197153688503	-4.18936936723	-6.0	-4.16636639163	
5.21659470367	8.78145800682	-1.0998424268	-3.80819097143	6.8473454981	4.07065526536	5.41072850373	3.74627981587	6.39291645362	0.465578780635	-1.00701812312	3.12214963083	-5.90894667432	2.63520064319	3.63644748372	-0.644954931303	
-5.96047195821	4.592015596	8.88150140813	-5.9685831837	0.519291392216	9.0	9.0	1.02791046367	5.04910541005	-6.0	8.99766622354	-5.89486869516	-2.56985899065	-3.22232448524	6.8694057498	8.46599125071	
3.46360433078	6.16812106418	9.0	5.17995272116	1.55141067523	2.67290526908	4.49643917189	0.855805542957	2.81173208642	-2.14676689466	4.29445194194	9.0	2.15489591479	2.33314690048	8.80548947488	1.84447244687	
5.51109067836	8.59318187506	4.09323050525	-6.0	-0.697682641594	1.42614049753	0.145094512853	1.15090407521	3.4345052514	3.4860696878	-6.0	3.51593183571	5.49170100447	7.61044095651	5.03563886897	6.31784259435	
-4.30757926921	4.7680152799	9.0	0.954241750219	1.44797318601	4.53312868461	8.88041822091	1.07256045148	5.30784073424	-1.68576158925	4.93343008071	-4.94762665242	2.50768435417	8.58550304879	8.26010618322	-0.79917316598	
1.71241039696	4.96068576526	8.9999894265	-6.0	-6.0	3.50167920083	2.7895427437	1.23929535074	6.43274253679	9.0	8.93107204006	8.99200034939	-6.0	8.16633101883	7.81453756028	9.0	
3.12979053923	5.03577726332	1.59473268171	-3.41124945135	6.82106331016	7.87918123012	5.15217749729	3.28133450232	1.0833949462	4.90251043592	-3.74060759895	1.23227727798	8.43100853319	-4.13253869677	8.98008020153	0.144306688794	
4.86158668287	8.34521065288	8.19870235539	-5.99993516756	9.0	4.60142878913	-6.0	5.4980162358	7.98691387408	-2.61044115274	3.55439708669	7.8246126976	-2.13166158964	-2.98087799128	-5.87861258916	0.228303334813	
2.26111762114	4.55880208458	1.47393179947	-4.89282467119	-6.0	2.48581781892	9.0	0.872883775134	9.0	9.0	8.86383152944	-5.97657213721	-5.78246013783	6.88680298374	9.0	-1.11584833173	
3.73115133247	7.26366016138	5.29325018026	-5.28273270229	4.1153019629	1.18589368929	-1.00585012615	5.35999091718	3.96319060646	3.92733865048	3.65917484113	7.86813689417	7.95077644706	2.29048696331	2.55608247041	1.27611186616	
-3.80870179063	4.51577059253	9.0	-2.82240601199	7.1664723125	1.05170653799	2.51806555258	8.3348785464	5.85492108357	2.96591177935	8.00466867203	-6.0	-5.99808808774	-0.461720879398	-4.745214758	8.9996594736	
-3.39830314442	4.48175767679	3.60023959261	-3.09838554008	3.55461393168	2.14889048116	6.1433477255	2.57247336354	1.77580791244	3.15449414396	4.62294521758	0.229621379425	-1.6102213303	1.7255908211	0.920840747686	7.61903861837	
1.35943493312	4.79138926417	-2.64693287441	-6.0	9.0	5.1821862871	8.98825094845	9.0	1.17825086995	-6.0	9.0	-6.0	-6.0	-6.0	9.0	9.0	
4.79503130888	7.91817818441	2.65838190055	2.92294443803	6.74152339686	7.22208054037	8.96788901531	1.15812415632	5.5236886297	-4.02155181007	-3.6858739453	0.389991416935	8.9971314946	0.633075927704	1.17904246673	-5.69473273015	
0.761111523145	4.84465661749	8.96144869083	-2.15797935719	6.32093148845	5.00555177414	-2.37665624341	2.13802923578	4.79422874263	-4.36378283452	-2.66010101158	1.81675680963	8.99171790927	-6.0	-3.57988791233	-2.45886884846	
5.51003970356	9.0	-0.213650579368	-6.0	2.34718521975	1.02124423932	9.0	8.82679518408	5.87959336534	9.0	7.10619015491	-2.54610688515	1.42609925956	5.68724832582	-6.0	5.25034806343	
-5.59990722749	4.61403312402	7.79463461282	-1.96035157915	9.0	1.29861677116	5.48228515547	9.0	7.76074217518	1.94752992578	3.62433011957	1.32431820834	-3.92401938363	5.13078379127	8.88346984494	5.2211468652	
0.816304287522	4.81761665514	5.16713568249	1.04864977264	7.99122498861	3.70434624185	4.46233437437	5.18815210225	6.37023763264	8.97437391778	4.25301211077	8.83089163118	3.69527918238	-2.1837569381	1.32064143008	0.959279531234	
6.28722800244	9.0	-2.28019169212	-5.66782537583	4.8048702144	1.77954785166	9.0	8.77430656122	1.13559817641	-3.91262577317	8.17275331094	-5.99968063788	-0.219268261152	-1.74752368527	1.34296027977	9.0	
4.24802917955	4.38263856451	8.92088807968	-0.628483229534	-5.80573488481	5.41111673395	6.3501341432	0.882637477017	5.48861975613	-6.0	0.519055047006	4.61598623835	0.925454237724	-5.67219443784	9.0	-3.59604574843	
2.21646573136	5.75008193433	6.04086329137	-6.0	-2.6138031345	1.04986734572	1.48692176949	2.41447042973	2.85387899791	-4.5205236694	-6.0	-1.56832041649	-5.60181120467	-1.60303597531	-3.08996266952	7.18289187706	
7.7034147777	4.53951086881	1.71112988975	-5.37958724629	4.2518757273	8.38029264026	2.01611897891	4.32775039627	0.960631051666	2.90654104337	4.62429164594	9.0	-2.73423887478	0.840951986512	5.21739362077	3.72845840071	
1.49795106961	5.42688373267	5.14009393809	-2.04039446183	7.42185113477	0.961385205369	3.04039682277	9.0	2.63560186553	6.35105685714	6.03695380797	3.07908717504	6.14609375769	5.98677437058	9.0	0.646647403585	
9.0	8.81179880883	-1.3374148586	-2.71383392197	4.85261529278	8.94847082296	7.48774760646	1.10943021842	3.00943053918	7.0438058532	-2.44266943628	0.852120538419	-5.37352544538	-0.0580917844274	1.26025041997	-3.4659379148	
-5.23381131875	4.45122007034	9.0	1.36025429038	6.8952630762	0.955677675445	9.0	9.0	9.0	-0.134530618435	-0.727742319573	3.429666437	9.0	-6.0	-6.0	-5.38510144554	
-0.5123458142	4.48924596988	7.54130492696	4.47513855934	-0.176794329811	1.30377103279	8.76294402583	1.53399311419	-6.0	7.22702348164	8.10014147918	-4.35432124508	1.2330932003	5.35153828687	6.84719420282	0.337048762463	
5.0042184041	8.47692665649	4.78313114175	5.17419135224	6.63295584523	4.32008914099	8.78387589953	3.38717518301	-2.14534445742	1.8156627409	6.43450183298	-4.9809332003	8.9993451219	-5.65706641888	4.87702947017	1.13203845008	
-4.70836044134	4.47531159708	8.48237974897	-5.7648247421	-0.378494205702	4.84686059102	4.98052823876	1.02295472422	8.97452923521	-6.0	8.99803868458	-5.99998379316	-5.99073823755	2.35236888293	-5.9865384792	-5.99994055064	
9.0	9.0	3.9220861612	1.16382948581	5.88059008855	4.88618049117	9.0	9.0	-5.98461294532	-6.0	-1.45680161511	-4.39959603523	2.81999391311	-6.0	-6.0	3.31577829904	
1.91573605633	5.27963415098	8.94116640347	9.0	9.0	8.78415256213	8.27585022332	1.2568146145	6.63359392046	8.10299117499	-6.0	-1.56664779142	5.29125306906	-5.89772126969	-1.59601189794	-3.49844502202	
2.64368073318	5.78564120941	2.16849678498	-5.40581275348	5.55485656796	5.53897446049	0.541989155576	1.29998657049	8.57969644261	-2.13541558357	3.22966802546	-4.60628988919	-1.12036247791	6.69128362582	5.95159326727	-4.91494322633	
0.181988117333	4.62211228285	8.9128041041	-5.99999771436	-5.97207173094	1.09997901893	8.99775650253	8.45923923219	9.0	5.9480850934	-3.61689431817	0.46953327016	9.0	-5.99313876008	-5.9979807317	-5.97633571495	
3.82177696384	7.27088742733	4.94019940738	5.7536851724	3.902856807	3.47054326024	8.98278010723	1.46568022192	8.99971110839	8.97007859371	3.85575551648	-4.73845149474	0.569855143853	7.88055086005	3.6620093678	-5.3912138671	
2.42845562501	4.72657319743	-0.218414731687	-3.21248921808	-1.22590358841	2.14782638657	7.37821001662	0.856409394268	3.4729003663	-2.29569475271	0.950388722377	4.92306365083	4.07231717537	0.484598474301	-1.57527737413	-0.274432047321	
8.24419285734	5.44189512836	8.78340472467	2.40674293952	2.40749432296	8.99909391036	1.89621689209	0.805995025784	5.45689893018	-4.94047955777	3.04769590838	7.6164885773	4.18539144271	8.63207835301	5.86816730449	1.09828250768	
0.738562195488	4.5990335518	4.88429310027	4.72990695993	2.67182954391	2.84892031934	9.0	1.24683898112	-1.88895816255	6.11246801769	9.0	4.35564480589	1.45220122547	-2.44918118578	9.0	7.05364686647	
9.0	9.0	9.0	6.8108721871	5.54814007756	9.0	6.08033617753	1.02172010047	8.818818752	-1.58549672807	9.0	6.20701561618	1.20843577214	8.89271510272	-3.49933957083	-1.55538312167	
9.0	8.85803913283	4.62836645703	1.10314258882	8.70254808123	9.0	5.21077675708	4.6205531006	-5.99219727735	-3.50042785506	0.261658990863	-5.96412609861	-3.87550885161	2.81648536464	7.34936979378	-5.99888387244	
-0.460007224687	4.45189706518	-4.11494727639	-6.0	5.93555057301	1.45319113133	8.00920014169	5.6292209663	8.49133929676	-2.51359860782	6.27408535737	-1.05640720624	-5.44339553763	4.90309617672	9.0	3.08127653112	
0.115515651696	4.523791924	9.0	-0.433859582359	-5.38002392571	1.02343951562	8.68858294234	3.51518181255	8.82580309679	9.0	9.0	6.58606202979	-1.13687036959	-5.61127580216	-3.07372555022	8.97195853419	
-6.0	4.30011845565	9.0	3.04207746592	9.0	7.57652461275	9.0	2.30564711292	9.0	0.400606554333	1.38264298863	5.49312442701	3.87634525568	-1.28244383942	8.69782330247	-2.22485844616	
0.171815659462	4.47742274333	8.99999911995	-5.60232323541	2.3631740415	4.29261972852	-3.62271178905	0.925917237253	7.36829324199	0.116783114395	-5.28274276704	-0.688386357833	8.94699488139	4.34025980403	-2.64813025212	-1.29302338188	
2.09302669297	5.28158837748	8.54733998419	8.01363703628	0.460267099542	1.71180775178	9.0	1.23964081247	2.29575939696	7.960759352	5.74446433732	-6.0	-6.0	6.8926706405	7.436381765	9.0	
5.49114844799	9.0	9.0	-2.34763606725	9.0	1.28650559112	-2.80039055074	9.0	8.99867922429	-5.8081573752	-6.0	-2.13319171337	9.0	-6.0	9.0	-6.0	
7.73958006203	6.57693338371	5.20875786172	-5.48876818493	-0.0768670213322	5.7684664275	-1.12198068167	1.07547849837	4.72156732582	-6.0	-5.97310501021	-1.66853902963	8.99665959767	4.54282876927	5.19878010631	-1.99940081912	
8.91421692856	4.68226703161	9.0	-5.85152897411	0.665221696438	9.0	-6.0	0.93297639174	8.09217230306	8.99602420168	-3.70246473279	0.300093401124	9.0	8.99931221984	-6.0	-0.810575747342	
-4.75328014645	4.82970728979	8.48335692166	-4.7609041239	8.19683396721	6.61058247913	0.934460447772	2.40504208939	3.99566240638	-3.13816019265	-1.91150544792	2.93079919253	-5.94723810416	1.1774076027	8.31510243029	3.75440847071	
7.02135722066	6.02760798214	3.13165843189	-3.6903994927	4.07588118737	6.50774134898	1.91743459623	3.45125540649	1.00590373538	-0.342133839343	-2.68555728909	2.6911768337	-1.77667636278	0.663190290239	-5.9163675098	4.96579957976	
5.82228686259	9.0	7.68055227969	-3.76957144655	-0.411136261739	1.19514830694	-1.35657217012	1.51367972435	8.85857576555	-1.40452224747	4.58684820194	-3.04737086088	5.43733706491	-5.12836082326	0.665205381703	7.30094413231	
3.30535406581	4.50646863013	0.650211026304	-6.0	-4.31625279143	5.31540562553	9.0	1.02010072203	4.73524648216	7.75153909864	4.60187632366	0.396483420127	-5.75933027245	-4.21488142353	5.80470025327	6.90124442027	
5.09159504314	8.5623411868	4.28419935255	3.05659413059	1.29367846034	1.04962770272	7.77532479736	1.95912781301	1.9605479594	-6.0	2.48250549517	-3.33419451304	3.70866901228	-0.376172012076	-0.910720144238	2.32395944578	
2.52382571259	6.14271482781	7.26887070596	-3.67563836831	-2.52269687889	0.916574430934	8.84266546129	9.0	9.0	2.25611240334	1.27625475635	1.64407723413	-2.72490578768	-4.22929458904	-6.0	8.99370175019	
4.24121564113	5.54411913072	-0.908646980244	-0.455554125915	2.95330081591	5.17239518336	8.69788243708	0.995326303335	4.48920461238	-5.22214324077	8.98517523338	0.942949358609	4.74547185122	-6.0	2.99437211978	1.14850509792	
9.0	9.0	4.37502933119	1.1151200575	5.44869134225	4.85423581628	8.9428448039	8.99793562202	-5.55611238244	-4.25277460415	9.0	-6.0	6.49812173397	9.0	3.4629700812	-4.09339607732	
8.97724304209	4.97564377163	-0.101927450438	-2.88771509359	3.91631886339	8.9637579984	5.63183551288	3.70067922416	0.846758492869	4.62653355178	0.360751845284	-3.29831828313	-6.0	-6.0	-2.36476504194	-2.10699003563	
4.04683127708	4.98833884811	5.83243992338	5.37426996389	2.45654451733	5.85627768005	9.0	1.23135353735	3.94450790483	2.50188523021	2.73921263763	-4.22605063533	-6.0	8.76165640268	1.86928587453	-6.0	
2.43496368185	5.36839539921	6.9764140067	4.26801226793	-2.51672328113	1.54632506235	9.0	0.96260745286	7.33499083718	6.13089182107	2.50104919655	4.54229073787	0.0872350954449	4.62708750665	-6.0	7.29319871365	
-5.6486118527	4.47734229895	3.28139086804	-2.95374561325	9.0	1.33698273587	9.0	8.97024523638	4.52831731336	-2.7419599488	8.86174786047	-6.0	-5.99998735703	-2.96315777156	-5.86713961916	8.679212811	
9.0	9.0	3.49472548723	-5.7015762724	2.21767984613	6.00043454661	-0.778050041305	0.934038852551	1.64561685033	5.66976788884	0.205829770915	4.94275028943	-2.96500712717	1.39165558392	8.58129470205	6.71427115471	
-0.753081721329	4.688865301	-1.17247710227	-6.0	0.0454747780597	1.28224393551	7.3811697849	1.81191009255	6.84848628905	7.22675202198	2.62482468395	6.97801299795	3.60107514301	6.62651907466	1.3509406522	2.26509145661	
7.74027106615	4.49684595527	1.90344649137	-6.0	-2.58381212205	9.0	9.0	4.7671028413	1.02154683377	-5.49989260472	0.659328728619	-4.83685594909	-6.0	6.4089430476	8.48611888083	-6.0	
3.72656367968	7.24490344492	2.74562327097	-6.0	7.77166843188	6.67281612811	-0.534418078164	2.05628247858	9.0	5.49518557268	-2.60062761302	1.04764640596	-3.42614668003	1.4805541056	9.0	-6.0	
5.42499107412	9.0	-6.0	-5.94848374497	8.99459806653	8.87251471044	9.0	1.55478154033	4.7701048504	8.78841096111	0.210930867695	-6.0	9.0	-5.43866390545	-6.0	-6.0	
5.52243711277	9.0	3.95627005868	-2.10065997824	3.67140291405	3.11747063731	2.14081837207	1.60224079048	9.0	5.24352545812	-0.69889384279	-1.29520634915	-5.89420545485	-3.53239010229	-1.03116107343	9.0	
2.12124670081	4.36395100517	6.03866057665	3.62293212716	2.6663021274	5.13926579329	6.89751593999	0.775547753834	0.693633785004	1.32591273525	2.81230215142	7.07688977668	1.04875460403	1.8207933737	-5.88397191099	-2.29156295638	
4.10420093561	7.62679302789	-0.338432347402	-6.0	0.702648565539	0.853338861916	6.836500346	4.99973370559	8.38510964387	0.946427249333	-5.65178307826	-1.54237566023	7.71002310263	8.97929340919	-6.0	-6.0	
-1.62864543313	4.65440406326	2.29430439656	-1.88165779287	8.71882575939	1.38202921109	7.55964777313	8.94082005887	3.14504086108	-5.99935708791	-6.0	-1.95553177297	8.99998109175	1.32863216715	-1.58470142584	-1.69713792207	
-1.03251981525	4.6018500281	8.59959286375	-0.130247707795	0.573070222437	0.994763441857	5.86912781099	4.8024256531	6.03732500835	2.40026619907	-0.46807302684	3.54387062956	9.0	9.0	3.90030805317	-5.99364763333	
0.359149975159	4.5157803598	6.98417460741	-6.0	-4.9061706357	7.18021353943	8.07570443454	1.02127791667	3.8088286444	-1.07952385301	8.86156971131	0.973185594879	9.0	-2.15768138172	4.03603639577	4.06395563338	
0.20723233877	4.63241554535	5.84792343798	-5.34231680091	-5.14555025448	1.04379918719	6.28886800673	3.10130720594	8.61531098303	7.36866159349	4.97929434431	0.966866888735	-1.30684054922	5.00890086122	2.19687110043	-3.79631250078	
-6.0	5.02049440148	9.0	-6.0	1.08646672777	9.0	8.90382934841	1.04674162178	4.6873657695	8.23073848976	-2.67186026444	9.0	7.86132566073	9.0	-2.85158467888	4.00854384907	
-0.195597376624	4.58236530821	4.94404868019	-5.56343588198	0.341895812491	4.31905397853	3.24318055824	1.21721023959	1.83623647107	5.16406381417	-2.58078865709	1.81983407625	1.93252410806	-2.65072131412	9.0	0.836650106905	
0.686833814496	4.78867223755	5.39272629755	-1.73303901203	-0.591231764672	1.3974012314	4.55792629298	1.68564040554	2.47609984514	3.00625558519	2.45187437297	-6.0	-1.28086932821	5.47675297389	7.16991628543	4.10237249244	
1.33377031704	4.88181174807	-2.00413865594	-5.12806043319	1.76980093819	1.12377978515	6.95570789518	3.27615799247	1.17286453708	2.19649218866	-3.21402815585	-0.0379109202886	5.31723582363	6.01314646775	-3.44086355856	6.43011898531	
5.55592533449	8.99152084205	8.99965154224	9.0	9.0	1.28258639378	8.48322427791	8.99935790129	0.288858060014	-6.0	8.99906029299	-6.0	3.58581851021	9.0	4.87647360652	-3.82470441754	
8.54090714442	5.21427440398	-1.26448460056	-4.18059089279	4.23935882787	8.38082976565	5.40744679329	3.80890883928	0.770093439067	3.97001930144	8.89358833476	8.37741204281	-3.29594399396	-5.64711696902	2.26998612057	-4.22078381585	
-3.3908831328	4.46085490396	3.11706187997	-1.49830017435	2.36666089765	1.08552804563	8.41583435369	2.741466982	5.13661847575	-4.08681888188	-2.21769354695	1.94065113652	0.675127039664	1.19034314364	5.17967833202	6.04380348227	
4.85644333444	4.95554921058	4.53243963045	4.83934935015	1.14899511028	5.05498968569	9.0	0.954291876657	-6.0	-5.74371347358	7.4770668334	3.30491371622	9.0	-0.703231497314	-4.34618460739	2.84873663164	
8.99921511904	5.04641120722	4.91794568041	4.4925696225	0.847289220273	8.89803373102	8.6035244172	1.09873049362	-4.1713885845	1.44150663538	8.97631768103	8.3384764332	8.98916573303	4.55270535086	8.91859389748	-3.65738442268	
-5.72457910141	4.58806201823	5.41101945572	-5.99604139547	5.93594185324	2.49179285097	3.98167140364	4.6261641579	1.46739913347	2.74190425622	-3.78184858559	0.913226863082	1.5224938643	3.63487885589	0.0265052501596	1.26224936774	
-1.20389229799	4.90200462897	4.82417761092	-0.638453853221	8.99981907198	1.33862503755	5.71839427537	8.99745979191	5.28309920112	8.52023090603	-4.70264449506	-0.155113603555	1.45374725647	-0.951239304076	-0.964193243995	-5.65277209171	
9.0	9.0	9.0	7.98265608618	-0.341870411527	4.49205394876	8.63406802443	1.02143855913	2.49618949008	9.0	8.99798432022	-0.683706332127	-6.0	6.432914078	-1.25187364107	-6.0	
1.95837534853	5.56079556793	0.90512378608	-1.8297437804	9.0	5.70020427242	5.75957650516	4.28125191864	7.88754687677	9.0	0.129586353391	4.22553807072	5.36625537673	9.0	-1.44823612909	0.818999278489	
4.62898852437	4.41142024474	3.22638535019	-6.0	-6.0	7.69264875204	9.0	0.929552674142	9.0	0.957695568053	5.07844190182	9.0	2.03797206886	8.46709816919	9.0	9.0	
9.0	9.0	1.31772889611	-6.0	8.9866710799	9.0	0.732278812792	4.32904850269	0.893633499571	-5.66744914429	-0.245626044055	-1.22967211412	-5.77649341998	-5.47174675312	-0.355336519971	9.0	
5.37011623426	9.0	7.23788227479	-5.14369841852	8.99605864507	1.24686166433	-3.52064516704	9.0	7.78946251936	0.986605408814	-1.61163885281	2.62503963905	3.43975639702	1.14555266044	1.61923809388	-3.85498849361	
5.54746534353	9.0	9.0	-6.0	-5.99706615002	1.02187597065	2.98631861908	3.71699239299	9.0	-0.436369458734	-5.58119618691	-6.0	-0.382320768938	-1.34878599648	9.0	-5.99855086821	
5.54312938845	9.0	5.3410944068	0.384021908576	4.97184676509	1.09254309289	4.03879715757	5.62423404621	5.00044006079	6.24805624705	9.0	9.0	0.504799638757	4.75133484883	-6.0	-0.776875023249	
1.17566611477	4.94670797015	2.85243513535	-6.0	-2.41165263635	0.90227002844	3.91543087623	1.90070740212	8.00248345249	1.44757836024	-0.8975813845	-1.97672576933	0.311795080887	4.39432771436	4.88463506542	7.9526095014	
-5.92736028413	4.78049980308	5.00333477458	-6.0	4.56658378449	9.0	9.0	1.05746484365	6.41850065514	-6.0	-6.0	4.75814710562	-0.263370197322	-6.0	-4.51043301739	4.24557786597	
-0.324850207984	4.47485012463	3.23551382878	-6.0	-6.0	2.5649113986	8.95942491032	1.03456589307	8.85268678761	9.0	9.0	8.42277755325	-6.0	-3.97253574825	-4.7582630678	3.52821915103	
2.28684761979	5.78343949538	4.68170520289	4.90467008486	2.54256220598	2.10873075477	9.0	1.7781982614	4.2555641483	-2.03459299982	8.99999182233	-5.99882886071	3.51538081051	0.321375838723	-0.814552891739	1.07195812215	
1.47146073946	5.31851362719	9.0	-5.94559369565	4.80840161236	0.876344325751	-2.7093741475	8.51508698392	7.5395263089	4.5331155879	1.36325969528	6.04770502758	7.67091474615	-5.46256185777	3.18663697641	3.44862494034	
0.758579193201	4.52473618678	5.30619865981	-1.82455128486	-3.98576461591	1.84595492144	7.35852616682	1.09511251855	3.03918458277	5.7130884551	6.96393773116	-1.45735938969	0.92626757964	0.746160796523	-5.13916118688	5.03364504709	
5.18561368949	4.90825400435	2.24994880659	2.05156290156	1.90972791783	6.43523988269	9.0	1.05718751258	6.34960407914	-3.47634749826	-3.02058181795	-0.17271743001	5.92191296231	6.82404247283	8.66947025214	3.89336988888	
5.6990052135	9.0	8.9999784702	2.18545618317	-6.0	1.01717173927	9.0	1.76453829895	7.42680606052	1.61468398611	5.0570026844	8.99781344141	2.25559085948	3.84797868376	5.62745869957	8.92611742089	
2.20727595338	5.79910497968	7.07843921798	-5.9874502338	-4.65911470821	1.00656983381	9.0	9.0	3.58814052777	1.33900411163	0.366325822907	-3.76696014797	3.13661951875	7.31165772274	0.804966980743	4.4515284959	
4.31050223758	6.41712859812	6.71708916278	7.19832745396	3.02715279569	4.53296504016	9.0	1.18949122715	5.5696733124	-2.31346562363	5.48862322782	9.0	-6.0	8.5046364988	3.08579333867	1.53932801763	
5.2251748804	8.71744005422	8.75003070594	-3.44198042878	1.40904302053	1.02134899743	3.70842551821	9.0	5.61207806364	6.79693753331	7.78847485715	-0.86049661248	2.83998506004	7.10341971928	-3.27442786764	2.32333296966	
3.29109075918	5.20739808363	1.67794058044	-0.539071993473	3.49710202564	5.42088144938	6.20426436899	0.880307591843	1.8058286183	5.88848687263	0.82435484277	-5.63916160205	-4.8922197445	2.40740215117	6.78176222708	0.809374759496	
3.91959981253	7.07789930364	1.4295186845	-4.14064289572	2.82835272344	1.26083763581	6.4379146591	6.59259822246	1.23260200726	1.91861158958	3.72926909078	1.06082787523	-2.66503286006	1.53960700523	-3.19107159021	8.7661182594	
5.65336334171	9.0	8.4653015794	9.0	9.0	1.3226766166	9.0	9.0	-1.56069790398	8.62608831563	-6.0	-6.0	9.0	-6.0	-5.10850702401	9.0	
3.77620602646	4.79575906123	2.47077864043	-5.33185083147	5.38146356102	7.21096685172	1.78061208839	3.03073331413	1.17331354284	3.1703994381	-3.47529181205	0.806961365161	-4.89067562091	0.894539328221	3.7397621061	-5.39448249694	
6.61180588983	6.09412754977	4.28225706445	3.77516808665	5.0657473922	8.96722254986	7.56383273408	0.912219412686	2.22282039814	0.86412992693	5.60174925804	-1.07080115499	3.72951023155	1.32201326588	3.14838447916	7.0889400785	
2.05851671204	5.09075583095	4.35809841759	1.15006570925	2.94726036893	2.10413183045	5.42439391034	2.54380533287	-5.17373714919	3.58449314754	3.80447559211	4.76618150898	6.32588532914	-1.65289356396	-0.778115575739	-3.92669776803	
9.0	7.73283983848	9.0	-5.17311952428	-6.0	5.63522461754	1.01228334152	1.02145688068	9.0	6.30041199034	2.06506722425	-2.46010961568	9.0	-5.47552544861	8.15560822857	8.61321907959	
8.78647444748	4.51663132242	8.56584848334	-2.27863369539	-1.33333332309	9.0	-0.0631739069368	0.880083024776	9.0	6.60670956724	4.09334628562	8.05807077861	-6.0	-1.30608656777	5.52878777258	1.93044659773	
-0.0747447053254	4.40841827273	7.62163989101	-5.92333569744	3.06181918236	4.02460377595	-3.46084868561	0.850224204838	9.0	6.09464125511	0.803665941193	5.19773425969	8.99601649617	5.87001472804	-3.8924392751	-1.00504939508	
1.96015236434	5.35517330184	3.9654404572	0.700399582704	6.2765729699	2.19377094099	8.71820280318	8.67679031653	0.929343370418	5.23113517957	8.05953260023	-6.0	-6.0	-6.0	2.53470651137	7.55194811771	
5.54848923416	8.96168093969	3.2822457375	-3.88243733569	1.99647748227	1.22525482186	2.48690861904	3.20752955017	8.91828932376	8.98233104047	-5.85123068296	-1.68370226482	8.99995881356	2.45458004737	-2.85992914778	-5.58628511635	
3.06257129515	6.55504429032	1.32988626061	-6.0	8.19387576964	0.97590525936	1.63211923017	8.98293075262	8.73212408585	0.715705148072	-4.2595846482	0.647887360802	-3.76120509718	-1.99110270242	-3.17719041398	7.82792944568	
3.90960625662	4.61259350708	3.42025053641	-6.0	4.07470596542	7.22000589854	-0.878292759863	0.989205232738	1.86535310379	-4.57151818169	1.89065384659	8.42333858277	0.997193501768	7.36448846315	1.25713723272	4.67823284545	
-0.492236111357	4.48269746747	4.63014347893	-5.95331437078	-5.99430894602	1.40699182918	6.84550300448	1.25663723664	9.0	-0.635185602479	7.96870188636	6.94161233935	-1.75110250674	-4.50117851288	-1.10657554999	7.69634057401	
5.95055746267	8.97446283596	3.91440493581	3.07849990859	5.8110859234	6.30222342908	7.57098280222	1.07696921571	2.90897282018	0.106884055067	1.29482047803	-0.150103983862	-3.05244864235	-3.32431125366	7.98491732765	-1.84052756692	
7.35115188886	8.86949046804	3.48380748576	-0.0836157332615	2.07947798018	3.3604056526	7.42489051992	4.36828183984	1.08160655725	-6.0	0.699247084064	5.05559927449	1.67056944309	-5.70134358167	1.74774175208	5.21628048035	
8.6826954771	6.05901639026	9.0	2.7123476334	-4.30433290466	7.01553397835	6.96188437177	0.783792203446	8.31946766318	8.999999879	-1.54229304552	2.90117371872	-3.0137909493	2.40508995584	-0.495229839928	-6.0	
3.5820382168	7.19775913805	1.58396298531	-0.4960502791	4.64513135104	1.1821852609	8.43229834772	6.46093174818	2.75141434977	6.19279926488	3.18941590287	1.69696543273	5.79137210362	3.87775132727	0.0400558438653	8.62412266564	
4.98280528041	5.18231205374	8.95832984023	5.86330272508	1.95897471278	5.47699252332	5.40943376053	1.04692673678	3.86407978324	2.28826099421	0.814332335989	-0.655570279	3.50845661833	8.50200392271	6.98260470168	2.66809581101	
8.80578061306	5.40206206817	0.484474622171	-2.6356477966	8.98542378559	8.30332104284	5.78490247486	8.99292666833	1.03473146943	-3.9470453672	6.48428760982	-1.5439567378	-3.38223594189	-5.98573195786	2.56786394657	-5.72827281548	
-4.2215717116	4.47322966594	2.00662407172	-5.66075678153	8.99998626877	8.97263467516	6.19380663983	1.39785380473	1.90017579191	-5.99900575939	-2.35824620304	-5.88471497411	4.42741247025	2.90683753241	-1.5958989927	-5.17458956303	
4.8028161891	9.0	9.0	1.02141255406	9.0	8.98589211232	9.0	9.0	-6.0	-5.99995276373	-6.0	-5.99107499889	-0.149429143805	4.59543287204	8.97614077156	9.0	
0.646479960629	4.52477988252	8.00799177582	4.73853285288	5.4059627156	8.97891742549	9.0	1.02183075316	-6.0	-5.84899993319	4.52595323305	-5.35763684503	9.0	-3.26198067047	4.67489091898	3.26456928558	
5.50011137997	8.4036951322	-3.27244912325	-5.99966755202	8.62751191882	8.99999998451	5.52850751545	1.16368897724	9.0	8.26257319659	-1.56567661626	1.42312370476	-2.49437472111	-6.0	-5.29108102191	8.99338114978	
1.37725881235	5.11477516239	3.06397744016	-6.0	4.340356626	1.48925704778	-0.371993276636	3.8343058539	8.77600799791	-5.42362978336	9.0	-3.17671932218	-6.0	5.90232407066	4.77757493274	-2.97901201399	
5.07732707537	8.60476318713	8.99568852773	9.0	9.0	1.42630491271	8.7983232805	8.95831357431	-5.99940597475	8.99986876368	8.95535840572	8.45364801724	-0.26501545773	9.0	9.0	-0.478418798923	
0.301817585071	4.39223892598	2.70637127244	-5.90302959532	0.337572020513	1.62383837132	1.698874366	1.1312623515	4.84528720694	0.850574376981	-3.14861297095	1.03531364148	-0.119662812067	-0.0707074427452	4.25298506988	4.02665182124	
5.07637769799	8.6106858729	-6.0	-6.0	9.0	4.56590666376	8.42009405029	5.44407490383	4.7517131242	-0.849707566997	9.0	9.0	9.0	9.0	7.1172556594	9.0	
6.93093685962	9.0	3.19648457446	-2.18908865756	1.68618254844	3.38541956233	3.50167048186	1.23814934922	4.70844793145	8.50295533875	-2.75939578973	-0.320374858519	-4.82398280116	-6.0	-1.27088512238	7.35974264591	
2.76533755145	4.96183070797	4.07519776884	1.04564019603	8.5461819673	7.92190324486	7.35195037416	4.95019283083	-1.16412776637	-6.0	7.31705695438	-1.85578490281	-5.9155887657	-3.45456932538	-5.81544232508	6.75912910201	
4.70066105447	8.41819307426	9.0	-5.04079129601	-2.16188894822	1.18037783361	0.284296571748	3.36547875972	8.99995754505	-1.80722308534	-2.60399626491	1.89295449177	5.36052571755	-2.27624773094	-3.46678971254	-6.0	
7.43555898125	4.65462203429	7.96319839565	-5.23142547048	-2.2958369743	8.20025204347	-0.526255190902	1.17485396284	8.9554427585	6.97988762258	3.26266838763	0.310995609759	-3.88243003126	4.14276415819	-2.70827332517	8.99587066495	
5.34444534793	9.0	4.37487661258	-6.0	-1.66877093112	1.08676714931	3.06870238372	3.06338013235	5.17764523671	0.43620524621	3.19337795423	6.87526707771	2.07909065906	4.69330577468	-5.60824252105	7.65937489279	
3.0036300545	6.39846609969	9.0	5.46275539826	-2.64003900104	1.10254482564	9.0	1.80867274636	9.0	9.0	7.63585971054	-6.0	9.0	7.41927743386	9.0	-6.0	
-2.21118911181	4.47443657442	2.7183474217	-6.0	0.509989073626	2.98257743526	8.31342963374	4.07779535718	1.02608438815	-1.03374122116	8.96331355994	-6.0	0.283659798408	-4.1508977121	-5.43673972221	7.69903788314	
-2.62325905498	4.4954625483	6.43067335712	-3.26772931934	9.0	1.32370480836	2.07770193664	8.60035183075	2.48728373017	-5.64885151151	-5.94742088867	-1.88143124974	2.49694960704	5.52508995262	6.86775133567	8.98795065193	
3.4160722586	4.65763343447	3.05833286682	-6.0	2.06008166238	9.0	4.10571264656	1.01645336044	3.99617897222	4.76331036658	4.35715241966	8.76407521914	3.6030627636	8.28419149989	-2.01497399435	0.697304104967	
-5.99999755563	4.53667036105	9.0	-5.99999836557	8.93749009148	2.91152344284	0.349084930708	7.04463532929	9.0	1.23247352789	0.995028428417	5.48241852743	2.15549735349	-6.0	4.67888257947	3.33535238757	
7.59769677351	4.58662495217	2.46968671215	-4.48531543765	-5.49776395881	8.64296270663	8.97252303512	1.06083516421	9.0	5.85389193071	-6.0	-1.58688933319	4.7078416703	-0.230500847798	1.94965430125	-3.61978752945	
4.64156506849	5.6007249214	6.34320870278	-3.60105182715	5.21799743384	8.00633894259	-1.56946383887	0.899391467901	3.62751848584	1.14945191951	1.73710713427	0.636007799262	-3.59889788794	-5.55133332912	-5.89119956575	9.0	
0.792152938685	4.89655316827	8.66922713936	8.86023731338	8.92234303406	2.74096339867	9.0	7.16186622427	7.03469595812	4.48963568564	-4.99140126362	-0.334113195747	0.565920539653	-3.63850809938	4.44271925536	0.0882334140882	
2.60709172529	5.7899533394	-3.03033228532	-5.99990870144	2.35744315275	2.24324047849	5.32094136068	1.40274284933	1.57904994892	-6.0	3.69636081718	5.61357043063	-6.0	-1.68894991651	8.61196107445	1.04947227924	
5.43756932506	9.0	8.48094750476	8.97029287845	9.0	1.23738770852	9.0	8.9975542889	-6.0	0.387439486231	4.84594442166	9.0	8.99999207056	-6.0	-2.25109019655	5.47881240002	
2.10957419894	5.00011680019	-0.149057806932	-3.29983151294	8.96473562164	7.01192883848	5.02190263338	3.47109904898	1.05401764171	-1.71229588082	6.11238913832	-2.86002080788	3.77285743651	-5.98930241192	7.77599795578	6.9569413601	
6.78513784914	9.0	3.78189876594	1.03089550185	5.81188044889	2.61127944114	9.0	9.0	-6.0	-6.0	-6.0	3.24812775208	9.0	3.00358161007	-5.63389206321	6.61403401872	
5.82627159732	7.54519489186	3.12994621573	-5.98477711372	-4.9868238525	2.83394972252	6.26256377682	1.91361517232	1.0096020776	-6.0	-6.0	-5.99623197093	4.71146666653	7.15780856106	8.94948700974	9.0	
5.37973639423	8.99886143851	8.87082597807	-5.99492663598	9.0	9.0	-6.0	1.37386872982	5.135073988	-4.77965122123	-6.0	4.73379314244	4.14682222237	6.09996583091	3.50226404571	4.70933809603	
9.0	5.29256922384	8.9123691613	9.0	1.81836671063	9.0	8.27856197316	0.967153522586	-4.93600612326	-4.62892239004	1.23172384855	3.3387414607	-0.687903933341	1.15729161359	-0.773735202339	9.0	
5.45852423418	9.0	4.1596481239	-0.353261686903	-1.65272959739	1.24292084576	8.37218019149	2.61059438485	8.99761708091	-0.894694945398	-1.14643332953	3.09646483648	-3.38283012359	-6.0	9.0	-0.0955363764935	
9.0	4.88946071771	8.9602377991	-5.97540815334	-4.84657462044	9.0	-0.247802099151	0.989561394542	8.99999259012	9.0	5.04528148495	8.99630050015	-1.14963511423	-1.41178038987	5.60553098505	8.99851633316	
0.887078332924	4.46641914876	2.31659956163	-6.0	5.69067491992	8.99894339045	9.0	6.63311009386	1.02142498715	-3.5702937469	-3.11724876383	-5.97197882015	-6.0	5.77626359562	1.87908914248	-6.0	
3.60502121206	4.35408399225	5.84447655912	3.30107536065	-1.65357396552	4.27790327452	8.83718406504	0.852520283974	8.2078524091	7.0749957647	-5.58154253921	-1.4105872542	5.90128714151	1.27168273515	8.99994828042	-4.17013586344	
2.43068401522	5.86084231263	8.58753876862	8.98181875123	4.46847572418	1.24481379233	9.0	4.6746551226	-2.62910065431	8.93674569506	-0.991372156867	2.92594177619	-3.27447978345	-1.15505065319	4.69134855314	2.28797739988	
5.51685215265	9.0	5.39485556349	-3.13829011299	0.760106102087	1.0254593586	1.58612724924	2.64342674228	9.0	-6.0	5.05849347226	5.60301716556	3.12234466607	9.0	9.0	8.98730082999	
5.60331612189	6.4336398651	4.43734287872	-5.49251660093	6.08799341403	9.0	-1.36014207895	1.01854540824	8.46491405517	9.0	4.21984213001	9.0	3.52781163104	8.50246180843	-6.0	-6.0	
-1.6742840969	4.34631001315	3.85828794713	-5.68591226397	5.52881426289	2.93740598328	1.10846589805	3.39396092544	3.85563001025	6.97942547994	-5.74879853352	-1.49315820641	8.90964321091	2.57023214454	-3.88426432062	-5.99878696552	
8.98718107758	9.0	9.0	0.171971039095	4.06040842221	9.0	8.92191153639	9.0	0.95944732393	8.43031152242	-4.58525248186	3.9609908151	3.23213345414	-5.82632137139	-4.62512405853	-4.47052809662	
2.07698741443	4.56472597458	4.44502448033	0.801268383619	5.79165544634	7.29029855541	8.99958118626	4.9503571216	0.670585739078	-2.22483487073	1.19264585685	1.49311583685	-1.26404784699	-3.57606799625	-1.78128632711	7.16204586106	
-1.85180340141	4.54028396533	4.53852946274	-6.0	7.82897794002	9.0	3.32096309815	2.55064738548	0.916732966753	2.12394285363	4.74691830151	8.86913727597	8.05319254456	-3.76656301627	6.87530673448	-4.73747455681	
5.38643130432	9.0	8.6411974992	0.514148151941	0.116980828381	0.882471082536	9.0	9.0	9.0	4.58717696803	0.908847981674	7.09256461868	2.87440282069	-0.873481440552	2.69412678957	9.0	
0.24618179193	4.47904174533	1.78283602033	-0.767678352617	3.24966088643	1.96769054809	6.52503543258	2.24888287927	3.17322822421	2.04214727148	3.00445423114	-3.23979409686	9.0	5.62566993594	8.07564181915	-3.21851336307	
3.49553621817	4.55112979121	2.36094095238	-6.0	0.986019978028	5.15839973616	1.66234253639	1.06641633631	5.16592492298	-3.24833304668	9.0	-0.0602646092354	0.474254759512	9.0	0.750336525378	5.83513376586	
1.07947145651	5.06400224252	6.31436480324	3.60853563512	5.42973668536	1.18361052343	9.0	8.00470162887	-5.97525001818	2.99708400394	3.82946896338	8.30704683065	0.0487494859897	-4.46160027036	-0.819559278398	-2.93785572944	
0.960315812169	4.94761403353	9.0	8.18499743778	3.06532265919	3.31235429934	8.46750090374	1.35198803842	-1.5442362379	8.53187536896	1.87280678222	-6.0	-0.00542869076534	6.07002371673	8.84067043166	9.0	
-2.22383194564	4.41171724355	2.55540898163	-5.15403310807	2.42004025769	4.00162790546	5.13615951124	0.868626632539	3.7582998638	-4.1489823673	-1.88622906692	2.57496693812	-1.0004511339	-2.07075333956	-2.32452218539	-6.0	
0.485857687728	4.66451502513	8.26010008014	2.15504981793	4.7244920902	3.01384475593	2.74323341717	2.73230922539	8.4677623536	-5.10333975916	2.31328942153	6.6207384321	3.13841687789	5.35838946712	-0.185262495434	-0.763664219879	
5.22548728062	8.92726302574	9.0	9.0	6.86848795483	1.07551224949	9.0	7.43719921494	5.04680586255	-5.99917253875	1.75751543749	2.79210094084	-1.91262295496	-6.0	-0.488112570564	8.45895708899	
0.532086431578	4.74423481752	9.0	8.85165865657	9.0	9.0	9.0	1.27049291227	8.62031972678	9.0	-4.39023644098	-0.00478480681328	-6.0	-5.99521877856	9.0	8.98003397542	
-2.24284438526	4.7925726688	8.68020088597	-0.300606679428	3.18660742007	1.88977461654	2.86019586508	2.36298601988	4.59835781745	-0.445768064348	-3.05762777469	0.225875014936	-3.87647102179	0.478056292216	-2.00681208315	9.0	
-5.72356416213	4.3549419193	1.93899554718	-5.98665303647	2.77132928811	3.00081520962	7.13809966788	0.995047867548	5.51366471491	2.67591091035	4.16507816439	8.5000659563	0.516660647911	-3.16020624111	7.85738938607	-6.0	
8.97421208212	4.69884461494	3.92940182224	0.774738387878	6.59243617764	8.83101627341	7.58832223577	9.0	-4.97135103935	1.14508510753	9.0	4.44285057548	9.0	9.0	5.44220217202	-0.445450678361	
4.90719561891	5.13888592225	8.59411425861	8.32270871155	3.47108636475	6.95220869141	8.46262628122	1.17065015561	6.11510325662	6.12096599954	6.26745386122	-6.0	-3.07393770848	9.0	2.16158718118	-1.62531688863	
5.54652592983	9.0	9.0	8.35879278144	2.24118761181	1.08962658483	8.51032177793	3.05069372439	5.38191241534	4.52972842762	7.73501960911	-6.0	-6.0	7.27149132754	3.03510652962	4.44403034895	
7.94121408846	4.59647373184	-6.0	-6.0	1.46837997944	9.0	9.0	1.0195188317	9.0	8.9997034733	8.75116388266	4.3696075313	-2.61958504042	8.81861149845	-5.84052397173	9.0	
0.760049781242	5.0522229663	2.69030399609	-5.72653171929	-4.89287048268	1.05779016682	8.40535610054	2.86390024803	2.12866493943	5.98092245642	-1.70277226864	2.45879447789	6.25773375133	-4.41977474403	-0.397460739889	-2.32837332649	
9.0	6.74858194843	1.24767454209	-4.97881750417	-6.0	6.78104518526	9.0	0.958292049778	4.85022156627	3.65858649931	-0.912820484421	3.0748647381	5.52382493235	9.0	9.0	-4.90000293612	
4.54628014727	7.99822514467	2.67166488353	-2.52582046767	7.51809179466	2.31809654841	3.09421969511	6.24387048259	9.0	1.42993754216	6.99448454121	1.6707052263	3.92660277237	8.15857026838	-2.88524471373	-5.0399726953	
9.0	9.0	3.86208940232	-5.32400003681	1.9662500464	5.35917196647	-0.975734082635	1.02155225734	6.03909760598	-6.0	9.0	6.83195799284	-0.703767584484	1.40335304667	8.88956692413	-5.63388226281	
3.71805250107	4.47757854229	8.99626188787	9.0	5.50742610626	9.0	9.0	0.900790614675	0.859169806447	-1.1530225763	3.51145764288	-4.98671077624	2.01897953778	9.0	2.83852180424	9.0	
