2.61642507961, 2000, 20, 3, 1.0, 2.1, 2.1
1.00704934094, 103, 20, 3, 1.0, 2.1, 2.1
2.61561539618, 2000, 20, 3, 1.0, 2.1, 2.1
0.705464587159, 82, 20, 3, 1.0, 2.1, 2.1
2.61420577406, 2000, 20, 3, 1.0, 2.1, 2.1
1.05893253781, 358, 20, 3, 1.0, 2.1, 2.1
0.958448563156, 348, 20, 3, 1.0, 2.1, 2.1
2.61559857733, 2000, 20, 3, 1.0, 2.1, 2.1
0.980715473364, 78, 20, 3, 1.0, 2.1, 2.1
2.61562596234, 2000, 20, 3, 1.0, 2.1, 2.1
0.912484621711, 152, 20, 3, 1.0, 2.1, 2.1
1.07924695075, 230, 20, 3, 1.0, 2.1, 2.1
3.11379197029, 2000, 20, 3, 1.0, 2.1, 2.1
1.09552393394, 92, 20, 3, 1.0, 2.1, 2.1
1.07735362794, 112, 20, 3, 1.0, 2.1, 2.1
1.07165774797, 119, 20, 3, 1.0, 2.1, 2.1
1.04553410199, 111, 20, 3, 1.0, 2.1, 2.1
0.880404026533, 165, 20, 3, 1.0, 2.1, 2.1
1.08311031854, 76, 20, 3, 1.0, 2.1, 2.1
0.780615428672, 116, 20, 3, 1.0, 2.1, 2.1
1.00400491252, 1083, 20, 3, 1.0, 2.1, 2.1
1.01953415243, 413, 20, 3, 1.0, 2.1, 2.1
1.07290884036, 140, 20, 3, 1.0, 2.1, 2.1
0.931253672039, 272, 20, 3, 1.0, 2.1, 2.1
0.868886561898, 218, 20, 3, 1.0, 2.1, 2.1
2.61668564354, 2000, 20, 3, 1.0, 2.1, 2.1
0.473891997284, 207, 20, 3, 1.0, 2.1, 2.1
1.02949840904, 386, 20, 3, 1.0, 2.1, 2.1
0.740593774335, 188, 20, 3, 1.0, 2.1, 2.1
0.977230807996, 44, 20, 3, 1.0, 2.1, 2.1
1.05116711883, 229, 20, 3, 1.0, 2.1, 2.1
1.07030358667, 139, 20, 3, 1.0, 2.1, 2.1
1.09259486389, 47, 20, 3, 1.0, 2.1, 2.1
0.726882655096, 81, 20, 3, 1.0, 2.1, 2.1
1.09097798067, 100, 20, 3, 1.0, 2.1, 2.1
0.908071397645, 41, 20, 3, 1.0, 2.1, 2.1
0.553425032331, 174, 20, 3, 1.0, 2.1, 2.1
1.07059611686, 280, 20, 3, 1.0, 2.1, 2.1
1.08280668455, 376, 20, 3, 1.0, 2.1, 2.1
1.04155252552, 53, 20, 3, 1.0, 2.1, 2.1
1.09729581175, 113, 20, 3, 1.0, 2.1, 2.1
1.09726402624, 360, 20, 3, 1.0, 2.1, 2.1
0.717469498982, 383, 20, 3, 1.0, 2.1, 2.1
0.958668223427, 108, 20, 3, 1.0, 2.1, 2.1
0.807246333966, 705, 20, 3, 1.0, 2.1, 2.1
1.08697018514, 78, 20, 3, 1.0, 2.1, 2.1
1.09546304006, 219, 20, 3, 1.0, 2.1, 2.1
1.08818355852, 1471, 20, 3, 1.0, 2.1, 2.1
1.06913808425, 58, 20, 3, 1.0, 2.1, 2.1
2.61560056687, 2000, 20, 3, 1.0, 2.1, 2.1
1.0345884754, 1680, 20, 3, 1.0, 2.1, 2.1
0.958434137884, 201, 20, 3, 1.0, 2.1, 2.1
1.03768977579, 66, 20, 3, 1.0, 2.1, 2.1
0.830369472756, 145, 20, 3, 1.0, 2.1, 2.1
1.09736922865, 196, 20, 3, 1.0, 2.1, 2.1
0.972807516008, 636, 20, 3, 1.0, 2.1, 2.1
0.591779553352, 151, 20, 3, 1.0, 2.1, 2.1
1.00828531407, 533, 20, 3, 1.0, 2.1, 2.1
1.06154826402, 573, 20, 3, 1.0, 2.1, 2.1
1.0169844988, 217, 20, 3, 1.0, 2.1, 2.1
1.04231289356, 146, 20, 3, 1.0, 2.1, 2.1
1.09631591708, 468, 20, 3, 1.0, 2.1, 2.1
0.754549983638, 92, 20, 3, 1.0, 2.1, 2.1
2.61556452272, 2000, 20, 3, 1.0, 2.1, 2.1
1.00660632545, 213, 20, 3, 1.0, 2.1, 2.1
0.957315257225, 69, 20, 3, 1.0, 2.1, 2.1
2.61718035297, 2000, 20, 3, 1.0, 2.1, 2.1
1.07625209403, 40, 20, 3, 1.0, 2.1, 2.1
0.986673219364, 90, 20, 3, 1.0, 2.1, 2.1
1.08993332559, 269, 20, 3, 1.0, 2.1, 2.1
2.61889908897, 2000, 20, 3, 1.0, 2.1, 2.1
2.61562900229, 2000, 20, 3, 1.0, 2.1, 2.1
1.06023832952, 185, 20, 3, 1.0, 2.1, 2.1
1.05985784287, 257, 20, 3, 1.0, 2.1, 2.1
1.0530561144, 485, 20, 3, 1.0, 2.1, 2.1
1.04797081891, 105, 20, 3, 1.0, 2.1, 2.1
1.02679328878, 141, 20, 3, 1.0, 2.1, 2.1
0.949489121491, 53, 20, 3, 1.0, 2.1, 2.1
1.09529408154, 1638, 20, 3, 1.0, 2.1, 2.1
1.08081745935, 66, 20, 3, 1.0, 2.1, 2.1
0.959871930569, 141, 20, 3, 1.0, 2.1, 2.1
1.07496426366, 624, 20, 3, 1.0, 2.1, 2.1
0.991429312218, 118, 20, 3, 1.0, 2.1, 2.1
1.09453220829, 381, 20, 3, 1.0, 2.1, 2.1
1.07886548746, 150, 20, 3, 1.0, 2.1, 2.1
0.941850495961, 88, 20, 3, 1.0, 2.1, 2.1
1.07329949566, 56, 20, 3, 1.0, 2.1, 2.1
1.0769782963, 131, 20, 3, 1.0, 2.1, 2.1
0.6684949627, 560, 20, 3, 1.0, 2.1, 2.1
1.06225256418, 132, 20, 3, 1.0, 2.1, 2.1
1.04104705583, 27, 20, 3, 1.0, 2.1, 2.1
1.02442248562, 83, 20, 3, 1.0, 2.1, 2.1
2.61564882659, 2000, 20, 3, 1.0, 2.1, 2.1
1.09847963073, 435, 20, 3, 1.0, 2.1, 2.1
0.929381252897, 136, 20, 3, 1.0, 2.1, 2.1
0.742848704171, 475, 20, 3, 1.0, 2.1, 2.1
2.61589122501, 2000, 20, 3, 1.0, 2.1, 2.1
0.661281792468, 204, 20, 3, 1.0, 2.1, 2.1
1.08870725546, 94, 20, 3, 1.0, 2.1, 2.1
2.61567048892, 2000, 20, 3, 1.0, 2.1, 2.1
1.0148199383, 133, 20, 3, 1.0, 2.1, 2.1
1.09746982326, 93, 20, 3, 1.0, 2.1, 2.1
1.07778771721, 808, 20, 3, 1.0, 2.1, 2.1
2.61593946355, 2000, 20, 3, 1.0, 2.1, 2.1
1.07423535124, 226, 20, 3, 1.0, 2.1, 2.1
0.917538006168, 57, 20, 3, 1.0, 2.1, 2.1
1.07745269228, 144, 20, 3, 1.0, 2.1, 2.1
3.21236468819, 2000, 20, 3, 1.0, 2.1, 2.1
2.61628257681, 2000, 20, 3, 1.0, 2.1, 2.1
0.982862404855, 651, 20, 3, 1.0, 2.1, 2.1
1.08575739722, 239, 20, 3, 1.0, 2.1, 2.1
0.922862840394, 506, 20, 3, 1.0, 2.1, 2.1
0.935174779622, 95, 20, 3, 1.0, 2.1, 2.1
1.09496492883, 440, 20, 3, 1.0, 2.1, 2.1
1.03057853516, 158, 20, 3, 1.0, 2.1, 2.1
1.04790481843, 189, 20, 3, 1.0, 2.1, 2.1
0.824410340989, 1275, 20, 3, 1.0, 2.1, 2.1
1.06931337558, 344, 20, 3, 1.0, 2.1, 2.1
1.0968755408, 118, 20, 3, 1.0, 2.1, 2.1
1.71844220619, 2000, 20, 3, 1.0, 2.1, 2.1
0.98890102272, 124, 20, 3, 1.0, 2.1, 2.1
3.11435425386, 2000, 20, 3, 1.0, 2.1, 2.1
2.61603069422, 2000, 20, 3, 1.0, 2.1, 2.1
0.709162718808, 19, 20, 3, 1.0, 2.1, 2.1
1.08082504341, 124, 20, 3, 1.0, 2.1, 2.1
1.09998440147, 158, 20, 3, 1.0, 2.1, 2.1
1.08530223657, 182, 20, 3, 1.0, 2.1, 2.1
1.09654512372, 404, 20, 3, 1.0, 2.1, 2.1
1.03518856502, 223, 20, 3, 1.0, 2.1, 2.1
1.0771826345, 74, 20, 3, 1.0, 2.1, 2.1
1.04298277613, 33, 20, 3, 1.0, 2.1, 2.1
0.843777127296, 40, 20, 3, 1.0, 2.1, 2.1
2.61732282324, 2000, 20, 3, 1.0, 2.1, 2.1
1.05425024263, 38, 20, 3, 1.0, 2.1, 2.1
1.01919577517, 91, 20, 3, 1.0, 2.1, 2.1
0.749289143678, 45, 20, 3, 1.0, 2.1, 2.1
0.957415126877, 102, 20, 3, 1.0, 2.1, 2.1
0.777769108722, 186, 20, 3, 1.0, 2.1, 2.1
1.09513753472, 161, 20, 3, 1.0, 2.1, 2.1
1.09358528344, 407, 20, 3, 1.0, 2.1, 2.1
0.90505401079, 91, 20, 3, 1.0, 2.1, 2.1
0.863274440073, 72, 20, 3, 1.0, 2.1, 2.1
1.06213676789, 134, 20, 3, 1.0, 2.1, 2.1
1.06432205875, 1782, 20, 3, 1.0, 2.1, 2.1
0.906592367827, 41, 20, 3, 1.0, 2.1, 2.1
0.93000089103, 357, 20, 3, 1.0, 2.1, 2.1
1.08365620471, 37, 20, 3, 1.0, 2.1, 2.1
2.61513180051, 2000, 20, 3, 1.0, 2.1, 2.1
1.05518534422, 89, 20, 3, 1.0, 2.1, 2.1
0.919006482159, 83, 20, 3, 1.0, 2.1, 2.1
1.09055500009, 120, 20, 3, 1.0, 2.1, 2.1
2.61557757036, 2000, 20, 3, 1.0, 2.1, 2.1
0.712108706727, 1061, 20, 3, 1.0, 2.1, 2.1
1.05453748465, 90, 20, 3, 1.0, 2.1, 2.1
1.08504410091, 47, 20, 3, 1.0, 2.1, 2.1
2.6155364584, 2000, 20, 3, 1.0, 2.1, 2.1
1.096021606, 514, 20, 3, 1.0, 2.1, 2.1
1.07359311682, 1020, 20, 3, 1.0, 2.1, 2.1
2.61557758527, 2000, 20, 3, 1.0, 2.1, 2.1
1.04180308765, 29, 20, 3, 1.0, 2.1, 2.1
0.944121186842, 60, 20, 3, 1.0, 2.1, 2.1
1.00238072701, 1737, 20, 3, 1.0, 2.1, 2.1
1.09173476792, 239, 20, 3, 1.0, 2.1, 2.1
0.997991942543, 1938, 20, 3, 1.0, 2.1, 2.1
0.863341023977, 310, 20, 3, 1.0, 2.1, 2.1
1.04660804654, 719, 20, 3, 1.0, 2.1, 2.1
1.72424476349, 2000, 20, 3, 1.0, 2.1, 2.1
1.02255664374, 154, 20, 3, 1.0, 2.1, 2.1
1.07875489488, 90, 20, 3, 1.0, 2.1, 2.1
1.0176325219, 90, 20, 3, 1.0, 2.1, 2.1
0.961058402132, 92, 20, 3, 1.0, 2.1, 2.1
0.763569523063, 241, 20, 3, 1.0, 2.1, 2.1
0.977606992478, 123, 20, 3, 1.0, 2.1, 2.1
3.17484500618, 2000, 20, 3, 1.0, 2.1, 2.1
0.986221096458, 207, 20, 3, 1.0, 2.1, 2.1
0.818391414622, 98, 20, 3, 1.0, 2.1, 2.1
1.06623122038, 396, 20, 3, 1.0, 2.1, 2.1
2.6155783781, 2000, 20, 3, 1.0, 2.1, 2.1
1.02668302472, 1299, 20, 3, 1.0, 2.1, 2.1
0.987801451567, 158, 20, 3, 1.0, 2.1, 2.1
1.0954099903, 21, 20, 3, 1.0, 2.1, 2.1
1.05341844551, 91, 20, 3, 1.0, 2.1, 2.1
0.980734791566, 393, 20, 3, 1.0, 2.1, 2.1
0.746609693598, 43, 20, 3, 1.0, 2.1, 2.1
0.95682351712, 71, 20, 3, 1.0, 2.1, 2.1
6.09341560822, 2000, 20, 3, 1.0, 2.1, 2.1
1.07212305586, 49, 20, 3, 1.0, 2.1, 2.1
1.08406480089, 91, 20, 3, 1.0, 2.1, 2.1
1.03870046253, 65, 20, 3, 1.0, 2.1, 2.1
0.913771613231, 236, 20, 3, 1.0, 2.1, 2.1
0.964433406614, 513, 20, 3, 1.0, 2.1, 2.1
0.642440853549, 232, 20, 3, 1.0, 2.1, 2.1
1.0386856348, 197, 20, 3, 1.0, 2.1, 2.1
0.560857381284, 43, 20, 3, 1.0, 2.1, 2.1
1.05801119274, 449, 20, 3, 1.0, 2.1, 2.1
2.6158320817, 2000, 20, 3, 1.0, 2.1, 2.1
2.61561404075, 2000, 20, 3, 1.0, 2.1, 2.1
1.09168552387, 397, 20, 3, 1.0, 2.1, 2.1
1.09477276479, 279, 20, 3, 1.0, 2.1, 2.1
1.08979670733, 302, 20, 3, 1.0, 2.1, 2.1
0.785047765781, 60, 20, 3, 1.0, 2.1, 2.1
1.05556087639, 107, 20, 3, 1.0, 2.1, 2.1
1.09662296809, 120, 20, 3, 1.0, 2.1, 2.1
2.62111850465, 2000, 20, 3, 1.0, 2.1, 2.1
0.994418656342, 211, 20, 3, 1.0, 2.1, 2.1
1.09113186952, 109, 20, 3, 1.0, 2.1, 2.1
2.61594290235, 2000, 20, 3, 1.0, 2.1, 2.1
1.01752820008, 109, 20, 3, 1.0, 2.1, 2.1
1.08139411723, 147, 20, 3, 1.0, 2.1, 2.1
1.09936906374, 492, 20, 3, 1.0, 2.1, 2.1
1.06184911845, 322, 20, 3, 1.0, 2.1, 2.1
0.896528988816, 1256, 20, 3, 1.0, 2.1, 2.1
2.61565241991, 2000, 20, 3, 1.0, 2.1, 2.1
1.09684413534, 253, 20, 3, 1.0, 2.1, 2.1
0.967454795581, 206, 20, 3, 1.0, 2.1, 2.1
2.61557761981, 2000, 20, 3, 1.0, 2.1, 2.1
1.09340539728, 159, 20, 3, 1.0, 2.1, 2.1
0.863008961016, 37, 20, 3, 1.0, 2.1, 2.1
1.03826918943, 1868, 20, 3, 1.0, 2.1, 2.1
2.61608997943, 2000, 20, 3, 1.0, 2.1, 2.1
1.00930668362, 1712, 20, 3, 1.0, 2.1, 2.1
1.00987424376, 113, 20, 3, 1.0, 2.1, 2.1
0.498392911806, 36, 20, 3, 1.0, 2.1, 2.1
0.932828782299, 114, 20, 3, 1.0, 2.1, 2.1
1.05289335822, 94, 20, 3, 1.0, 2.1, 2.1
1.03049399655, 75, 20, 3, 1.0, 2.1, 2.1
1.05220883427, 163, 20, 3, 1.0, 2.1, 2.1
1.03091229478, 42, 20, 3, 1.0, 2.1, 2.1
1.04752791577, 144, 20, 3, 1.0, 2.1, 2.1
1.05050513819, 424, 20, 3, 1.0, 2.1, 2.1
1.05034951367, 839, 20, 3, 1.0, 2.1, 2.1
2.61561373756, 2000, 20, 3, 1.0, 2.1, 2.1
1.05354390364, 47, 20, 3, 1.0, 2.1, 2.1
0.728429256345, 851, 20, 3, 1.0, 2.1, 2.1
1.00201639298, 149, 20, 3, 1.0, 2.1, 2.1
0.920772520363, 76, 20, 3, 1.0, 2.1, 2.1
1.0995591421, 109, 20, 3, 1.0, 2.1, 2.1
3.07934116833, 2000, 20, 3, 1.0, 2.1, 2.1
1.00789805146, 38, 20, 3, 1.0, 2.1, 2.1
0.795787211245, 63, 20, 3, 1.0, 2.1, 2.1
0.870985614581, 59, 20, 3, 1.0, 2.1, 2.1
1.08003704477, 743, 20, 3, 1.0, 2.1, 2.1
1.03569879808, 53, 20, 3, 1.0, 2.1, 2.1
2.61560112007, 2000, 20, 3, 1.0, 2.1, 2.1
0.96913589976, 74, 20, 3, 1.0, 2.1, 2.1
1.05561598109, 275, 20, 3, 1.0, 2.1, 2.1
2.61799722403, 2000, 20, 3, 1.0, 2.1, 2.1
1.08182864448, 1015, 20, 3, 1.0, 2.1, 2.1
0.594131251146, 101, 20, 3, 1.0, 2.1, 2.1
0.991307477371, 36, 20, 3, 1.0, 2.1, 2.1
0.828020734733, 1457, 20, 3, 1.0, 2.1, 2.1
0.700264284876, 156, 20, 3, 1.0, 2.1, 2.1
1.03447294585, 1247, 20, 3, 1.0, 2.1, 2.1
1.02656683566, 123, 20, 3, 1.0, 2.1, 2.1
1.08923685478, 88, 20, 3, 1.0, 2.1, 2.1
2.61587092633, 2000, 20, 3, 1.0, 2.1, 2.1
2.61558199455, 2000, 20, 3, 1.0, 2.1, 2.1
0.993450261337, 114, 20, 3, 1.0, 2.1, 2.1
1.0884594606, 160, 20, 3, 1.0, 2.1, 2.1
2.61560600982, 2000, 20, 3, 1.0, 2.1, 2.1
2.6172126715, 2000, 20, 3, 1.0, 2.1, 2.1
1.09276258177, 711, 20, 3, 1.0, 2.1, 2.1
0.569326191154, 86, 20, 3, 1.0, 2.1, 2.1
2.61610691606, 2000, 20, 3, 1.0, 2.1, 2.1
0.76951603089, 70, 20, 3, 1.0, 2.1, 2.1
1.00429869514, 1338, 20, 3, 1.0, 2.1, 2.1
0.998288909229, 94, 20, 3, 1.0, 2.1, 2.1
0.908652456101, 209, 20, 3, 1.0, 2.1, 2.1
0.653851834688, 89, 20, 3, 1.0, 2.1, 2.1
1.09182821092, 440, 20, 3, 1.0, 2.1, 2.1
0.690521156031, 36, 20, 3, 1.0, 2.1, 2.1
1.09807837384, 297, 20, 3, 1.0, 2.1, 2.1
1.09760466652, 179, 20, 3, 1.0, 2.1, 2.1
2.61584717876, 2000, 20, 3, 1.0, 2.1, 2.1
1.07552379563, 490, 20, 3, 1.0, 2.1, 2.1
1.00604055241, 164, 20, 3, 1.0, 2.1, 2.1
1.05106344305, 92, 20, 3, 1.0, 2.1, 2.1
1.09179347083, 1285, 20, 3, 1.0, 2.1, 2.1
1.05247746961, 94, 20, 3, 1.0, 2.1, 2.1
0.912970567589, 119, 20, 3, 1.0, 2.1, 2.1
1.09490359526, 142, 20, 3, 1.0, 2.1, 2.1
1.06346456973, 106, 20, 3, 1.0, 2.1, 2.1
1.09748460398, 179, 20, 3, 1.0, 2.1, 2.1
0.555710722885, 114, 20, 3, 1.0, 2.1, 2.1
0.99742450196, 71, 20, 3, 1.0, 2.1, 2.1
1.05778023451, 1635, 20, 3, 1.0, 2.1, 2.1
2.61567548229, 2000, 20, 3, 1.0, 2.1, 2.1
1.08133426583, 161, 20, 3, 1.0, 2.1, 2.1
1.08831744248, 153, 20, 3, 1.0, 2.1, 2.1
1.07991084908, 857, 20, 3, 1.0, 2.1, 2.1
1.09191695437, 156, 20, 3, 1.0, 2.1, 2.1
1.01674742557, 63, 20, 3, 1.0, 2.1, 2.1
1.07010640836, 54, 20, 3, 1.0, 2.1, 2.1
3.12315538206, 2000, 20, 3, 1.0, 2.1, 2.1
1.01998549957, 644, 20, 3, 1.0, 2.1, 2.1
1.05866259465, 140, 20, 3, 1.0, 2.1, 2.1
1.09253641815, 269, 20, 3, 1.0, 2.1, 2.1
1.09210751872, 63, 20, 3, 1.0, 2.1, 2.1
1.01595413677, 63, 20, 3, 1.0, 2.1, 2.1
1.09607386105, 124, 20, 3, 1.0, 2.1, 2.1
1.00371068501, 821, 20, 3, 1.0, 2.1, 2.1
1.0725130675, 189, 20, 3, 1.0, 2.1, 2.1
1.05263789901, 97, 20, 3, 1.0, 2.1, 2.1
0.901673195991, 108, 20, 3, 1.0, 2.1, 2.1
1.01459404235, 177, 20, 3, 1.0, 2.1, 2.1
0.880380830222, 146, 20, 3, 1.0, 2.1, 2.1
3.21032283315, 2000, 20, 3, 1.0, 2.1, 2.1
0.911627374339, 562, 20, 3, 1.0, 2.1, 2.1
1.09865361214, 889, 20, 3, 1.0, 2.1, 2.1
0.99061828649, 157, 20, 3, 1.0, 2.1, 2.1
1.08753096278, 150, 20, 3, 1.0, 2.1, 2.1
0.957113177074, 107, 20, 3, 1.0, 2.1, 2.1
1.08633272643, 245, 20, 3, 1.0, 2.1, 2.1
1.09902897954, 334, 20, 3, 1.0, 2.1, 2.1
0.899030369369, 1693, 20, 3, 1.0, 2.1, 2.1
1.07064101551, 261, 20, 3, 1.0, 2.1, 2.1
0.679505900142, 69, 20, 3, 1.0, 2.1, 2.1
1.00135925724, 215, 20, 3, 1.0, 2.1, 2.1
0.733678230165, 127, 20, 3, 1.0, 2.1, 2.1
0.888231390641, 303, 20, 3, 1.0, 2.1, 2.1
2.61557926554, 2000, 20, 3, 1.0, 2.1, 2.1
3.12832064195, 2000, 20, 3, 1.0, 2.1, 2.1
2.61557758116, 2000, 20, 3, 1.0, 2.1, 2.1
0.7897461779, 96, 20, 3, 1.0, 2.1, 2.1
0.971132574731, 696, 20, 3, 1.0, 2.1, 2.1
1.08971654189, 494, 20, 3, 1.0, 2.1, 2.1
2.61597225415, 2000, 20, 3, 1.0, 2.1, 2.1
1.01438906349, 256, 20, 3, 1.0, 2.1, 2.1
1.07212180583, 876, 20, 3, 1.0, 2.1, 2.1
0.787112343692, 435, 20, 3, 1.0, 2.1, 2.1
0.955543282457, 198, 20, 3, 1.0, 2.1, 2.1
2.61557766363, 2000, 20, 3, 1.0, 2.1, 2.1
0.973110169284, 97, 20, 3, 1.0, 2.1, 2.1
2.616370253, 2000, 20, 3, 1.0, 2.1, 2.1
0.934024090909, 71, 20, 3, 1.0, 2.1, 2.1
0.965649268423, 148, 20, 3, 1.0, 2.1, 2.1
0.85915094533, 143, 20, 3, 1.0, 2.1, 2.1
2.61607997725, 2000, 20, 3, 1.0, 2.1, 2.1
0.951901001509, 245, 20, 3, 1.0, 2.1, 2.1
0.700527239483, 81, 20, 3, 1.0, 2.1, 2.1
1.09075679299, 109, 20, 3, 1.0, 2.1, 2.1
2.64265015474, 2000, 20, 3, 1.0, 2.1, 2.1
0.889220074603, 108, 20, 3, 1.0, 2.1, 2.1
1.06035167374, 155, 20, 3, 1.0, 2.1, 2.1
0.873152211979, 74, 20, 3, 1.0, 2.1, 2.1
1.0856297114, 40, 20, 3, 1.0, 2.1, 2.1
3.07790650037, 2000, 20, 3, 1.0, 2.1, 2.1
0.603125676026, 420, 20, 3, 1.0, 2.1, 2.1
0.957026307703, 135, 20, 3, 1.0, 2.1, 2.1
1.08207301635, 463, 20, 3, 1.0, 2.1, 2.1
1.71299075885, 2000, 20, 3, 1.0, 2.1, 2.1
0.915249847468, 1591, 20, 3, 1.0, 2.1, 2.1
1.05031720973, 61, 20, 3, 1.0, 2.1, 2.1
1.09198092932, 232, 20, 3, 1.0, 2.1, 2.1
0.842632176204, 85, 20, 3, 1.0, 2.1, 2.1
1.08527769465, 348, 20, 3, 1.0, 2.1, 2.1
0.908670954195, 51, 20, 3, 1.0, 2.1, 2.1
0.855893340781, 40, 20, 3, 1.0, 2.1, 2.1
0.957600686496, 43, 20, 3, 1.0, 2.1, 2.1
1.08119251508, 1673, 20, 3, 1.0, 2.1, 2.1
0.809980727153, 1140, 20, 3, 1.0, 2.1, 2.1
1.05122222107, 247, 20, 3, 1.0, 2.1, 2.1
0.973901037833, 1514, 20, 3, 1.0, 2.1, 2.1
1.08861720491, 170, 20, 3, 1.0, 2.1, 2.1
1.07715452744, 113, 20, 3, 1.0, 2.1, 2.1
0.987575903729, 1421, 20, 3, 1.0, 2.1, 2.1
0.957416025683, 130, 20, 3, 1.0, 2.1, 2.1
1.03060122573, 1093, 20, 3, 1.0, 2.1, 2.1
1.02057723834, 144, 20, 3, 1.0, 2.1, 2.1
1.06916979157, 86, 20, 3, 1.0, 2.1, 2.1
1.09737355707, 135, 20, 3, 1.0, 2.1, 2.1
1.05422204275, 68, 20, 3, 1.0, 2.1, 2.1
1.09804366151, 750, 20, 3, 1.0, 2.1, 2.1
1.0838744548, 1754, 20, 3, 1.0, 2.1, 2.1
1.04597143057, 52, 20, 3, 1.0, 2.1, 2.1
0.648150507713, 86, 20, 3, 1.0, 2.1, 2.1
0.831388683256, 167, 20, 3, 1.0, 2.1, 2.1
1.09817885975, 456, 20, 3, 1.0, 2.1, 2.1
1.08741848777, 101, 20, 3, 1.0, 2.1, 2.1
1.0268497654, 154, 20, 3, 1.0, 2.1, 2.1
1.05375373966, 210, 20, 3, 1.0, 2.1, 2.1
2.61557925223, 2000, 20, 3, 1.0, 2.1, 2.1
1.03562770521, 74, 20, 3, 1.0, 2.1, 2.1
1.09700847178, 241, 20, 3, 1.0, 2.1, 2.1
1.09036758068, 184, 20, 3, 1.0, 2.1, 2.1
2.61638192527, 2000, 20, 3, 1.0, 2.1, 2.1
1.09711312263, 89, 20, 3, 1.0, 2.1, 2.1
1.09265808186, 213, 20, 3, 1.0, 2.1, 2.1
0.929745343114, 1087, 20, 3, 1.0, 2.1, 2.1
2.61514854063, 2000, 20, 3, 1.0, 2.1, 2.1
1.08983587457, 262, 20, 3, 1.0, 2.1, 2.1
1.05368443266, 60, 20, 3, 1.0, 2.1, 2.1
1.09507652184, 75, 20, 3, 1.0, 2.1, 2.1
2.61832102638, 2000, 20, 3, 1.0, 2.1, 2.1
0.986789928592, 136, 20, 3, 1.0, 2.1, 2.1
2.61571218943, 2000, 20, 3, 1.0, 2.1, 2.1
1.09889859791, 108, 20, 3, 1.0, 2.1, 2.1
1.07042265785, 80, 20, 3, 1.0, 2.1, 2.1
1.08861489805, 157, 20, 3, 1.0, 2.1, 2.1
2.61611041246, 2000, 20, 3, 1.0, 2.1, 2.1
1.09805396211, 190, 20, 3, 1.0, 2.1, 2.1
0.989700467925, 280, 20, 3, 1.0, 2.1, 2.1
1.04903830912, 1380, 20, 3, 1.0, 2.1, 2.1
2.61563937437, 2000, 20, 3, 1.0, 2.1, 2.1
1.09699913715, 440, 20, 3, 1.0, 2.1, 2.1
1.0922607137, 104, 20, 3, 1.0, 2.1, 2.1
2.61578889157, 2000, 20, 3, 1.0, 2.1, 2.1
1.01067428647, 813, 20, 3, 1.0, 2.1, 2.1
1.06789060589, 82, 20, 3, 1.0, 2.1, 2.1
1.06263219856, 367, 20, 3, 1.0, 2.1, 2.1
0.969311692781, 268, 20, 3, 1.0, 2.1, 2.1
1.09982923384, 879, 20, 3, 1.0, 2.1, 2.1
1.06798796702, 1749, 20, 3, 1.0, 2.1, 2.1
1.03422594194, 146, 20, 3, 1.0, 2.1, 2.1
0.941299043205, 788, 20, 3, 1.0, 2.1, 2.1
1.06875172428, 123, 20, 3, 1.0, 2.1, 2.1
0.852794609419, 436, 20, 3, 1.0, 2.1, 2.1
1.04776071426, 91, 20, 3, 1.0, 2.1, 2.1
1.0943162908, 211, 20, 3, 1.0, 2.1, 2.1
1.03958344323, 115, 20, 3, 1.0, 2.1, 2.1
1.05108258624, 824, 20, 3, 1.0, 2.1, 2.1
2.61563132367, 2000, 20, 3, 1.0, 2.1, 2.1
0.975232876812, 73, 20, 3, 1.0, 2.1, 2.1
1.0913039578, 187, 20, 3, 1.0, 2.1, 2.1
1.04863814455, 142, 20, 3, 1.0, 2.1, 2.1
1.05618948709, 253, 20, 3, 1.0, 2.1, 2.1
1.07397663472, 113, 20, 3, 1.0, 2.1, 2.1
0.964776288305, 325, 20, 3, 1.0, 2.1, 2.1
1.09200343658, 455, 20, 3, 1.0, 2.1, 2.1
1.09373103589, 96, 20, 3, 1.0, 2.1, 2.1
0.753092836058, 404, 20, 3, 1.0, 2.1, 2.1
1.05082077985, 446, 20, 3, 1.0, 2.1, 2.1
1.09252650238, 135, 20, 3, 1.0, 2.1, 2.1
0.966464174235, 508, 20, 3, 1.0, 2.1, 2.1
2.61607828492, 2000, 20, 3, 1.0, 2.1, 2.1
1.00989652494, 160, 20, 3, 1.0, 2.1, 2.1
1.00798358757, 22, 20, 3, 1.0, 2.1, 2.1
1.00111351883, 129, 20, 3, 1.0, 2.1, 2.1
0.843322064976, 261, 20, 3, 1.0, 2.1, 2.1
0.8468137271, 721, 20, 3, 1.0, 2.1, 2.1
3.07363832544, 2000, 20, 3, 1.0, 2.1, 2.1
1.08032988233, 363, 20, 3, 1.0, 2.1, 2.1
1.00261624946, 191, 20, 3, 1.0, 2.1, 2.1
1.08351805074, 110, 20, 3, 1.0, 2.1, 2.1
1.04226652247, 544, 20, 3, 1.0, 2.1, 2.1
1.07800102612, 749, 20, 3, 1.0, 2.1, 2.1
1.08325049446, 345, 20, 3, 1.0, 2.1, 2.1
3.21178673532, 2000, 20, 3, 1.0, 2.1, 2.1
2.11658454868, 2000, 20, 3, 1.0, 2.1, 2.1
0.81443114329, 502, 20, 3, 1.0, 2.1, 2.1
0.903800812357, 100, 20, 3, 1.0, 2.1, 2.1
1.0710575647, 166, 20, 3, 1.0, 2.1, 2.1
0.807011149199, 291, 20, 3, 1.0, 2.1, 2.1
1.09848358889, 242, 20, 3, 1.0, 2.1, 2.1
1.07176651753, 135, 20, 3, 1.0, 2.1, 2.1
0.897558639835, 1897, 20, 3, 1.0, 2.1, 2.1
1.08165107006, 323, 20, 3, 1.0, 2.1, 2.1
1.09532865469, 220, 20, 3, 1.0, 2.1, 2.1
0.890916170399, 305, 20, 3, 1.0, 2.1, 2.1
1.0970457404, 97, 20, 3, 1.0, 2.1, 2.1
1.05281996691, 187, 20, 3, 1.0, 2.1, 2.1
1.03286176948, 159, 20, 3, 1.0, 2.1, 2.1
0.95837021044, 38, 20, 3, 1.0, 2.1, 2.1
0.951681300503, 58, 20, 3, 1.0, 2.1, 2.1
2.61558530419, 2000, 20, 3, 1.0, 2.1, 2.1
1.03074783781, 104, 20, 3, 1.0, 2.1, 2.1
1.06347283886, 111, 20, 3, 1.0, 2.1, 2.1
2.61623839588, 2000, 20, 3, 1.0, 2.1, 2.1
0.969320633387, 495, 20, 3, 1.0, 2.1, 2.1
1.08208505162, 50, 20, 3, 1.0, 2.1, 2.1
1.05587820384, 127, 20, 3, 1.0, 2.1, 2.1
1.09976679044, 150, 20, 3, 1.0, 2.1, 2.1
0.930398110387, 71, 20, 3, 1.0, 2.1, 2.1
1.06366552885, 136, 20, 3, 1.0, 2.1, 2.1
1.06314725912, 217, 20, 3, 1.0, 2.1, 2.1
1.09334450901, 129, 20, 3, 1.0, 2.1, 2.1
0.992070789622, 176, 20, 3, 1.0, 2.1, 2.1
1.09719953312, 31, 20, 3, 1.0, 2.1, 2.1
1.05075389589, 222, 20, 3, 1.0, 2.1, 2.1
2.61560656547, 2000, 20, 3, 1.0, 2.1, 2.1
1.02729055714, 231, 20, 3, 1.0, 2.1, 2.1
2.61558084991, 2000, 20, 3, 1.0, 2.1, 2.1
1.04755221501, 129, 20, 3, 1.0, 2.1, 2.1
0.878170087313, 44, 20, 3, 1.0, 2.1, 2.1
1.00044545212, 182, 20, 3, 1.0, 2.1, 2.1
1.00624561513, 201, 20, 3, 1.0, 2.1, 2.1
1.03881574402, 99, 20, 3, 1.0, 2.1, 2.1
2.62093032225, 2000, 20, 3, 1.0, 2.1, 2.1
0.957669604387, 166, 20, 3, 1.0, 2.1, 2.1
2.61560826281, 2000, 20, 3, 1.0, 2.1, 2.1
1.03926210195, 106, 20, 3, 1.0, 2.1, 2.1
1.07909641953, 222, 20, 3, 1.0, 2.1, 2.1
1.09888653495, 209, 20, 3, 1.0, 2.1, 2.1
0.55317575917, 173, 20, 3, 1.0, 2.1, 2.1
2.61560241646, 2000, 20, 3, 1.0, 2.1, 2.1
1.08835505258, 65, 20, 3, 1.0, 2.1, 2.1
1.09635388129, 370, 20, 3, 1.0, 2.1, 2.1
0.827454236727, 348, 20, 3, 1.0, 2.1, 2.1
1.02351050879, 1501, 20, 3, 1.0, 2.1, 2.1
0.985474145164, 199, 20, 3, 1.0, 2.1, 2.1
