2752.41576001, 2000, 20, 3, 1.0, 2.1, 2.1
2752.40692405, 2000, 20, 3, 1.0, 2.1, 2.1
2752.40741758, 2000, 20, 3, 1.0, 2.1, 2.1
2752.69348724, 2000, 20, 3, 1.0, 2.1, 2.1
2752.41472236, 2000, 20, 3, 1.0, 2.1, 2.1
2752.40881846, 2000, 20, 3, 1.0, 2.1, 2.1
2752.40683358, 2000, 20, 3, 1.0, 2.1, 2.1
2753.56793862, 2000, 20, 3, 1.0, 2.1, 2.1
2752.40702663, 2000, 20, 3, 1.0, 2.1, 2.1
2752.4112549, 2000, 20, 3, 1.0, 2.1, 2.1
2752.44475116, 2000, 20, 3, 1.0, 2.1, 2.1
2752.40688919, 2000, 20, 3, 1.0, 2.1, 2.1
2752.40683506, 2000, 20, 3, 1.0, 2.1, 2.1
2752.40684846, 2000, 20, 3, 1.0, 2.1, 2.1
2752.40684426, 2000, 20, 3, 1.0, 2.1, 2.1
2752.40682708, 2000, 20, 3, 1.0, 2.1, 2.1
2752.40717008, 2000, 20, 3, 1.0, 2.1, 2.1
2752.40682687, 2000, 20, 3, 1.0, 2.1, 2.1
2752.56469908, 2000, 20, 3, 1.0, 2.1, 2.1
2752.40683208, 2000, 20, 3, 1.0, 2.1, 2.1
2752.40683553, 2000, 20, 3, 1.0, 2.1, 2.1
2752.40819398, 2000, 20, 3, 1.0, 2.1, 2.1
2752.40731239, 2000, 20, 3, 1.0, 2.1, 2.1
2752.40690776, 2000, 20, 3, 1.0, 2.1, 2.1
2752.44954999, 2000, 20, 3, 1.0, 2.1, 2.1
2752.40766703, 2000, 20, 3, 1.0, 2.1, 2.1
2752.41024077, 2000, 20, 3, 1.0, 2.1, 2.1
2752.40682861, 2000, 20, 3, 1.0, 2.1, 2.1
2752.40693311, 2000, 20, 3, 1.0, 2.1, 2.1
2752.41636446, 2000, 20, 3, 1.0, 2.1, 2.1
2752.40693124, 2000, 20, 3, 1.0, 2.1, 2.1
2752.42270436, 2000, 20, 3, 1.0, 2.1, 2.1
2752.40701385, 2000, 20, 3, 1.0, 2.1, 2.1
2752.48482546, 2000, 20, 3, 1.0, 2.1, 2.1
2752.40827674, 2000, 20, 3, 1.0, 2.1, 2.1
2752.40682689, 2000, 20, 3, 1.0, 2.1, 2.1
2752.414419, 2000, 20, 3, 1.0, 2.1, 2.1
2752.40683147, 2000, 20, 3, 1.0, 2.1, 2.1
2752.4068702, 2000, 20, 3, 1.0, 2.1, 2.1
2752.57182304, 2000, 20, 3, 1.0, 2.1, 2.1
2752.40700425, 2000, 20, 3, 1.0, 2.1, 2.1
2752.40682927, 2000, 20, 3, 1.0, 2.1, 2.1
2752.40786039, 2000, 20, 3, 1.0, 2.1, 2.1
2753.56858178, 2000, 20, 3, 1.0, 2.1, 2.1
2752.40713111, 2000, 20, 3, 1.0, 2.1, 2.1
2752.41962517, 2000, 20, 3, 1.0, 2.1, 2.1
2752.40682698, 2000, 20, 3, 1.0, 2.1, 2.1
2752.44161711, 2000, 20, 3, 1.0, 2.1, 2.1
2752.51004005, 2000, 20, 3, 1.0, 2.1, 2.1
2752.40699722, 2000, 20, 3, 1.0, 2.1, 2.1
2752.45812707, 2000, 20, 3, 1.0, 2.1, 2.1
2752.40683316, 2000, 20, 3, 1.0, 2.1, 2.1
2752.40683782, 2000, 20, 3, 1.0, 2.1, 2.1
2752.40697447, 2000, 20, 3, 1.0, 2.1, 2.1
2752.40717284, 2000, 20, 3, 1.0, 2.1, 2.1
2752.42235885, 2000, 20, 3, 1.0, 2.1, 2.1
2752.40729624, 2000, 20, 3, 1.0, 2.1, 2.1
2752.40682692, 2000, 20, 3, 1.0, 2.1, 2.1
2752.40728091, 2000, 20, 3, 1.0, 2.1, 2.1
2752.58941902, 2000, 20, 3, 1.0, 2.1, 2.1
2752.40735988, 2000, 20, 3, 1.0, 2.1, 2.1
2752.4068352, 2000, 20, 3, 1.0, 2.1, 2.1
2752.40682743, 2000, 20, 3, 1.0, 2.1, 2.1
2752.40683886, 2000, 20, 3, 1.0, 2.1, 2.1
2752.40714651, 2000, 20, 3, 1.0, 2.1, 2.1
2752.40784291, 2000, 20, 3, 1.0, 2.1, 2.1
2752.40683147, 2000, 20, 3, 1.0, 2.1, 2.1
2752.41191342, 2000, 20, 3, 1.0, 2.1, 2.1
2752.4884797, 2000, 20, 3, 1.0, 2.1, 2.1
2752.40714841, 2000, 20, 3, 1.0, 2.1, 2.1
2753.10305251, 2000, 20, 3, 1.0, 2.1, 2.1
2752.40682691, 2000, 20, 3, 1.0, 2.1, 2.1
2752.41473432, 2000, 20, 3, 1.0, 2.1, 2.1
2752.40682737, 2000, 20, 3, 1.0, 2.1, 2.1
2752.4166097, 2000, 20, 3, 1.0, 2.1, 2.1
2752.40881118, 2000, 20, 3, 1.0, 2.1, 2.1
2752.4074333, 2000, 20, 3, 1.0, 2.1, 2.1
2753.02013441, 2000, 20, 3, 1.0, 2.1, 2.1
2752.40748983, 2000, 20, 3, 1.0, 2.1, 2.1
2752.40683513, 2000, 20, 3, 1.0, 2.1, 2.1
2752.40732269, 2000, 20, 3, 1.0, 2.1, 2.1
2752.40687422, 2000, 20, 3, 1.0, 2.1, 2.1
2752.41152766, 2000, 20, 3, 1.0, 2.1, 2.1
2752.4068272, 2000, 20, 3, 1.0, 2.1, 2.1
2752.40772365, 2000, 20, 3, 1.0, 2.1, 2.1
2752.42892607, 2000, 20, 3, 1.0, 2.1, 2.1
2752.40686, 2000, 20, 3, 1.0, 2.1, 2.1
2752.40682718, 2000, 20, 3, 1.0, 2.1, 2.1
2752.40682917, 2000, 20, 3, 1.0, 2.1, 2.1
2752.4070207, 2000, 20, 3, 1.0, 2.1, 2.1
2752.44846052, 2000, 20, 3, 1.0, 2.1, 2.1
2752.4068774, 2000, 20, 3, 1.0, 2.1, 2.1
2752.40692211, 2000, 20, 3, 1.0, 2.1, 2.1
2752.40938288, 2000, 20, 3, 1.0, 2.1, 2.1
2752.40840297, 2000, 20, 3, 1.0, 2.1, 2.1
2752.40683703, 2000, 20, 3, 1.0, 2.1, 2.1
2752.40686197, 2000, 20, 3, 1.0, 2.1, 2.1
2752.83104617, 2000, 20, 3, 1.0, 2.1, 2.1
2752.4068274, 2000, 20, 3, 1.0, 2.1, 2.1
2752.40684579, 2000, 20, 3, 1.0, 2.1, 2.1
