5.35450245573	7.0623301384	4.91753645782	0.908029633267	-3.09347383656	7.06043353403	8.02505068169	2.19268670065	0.247808743174	1.21057373556	-0.942103533316	0.941389142981	4.64125588669	1.39315671762	
5.19096582665	6.97706005185	8.3660774544	0.622711773209	0.47203692038	7.02839191615	2.79755015762	5.20234298015	0.686489320319	1.5620590522	4.32130806509	2.88664654559	1.95796273988	1.13119142401	
5.17035450372	6.96384489352	-5.83472011872	1.79649303196	-1.98447833622	6.97595094731	8.99836978909	1.09344594651	-5.85961391403	1.1002240195	8.99836978909	1.20995626492	8.97976103743	0.946138114176	
5.8785530502	7.32110830322	5.63599778224	1.91191554793	0.689435508855	7.32528455493	4.97286197062	8.99459326408	-5.58894976335	3.23781125571	8.9392504402	1.80193776503	8.9392504402	0.491776033708	
5.89385561292	8.84351650668	6.01688001116	0.595250321827	7.41177153481	5.93723455181	0.834079709761	1.20602143829	2.35843191149	8.98308519124	4.09930497315	3.31386960465	2.11202601566	1.46529896325	
8.96328063566	8.93163424436	5.19647951116	0.479988654059	-2.85767744819	8.79635183184	-0.0825611279436	1.74684988772	8.92628547381	8.99927291438	7.85713669362	2.73926649849	7.9392996757	5.86692747909	
6.15537423777	8.27605008075	4.02312222378	1.07254312435	-0.0598374807998	6.66062641678	2.05803453753	1.18538168121	-0.559654274592	1.51493075554	5.84308113087	3.41209341448	3.81652111498	0.773023856684	
8.98960222099	8.99980652041	6.97583128062	1.79152519251	-5.95784641335	8.75450054056	4.05470819296	1.26567692455	-5.189357987	0.596729701126	6.96881989348	3.48389379562	8.99999723563	1.56766984983	
5.71121525057	7.23079780279	5.36150347798	3.40327550661	0.34370976681	7.29940957976	3.76811944858	0.558445784358	0.938763318803	1.23949754776	8.9503239883	1.78339274717	2.18631246102	7.36315205149	
8.9998850956	8.88229218255	8.90326265604	4.00387591644	-5.99999976862	8.88229218832	8.90326265604	8.99999976877	8.99977308086	7.00550613041	8.90008416881	8.99999976877	8.90326265603	2.45361268551	
5.36858185145	7.08682827109	6.27806976934	0.999012841582	-3.02451584775	7.04993873514	8.99726723722	1.74415403925	1.97931026518	3.90491500529	1.27353594143	2.78218539764	1.71855130877	0.641790282566	
8.98938302101	8.99999946892	7.95887405934	2.09094060145	4.39378974509	8.75411070958	2.61263097547	0.541352329775	1.36976556938	8.99999810579	8.99400572031	8.99999810373	3.70748986241	1.25758772085	
8.76126952408	8.55400972648	7.99511981836	1.18334650177	-4.84423956098	8.97198217981	6.57317009541	8.88821282292	3.13249237899	4.10986886902	7.46891016329	0.59229617134	3.16783556058	1.57288981151	
8.24016170916	8.89108226763	8.78422800139	7.63734295379	-4.04963165358	8.11392127015	8.95431693916	1.85548402042	-5.97376617226	0.631286361855	8.59425352171	0.98632293295	8.50702305236	6.55919368854	
5.38622729643	7.09770118752	3.55776054771	0.794439487398	3.69435967762	7.08728899964	2.23521968671	0.720999587252	8.08833372072	8.99320150988	-0.98456987144	3.97443328739	8.9981570057	3.92543237213	
8.80934274846	8.9999997651	8.99996500771	0.598356090711	8.90552595134	8.99999930954	5.80408559658	8.85308821578	8.99315885695	8.99982727358	-5.70977326156	1.00552331536	8.99996500771	8.96352389373	
6.31704512422	8.94730936641	5.64376532268	2.69796010705	-5.89324037162	6.14911326364	-4.54872514495	0.904332433315	8.99733381375	1.12805761402	8.9760046844	1.4815385829	8.99999976875	8.80189190397	
8.9138243689	8.68011019763	8.9954504237	2.18770417319	4.2762021574	8.99851237806	8.9445686375	3.92247558177	-1.13264662059	7.95899296835	-5.94175172089	0.468719557407	8.89715156648	2.35433205997	
6.09857349084	1.24126478447	-2.45740604887	0.563906231673	3.98399447923	7.20010071774	1.66034296266	7.65608018926	4.6284291017	3.96103482711	8.58253304251	1.95979538234	4.6339915073	6.1663511105	
6.00349606442	8.3123821652	1.15591817713	8.36537991206	0.935197183045	6.49225265986	5.79387893276	0.499834146872	8.66997767218	3.50550520282	2.86845213977	1.57791999874	8.98115281717	7.27278664432	
5.85143539148	7.28247002151	7.47896568004	4.08490871585	1.67906917952	7.49831841336	2.80386315617	3.22834318996	-1.20326555497	2.03023906857	0.248383202155	1.77976188194	7.91689527778	0.489341843749	
5.14081974734	6.95369293804	6.87104702168	0.47233222127	3.59771305277	6.95636808627	1.08256678026	3.39509221911	-0.555363396135	8.75361380461	5.61641902661	3.7267034206	8.76401874876	1.87744984718	
5.84444785826	7.29391098897	0.469519468185	0.487448551178	0.899510162339	7.39428358934	1.46429365376	3.95364271075	-0.597529288657	1.61096003061	8.99978660224	3.30287523673	8.89257613711	3.54752338108	
5.22431785596	6.96215324605	6.37985932291	3.1917427907	-2.12393088245	7.03160564855	0.656958707614	1.28163059177	0.616878314449	0.848706327489	8.99749870119	1.53103887325	0.574480645186	1.09716299377	
6.50889301298	6.33888074985	8.77538465563	0.516361608869	4.65186422373	8.94888922936	4.05913069599	2.4708983887	6.5448789963	6.61268747896	-5.93891224549	1.36687365099	8.92628519038	8.89091010595	
5.43388978485	7.08550631579	0.486927027397	0.680896854609	1.05783436078	7.20195579768	0.309478587223	0.919702343354	2.78140857853	1.9252727571	8.99999976875	2.70202152027	2.82629820048	2.99850008461	
8.29866192359	8.20802603846	8.99999903372	4.53678606626	0.465585654232	8.95626319978	7.7977422491	6.77750978892	7.99178514917	8.37941941548	8.53139805641	1.36628595002	-4.81813424455	0.660795460395	
5.81881203011	7.33529239122	8.99942201459	0.45557507323	4.23895144949	7.25028616716	8.99999692019	8.80878737236	-5.28266659146	8.84273172556	8.98656819743	3.22892362008	8.99999999995	6.45751789891	
8.55521348675	8.99999977203	8.99999976898	0.945065638885	-5.8054936939	8.31998226429	8.99999619669	1.29822509188	7.2653452631	0.739559587247	8.99999976898	3.62933557295	-5.84538865176	8.85555230916	
8.86134742836	8.62606057736	8.99925689347	6.08903530523	-5.90521782098	8.99999988203	8.97835074922	8.57406692477	1.62301236016	5.81271780283	8.9783507492	2.94695059439	8.35195853004	0.456276249894	
8.99999965663	8.88258536576	8.84082337674	1.24227748088	-1.69938831903	8.88260734871	8.87582255828	8.99999946852	8.36054951295	8.9884999891	8.87582255828	8.99999946852	2.74833917608	0.624047487263	
5.09753463149	6.93970426078	8.88301035899	0.883163921567	-5.85070529399	6.9273013176	-0.85300558035	1.28196169238	3.45861325658	3.54916238452	8.91141168226	1.43790099721	0.89516219832	1.14083683186	
8.804200979	8.99999471788	-5.46824306224	6.37247123397	8.99654278429	8.91247710851	8.99999877222	0.657616671013	-0.336048306705	8.93949591972	8.97963795627	2.17292775132	5.36678982854	0.905943646349	
5.59262729294	7.20501461135	-0.257356777337	4.73519209856	6.61542393987	7.16179299978	8.72438638638	2.66594647184	0.702829846003	8.85794909289	4.19918137557	3.53557583386	7.42426181841	0.457908196346	
5.75691573508	7.24622845029	5.70217586427	6.06062179398	1.11246680897	7.33078528037	8.83119708037	0.49946498915	5.63514341903	5.98580841537	-5.42815686594	2.78040888013	8.3224507133	1.64693553222	
8.89540950951	8.66013093538	8.94633176245	5.10899394183	-2.86966103911	8.99999969475	5.85440945827	0.573973330479	-5.97123366398	1.70163845935	4.52500268364	1.19561232086	8.49889741775	3.25685553572	
6.86160064917	8.74220325561	0.521866480179	7.22377907731	-0.282245407753	6.89839630641	6.7852938921	0.914913766197	0.179350876984	1.28357076918	8.77776250791	0.751573544315	8.9212029806	7.56842611165	
5.31927340088	7.0483771517	8.99990437578	1.05484192418	0.177659367768	7.0458618891	-0.118979132347	0.678425756959	1.16381434521	1.99432755835	-1.06178889139	1.36820559564	7.20753190884	4.11536846973	
5.74662701721	7.26163608194	0.901508470837	1.17486256807	-2.96298611026	7.25194419557	0.423795886587	1.82398154836	1.84032407099	2.38914245557	6.0933764124	0.952739657667	8.11573067487	0.922126655857	
5.97546540693	6.11485465484	6.45205956108	0.920664248954	-4.40604878465	8.64125800865	-3.64734736667	0.995586014154	5.67307913283	3.0231395133	8.90510785044	0.923940701153	4.71161719158	4.66244296675	
5.77128228718	7.17475711688	8.90963997104	0.934027056485	4.01750429476	8.33706528226	8.9395988304	8.98209039801	0.275141849837	3.25049689687	-5.99847597551	2.98849454037	8.76752958191	0.633318465854	
8.90294005426	8.67003174687	8.92455704959	3.48622868971	-5.92044783785	8.99762121976	8.99659888978	8.66236673761	8.95062308571	8.99945894696	8.9999999952	8.94013667317	8.01607177366	0.732547094243	
8.8631883324	8.99999976945	5.36421751914	0.72702379755	-5.88295178229	8.62790618842	8.99999987521	1.27262707418	-5.87901631331	8.88297915139	8.99999976874	1.44083184145	8.99999987521	1.13211755096	
6.98923986603	8.93998608507	8.98798648698	2.0222844344	5.30104630031	6.84345283345	1.96962294358	3.2871689053	-4.35319348492	6.50383085027	8.56006606988	8.2562435931	7.24761522235	0.467420730873	
5.69200443124	7.22224738123	7.04775484302	5.45702936743	3.39279561362	7.23848642586	8.9966718451	0.455858197671	5.27467476072	8.00153550726	7.61721904792	8.89548332384	0.720831002584	3.08933103656	
5.77230731875	7.36628074058	5.30359697937	1.20428141001	-0.927821270336	7.17708665311	2.77632709987	0.688946433272	7.47408679551	5.9580631591	3.63197675265	7.4642816629	6.81660899366	2.60617430493	
4.95285017406	6.82926927842	8.99998830814	1.18971607774	-5.86239545673	6.89392877156	3.75311414442	8.86294316857	-3.90433752955	1.61079704029	8.99998831203	0.633096456546	8.99998831204	1.53740039922	
8.85750472692	8.99999770825	8.99999976878	0.851766720698	-5.39190555926	8.62222526558	8.99999980367	0.760137828769	-2.86246663246	8.85751398272	8.94249331504	8.6339916101	8.99999976875	1.43804017369	
6.2364489706	7.50287191902	3.33370056144	0.740104550276	-0.462528429736	7.52315018137	8.99999986405	2.26994357922	3.49164564336	1.1566937036	4.92634524762	3.0067356541	-2.5751464888	3.36901387958	
7.96316674422	8.29325309675	8.99995453948	1.10560861712	1.15772280369	8.70308568242	-5.60934118165	0.969756011697	-5.48483780312	1.225758319	8.99995453948	0.975575812638	8.99995453948	5.37158473946	
4.85598054996	6.75912068951	8.98868319872	0.906816627369	-1.49689877203	6.87104640419	7.14068617626	6.37658768163	8.7415512924	0.834920995842	0.840735673065	4.53585901936	4.59550349938	8.99988934589	
5.3334122667	7.09556736137	-0.412826236731	1.41535839518	-5.7888633534	7.00618825421	8.99996702967	0.792496440338	8.08956405574	6.01306241144	7.0827386304	0.901561972222	1.97143688394	3.66920149672	
5.62713093375	7.19073228597	-1.73617159937	1.12399179063	-2.54678913396	7.20379884622	8.97574140699	1.0001375827	0.77551211121	0.984162342134	2.25549995508	1.14353882129	7.63906524515	3.96164748352	
5.40809448204	7.1002101779	6.06366488662	0.853317185713	-0.667503165661	7.08143562707	2.29272493375	2.37456632864	5.44188013451	3.31743499254	2.44802291762	0.834218557492	2.30932147391	3.3530569798	
5.13338680933	6.95297998918	8.96512588373	1.05054226661	-1.52987762682	6.94987756312	-0.436777564274	0.935542167174	-0.774363029407	1.82617257461	1.12411738789	1.80182792145	6.35709763112	0.93978034348	
8.82128928151	8.99999972657	8.99999976792	2.50839346484	-0.207575264653	8.58960394162	8.99999963848	0.475756930833	8.84990412843	2.1402559941	-5.91574421555	8.53137309461	8.99999976792	8.92053804909	
7.24896261366	7.82019344842	-5.89111475117	0.64365965047	0.827647921653	8.24312070092	8.23230058355	1.02873448107	8.71529564337	1.96266747684	8.91230947881	1.91174877344	0.856418465871	8.90974352242	
8.77502369567	8.96011212753	8.93284508879	0.454845224038	8.76597589636	8.96540917734	-3.82148030482	8.69316755645	8.84392282625	8.91779611714	8.93284508879	6.22466002495	8.99999477749	8.83118494244	
5.54653112149	7.15876981582	8.66837028466	0.808262943644	-2.39128147019	7.15532870886	-3.44425680104	1.78121396091	4.67562096672	1.87831337272	2.77436752793	0.807309640171	6.95086729911	4.80904583537	
6.55900134204	7.05492857406	1.33696148795	1.41524541354	-2.56818626842	8.27071188326	3.09877387673	1.00718761233	1.54256755839	1.38785346991	6.10042796305	1.0071247071	3.96695912405	1.51151803919	
4.95400417949	6.86032544452	8.99969270772	4.50364341603	6.82534638985	6.86697972586	-5.76627038194	0.648871052658	-2.57568852322	8.9897274288	8.99969270772	3.28487975	8.99969270772	0.900058872358	
6.22441852898	8.81220576642	8.96332753577	0.466084380168	-5.9999997685	6.190204635	8.93043882694	6.15009815884	7.57021606409	7.61962894045	8.06789820409	3.70719108548	-0.0951466379893	2.33364173222	
5.97188910652	6.86623039144	4.4276184095	1.83872045474	0.132003566787	7.8733643288	4.91086143557	8.23371015566	5.88673468658	5.82279926162	5.08673943452	0.473172864033	8.95035871781	5.87622140506	
5.09754054158	6.95326863309	7.34137375014	3.90440963462	-3.21963637839	6.91383177781	8.9999998057	8.91700916767	-0.18225555102	0.499326855935	8.9999998057	8.91700916766	8.9999998057	1.55017498944	
6.35927011254	8.88446706861	7.41203071597	2.31760540814	-5.80489577117	6.25111158243	-1.1758654312	1.32860849939	8.93086011911	8.92501120259	7.46450616343	0.524120219727	8.9701574476	5.5431441085	
4.71253984955	6.87897792136	-0.807526169081	1.20246429186	3.45177663206	6.67423262689	6.48273976444	1.03098544089	8.65352357904	7.94462269297	7.7519365192	0.710049961012	-2.49111183848	4.93061957437	
5.76950148964	7.17511368456	7.30092604816	0.768759576307	2.70974235208	8.03770776596	-0.502007646697	0.761310171049	6.42138141343	2.87232659962	3.18665626534	8.97124827055	7.85516128357	5.77292606172	
8.93391002235	8.99522790728	8.9917398313	1.85760993645	0.701562134256	8.72501400932	7.15098914387	0.613375796478	-5.94944058673	1.99359838069	8.92858916547	1.07946692276	1.83834350345	8.94944835931	
8.7825018606	8.54723107017	8.99999976876	1.08755189763	-5.6281768601	8.99999979284	6.09106365005	1.18969983334	1.65976670082	2.3648621844	-5.62817684114	0.987068279753	8.37195097486	1.09056429348	
6.22267447698	6.55641614426	1.75197943799	4.17699083143	8.13132986295	8.51644228012	7.35840880712	7.69145947225	-2.20047418147	8.82679583218	8.91668265208	0.454957580062	8.96349286802	4.53903975125	
-5.91666567526	8.85500874349	7.23995347075	1.08851221167	-3.22903038496	4.60960362531	8.99999926098	0.58875589606	8.88569942334	8.28756443435	5.7645118148	5.5551084925	8.25629567144	2.63425810608	
8.92573093296	8.69044507856	8.07127134182	1.83577027745	-2.15042557185	8.9999972346	2.53601388664	5.87853972642	3.54729531303	3.48515894379	7.26090374238	0.473722306033	6.12967423994	6.57487841656	
5.98479311667	6.71919355313	3.19697320339	8.91814008931	-1.59218098705	8.03436803627	5.47164271224	2.29827294085	8.99999992365	8.32990595076	5.71274069442	0.462792408497	8.99999985597	3.62930469958	
1.39120958118	7.11342132012	8.98598150361	0.851092696628	-4.80188399147	4.63231051888	0.765498368441	7.58107349676	1.20905996067	1.54545765697	7.1105974967	0.983346960483	7.70570861737	1.27824035811	
8.85186560179	8.62300633485	-0.218124631487	1.44244296456	3.92456379396	8.99479703121	5.19390410341	1.00391963266	3.3040412531	8.71129146478	-0.209472284844	0.884798431259	8.26451007594	1.06908015992	
5.92361937591	6.24873221315	8.99991531878	4.81434998052	0.586425999864	8.78879132011	7.28728281979	5.81410664916	8.97193528598	0.821823232433	2.21933868215	1.33593249042	1.17980668815	8.9625618823	
8.76980114095	8.92636884102	8.89884170293	0.45517380425	-5.80121681857	8.60815053233	7.22352384733	3.57601824165	5.5270451576	7.67582882488	8.98688981879	8.59983265696	8.89884170293	6.28040175325	
7.58343052271	8.96191925571	6.4391681793	0.934380363019	-3.41168448534	7.38705275445	2.19007167298	8.79018489475	-1.78453457024	0.89540598737	8.99434021633	0.977884407596	8.99434021633	2.67635218838	
5.82223720693	2.05507309957	7.54958256744	0.488754205798	8.98187431263	8.80365697437	2.05023677892	3.92467217819	7.09626370568	5.77391412949	-2.75305779178	3.34137438335	1.9641387437	7.94190080037	
5.17676381231	6.98693022263	6.67721779914	1.214279215	2.8724725187	6.97692145114	5.55620152613	8.47111687481	-0.906600540827	4.25221033993	-0.270180297733	0.804892603635	8.85843544806	0.875971873128	
6.07713985446	6.38363654032	-2.11316053051	1.57419430304	1.42773555874	8.90881291229	8.87404751563	8.99999976863	8.74967819833	8.92282550093	7.45823377298	0.796275923449	4.50130758149	1.00717327691	
5.41327488967	7.07021546563	3.61368970287	2.68374753999	4.94738731402	7.11126198549	4.08807311606	0.841318883243	1.95290234072	8.60713891363	2.70609319985	0.714498911701	4.6195512955	1.93081379153	
5.98686774798	7.37374357115	1.69648817922	5.49543349015	7.76166156921	7.40575334399	6.60193457294	0.802644586269	7.16952307857	8.99995669107	1.81827609447	0.713660816766	6.4136374686	8.27524430885	
5.21412296633	6.98543720969	3.253083299	2.60358708046	-3.60361715784	6.99755294922	1.60163636106	2.72903295966	5.0891488845	3.64855370989	7.48379647356	0.461801899275	7.22743212301	4.4576549601	
8.44998915874	8.38563205296	8.38037426384	6.00023001133	-5.42080423557	8.82911389004	8.38037426384	0.48070054095	3.92948341265	2.56819718885	8.59946793798	8.42081544982	3.88261295879	3.13485672603	
6.18174786491	8.7911918172	6.80015571192	1.9362291363	-5.90270669946	6.16929791594	7.18534438444	3.22329756195	1.92675048706	0.470180587558	6.84336401648	5.812332298	8.5595121229	6.80963094901	
5.37189195691	7.08002455497	3.32318178646	0.973274076877	0.924731097354	7.06004093186	1.96823332679	1.23845068492	1.83699764189	6.36238964495	0.867379320363	0.878876115914	8.94534929571	1.26270386556	
7.14539000904	7.10165012498	0.205385066319	0.829353755744	-2.3545825632	8.81006745115	7.52351501415	3.79244121191	3.06289438283	2.24094525508	8.96440518143	0.70587866091	6.31233793606	8.99704787579	
5.06993687562	6.93261262266	8.73011692777	4.89472057802	-4.74303359279	6.90695343819	8.99800967179	0.77594199482	2.54283458417	1.28906285804	8.99736237624	2.41104757439	-5.83301946243	2.16987528027	
5.78654870149	7.14812361605	8.96975127806	1.8361976043	4.16847462364	8.99999252682	8.92560899917	0.482806370867	-1.53686405935	2.58510708463	4.84445249855	3.64634435825	-5.72810190783	2.34935693338	
6.65732946719	6.8665849974	1.07730198659	0.558522978778	-5.8666616107	8.55823913647	8.99977728684	3.5222418047	3.79815742092	2.12620617352	4.6973332083	1.1756785871	8.54897143749	6.72276309176	
-5.91893249165	8.91896866845	8.99999949845	0.621652885322	8.82629234316	4.83242110627	8.93165463007	1.47457521737	4.85285836862	8.99999950249	4.08926997547	1.10588933916	3.47328783005	8.91897144383	
5.31040443355	7.06514544137	8.69140430701	0.503946740866	3.63629479836	7.0151163706	-1.86625887993	1.42583506371	8.58446043919	7.3398598018	4.55433355401	8.78796495932	8.99996921057	7.39075707551	
5.68661453494	7.22384002078	1.97994505601	6.27087675718	7.83437029181	7.36954050787	8.86673650675	0.547291036735	-5.85988467201	8.25532419455	8.99893484421	6.15600581449	7.87025772095	1.17214273936	
6.21358340637	6.06978714579	4.64190139021	0.877861105907	1.00061506971	8.92713397009	3.73121594687	6.35917824069	-1.20699282383	3.6307310369	6.76344135977	0.661205081497	8.69423144044	4.92997931104	
6.86728519523	7.37640540813	-2.26477334249	3.20293375832	5.57898597684	8.25690839562	3.72100438088	3.46375731212	3.46045937807	8.63340132603	8.47855313919	0.456066078149	8.74185350977	4.81194422591	
8.72242623813	8.91156712869	8.90218635378	5.06348117774	8.99218369456	8.91190879994	8.9314386192	4.42080126908	0.819242533158	8.92505452296	8.26067817793	0.455245138435	-5.99999980676	3.55814587237	
6.03296780296	7.24520009845	0.77344204543	0.864123407755	3.54412370259	8.99996229483	8.13711581963	1.66258140689	0.110002374884	2.14488614643	-5.73094796654	0.8929811836	8.57078691024	1.24584909054	
6.4873940889	6.75674338745	2.10822442727	0.78695195981	-2.53128379519	8.49905083589	5.00403127445	0.934604424431	5.62990612984	4.16670418171	2.36296717852	5.17124947089	8.26127734674	2.6252326814	
5.36654150326	7.06793478479	-2.77423520859	1.48372555645	1.18499916067	7.06761565317	8.55869499025	0.507402242401	4.22206240121	3.92395964147	1.27141172357	2.15244067414	8.42236208981	5.66678188728	
