6.15024808481	7.44212028257	5.11178020318	1.12394286756	6.11601532928	7.45560260964	-0.90572911155	0.97983177081	2.06923583256	8.98962053007	8.99867276141	7.09954139972	4.69950627992	0.767118010915	
6.14906209526	7.44212164711	4.31161146286	4.06321360357	-1.09827741364	7.44621971131	8.26738734248	0.631014190499	0.590912203323	0.958495042672	8.92819841126	8.9740997857	3.06503048515	2.3168087045	
6.15437521928	7.44591417944	4.65906809972	0.895450885772	3.22913378628	7.45853111392	7.33406773139	1.00030933956	-3.2705058932	4.69350239817	-1.4585393401	1.50425653756	5.76664847805	1.03433173572	
7.2611719396	8.59112433741	6.80817605357	1.02258019105	3.82642539913	7.41091400187	1.47915208798	2.77122140777	3.23093561486	8.29693999033	4.29914970318	1.718118211	1.91673666358	0.628665146056	
-5.23685943575	4.26530717297	6.4819876922	0.527561679858	8.87296405873	7.06449127939	8.99997392507	1.28872083509	-1.13474520892	6.50155891005	-0.370346316688	2.58481088462	8.93879355246	5.93736706719	
-5.71035319198	4.25141185158	8.99999975614	5.15602680812	8.53230645753	4.93941753485	8.96909630991	0.637537242946	8.90322423182	8.99980877337	4.0418438443	0.919278751338	-1.45680397884	8.9938815849	
6.24802944664	7.5856270862	3.5056716234	1.70144111601	-1.66903212411	7.39783428502	5.55800824873	0.809709777579	-5.92483156623	2.23695957059	8.65110178151	0.77277269879	5.3499025191	2.83255349388	
6.15653703568	7.45225347294	-0.191474144477	4.23181527778	1.37991196813	7.43969870133	4.2747205556	2.63695891981	0.515353254997	6.3627119506	8.3404963474	0.471671218793	8.46122417254	1.95970774586	
6.14881712232	7.44205121011	6.13799880788	0.581163436452	-1.13222916483	7.44389410832	4.79283413375	3.32152331711	4.73343723948	4.29134125788	5.52779717346	1.82088685521	-1.21266455434	1.71317872609	
-2.61257626115	7.32280151988	1.62763857324	0.48772084747	4.96665656106	4.25187833744	8.54647443547	2.0559238551	5.82083511447	8.99999990187	5.75674926789	1.94627133724	1.60677520571	2.26600647099	
7.33224726426	8.10023761567	7.95940734621	3.96131351399	0.865249197311	7.97403303328	2.36404296644	0.638960485652	3.23451701884	2.9018107367	2.67618993394	0.926257565327	1.81284709175	3.35993598734	
6.16629814622	7.4136575105	3.67453016739	1.60598134236	0.422513626677	7.75168887179	5.05281127935	3.44010450763	3.76201131915	0.901030144911	3.01045895719	2.00664985974	2.99458169124	3.58214107318	
6.49281468186	7.59343417705	8.30444210037	1.71886246178	6.5777958168	8.93049722628	5.82189396375	8.84362593446	-1.67997197574	5.30750338011	4.58007773094	3.02646751922	4.18568673528	0.480396465571	
6.33789234294	7.54213713796	5.43335738705	0.934649597817	-4.16973361441	7.53108953081	2.31492465125	1.25392867491	5.44357324406	2.68942118585	3.20168708863	0.832847036686	4.88320680654	4.27888284322	
-5.81222225889	4.69885409918	2.46409231825	0.604225112189	1.54762473574	4.26285924442	8.99995737003	2.33450937209	-5.87617547676	4.60848116482	8.99995737003	3.39763609887	8.97846023646	1.01317739369	
6.27587076044	7.35015459169	0.936933221277	2.9567557011	6.06197926173	8.99999972355	-0.628201220197	2.03969940553	-0.672471065609	4.74979547096	5.56895150578	0.565861366198	8.6628912117	1.16177641321	
6.15023951008	7.44199378694	0.645946364024	0.917000145608	2.82423973246	7.46732114498	-2.74799170853	0.65288740626	2.48219976125	4.22479093779	6.43662635334	2.22161046551	8.38749296361	2.8711972016	
6.14922759845	7.44221864065	2.93083839198	5.29562806581	0.695104605664	7.44658801053	-2.09360849228	0.512793888295	2.52963654934	3.71159192553	8.23220747043	1.81611176664	7.73840544809	1.57492736172	
6.14898600352	7.44220170726	1.7419534635	1.40068868999	3.50413529938	7.44345248613	8.94223057497	0.507055346494	8.99999427194	8.68467301248	0.715872941954	8.10934562966	8.27544312758	6.35924689622	
6.15631114397	7.4442161932	8.0544494162	1.95864619928	0.700648626422	7.45629353606	1.73100485976	0.473909677746	6.69034469862	2.39234100918	5.46363419857	5.70117940515	3.99563161556	8.98348664252	
6.14987004397	7.44214067965	-5.98215109761	1.66162258914	2.20827238636	7.45860935771	8.3384256016	0.664726628114	-0.224723636139	3.65915267606	2.56248603872	1.14009757529	8.75379004165	1.39766798262	
5.89331383951	7.20820956669	8.144931377	1.35431911287	6.14702335907	8.99999976875	-5.99999983079	6.20572077853	8.57904389513	8.99999976876	4.90004532698	0.513485313655	8.157667183	4.15873827717	
6.14763684819	7.43963260261	4.00491148116	7.9424821409	-0.301218258966	7.46726167826	6.3237842512	7.8183803488	4.4847922419	4.80706836331	8.99999976875	3.10676205251	7.92856839708	0.62493592423	
6.14239114375	7.43648198641	1.62003653919	1.11496883463	6.51995635328	7.4756242219	-0.000947757307894	0.811119772968	-3.75987998666	7.6033651433	6.91984487484	2.6826005281	8.99429333069	0.929664838983	
6.17274204115	7.45609172575	8.57893416129	1.653783422	-5.9999883755	7.45205314961	4.69919996855	3.6916783727	-5.66435948254	2.94225279222	8.1324364862	0.508177824486	7.93623364306	1.76920925464	
6.15014082724	7.44212975228	3.20808815037	1.82114027123	3.19068303731	7.46319015086	4.61458020184	4.55342121199	7.30002738275	4.53157335426	7.18684728891	0.474013596411	1.99913573242	8.98208240637	
6.1616803668	7.44824706264	5.58292410238	4.26603429885	-1.03900495895	7.46243252429	5.60144470715	5.89656776732	-1.70823537771	0.45872178132	8.64480454911	2.90952082261	6.31918255655	2.73931979153	
6.14929420914	7.4421970591	6.54222454743	0.455770494137	1.33844877021	7.44902871454	6.78752445061	4.24255463857	1.4394656273	3.15887210417	6.5730203457	8.90602708455	8.71539164763	7.50896762342	
6.17656814063	7.46297206134	7.00445595051	1.00302045837	-5.99999956736	7.44899739772	3.51816869762	2.65866232275	4.51646523804	0.697967662449	4.50547783407	1.31059694348	8.24292547106	8.99989302396	
6.26439027411	7.51555905135	8.77034931883	1.85199968738	3.90789204271	7.48422130414	8.77034931883	1.46026617224	-1.98474592037	8.11117885914	-2.07775091123	0.601997004022	3.03959149423	1.28290164255	
-4.8910739132	4.12698859766	5.77963071665	0.501934107766	8.99154938287	8.86999272951	2.64182036916	1.72532327444	-2.16310004689	8.99837281309	8.99712048195	1.76824277566	8.8888001694	3.87193131801	
-4.75780752584	4.14384716079	6.3645404709	0.52018314048	4.4987839926	7.58894134578	7.95706560844	1.36061347278	6.79228178109	5.17137371645	7.95706560844	2.74012434126	-4.82338637115	4.08150854533	
6.17524392906	7.453095353	8.86929927971	8.99987518519	-5.99987518396	7.45755038813	4.58202064542	2.63096121554	8.90379978218	0.713340347979	8.86929927971	5.63232206269	8.86929927971	8.9999905692	
6.2360426479	7.33681031966	8.85269757347	0.889273543022	6.53378426618	8.95697205932	8.92561363649	1.40544962294	-5.96464818022	5.23265768348	8.16280863624	4.24149144171	-5.56290753326	0.738827045943	
6.14961592402	7.44201490618	8.61610869681	0.472103907271	5.26372971927	7.45703444148	5.34961815062	1.8640982191	1.38162749358	6.74774419113	3.67580314087	7.89726569061	8.74564383692	8.91993401622	
-5.96875322819	5.11674195669	3.44144100263	4.11005959738	8.88214036518	6.47426226139	8.99973013325	0.459687040841	-1.30305238532	6.58391593809	8.85802912592	2.42358147044	8.99973013325	8.35906503465	
8.99905889676	8.86592157913	8.93275312817	1.44528676162	-5.76245794473	8.86815144714	8.93275312817	0.506596458905	8.94103655261	8.95335779861	8.92482138977	2.54241867843	-5.94228672992	3.46199372525	
6.22198849387	7.4787755878	7.34847204214	5.58380587193	-5.98201329503	7.47859340917	7.35337905873	0.494092574055	5.06772543035	7.68697197005	8.99809080529	1.5182777792	7.39892098537	7.78409443234	
6.14894255571	7.44218275959	0.201206480026	2.69302657975	0.0921583110754	7.44217392927	4.50736422452	0.556668707545	-0.797537541842	7.06372288784	8.9999680572	1.62679307878	7.37595766056	1.32153989595	
6.15214783371	7.44492645407	8.99945309519	8.68415435546	7.49688162333	7.46218970954	-0.428311283216	5.45413775006	8.62786984763	8.99999976875	8.99945309519	0.454844470171	5.99327230017	8.95856211731	
6.28568678797	7.51652042488	8.99755247401	0.493121951505	-2.14454830622	7.5045201646	-0.873160238927	1.66568234748	-0.0167178870697	4.86085881649	7.46833041444	4.57351278256	7.377519914	2.09849477198	
6.15066748037	7.44223128782	4.45726882581	1.55722628603	3.00209356454	7.46449819187	-1.56690450688	1.45553304272	-1.48567333647	4.318684847	8.99786024735	3.70157500109	5.30717259504	0.540784323708	
6.15327301433	7.49025299398	-0.942686887003	1.50159019763	3.04662858907	7.42005933726	8.92471151687	0.496342747383	1.72807846555	4.33859261987	8.40716349781	3.37059821655	4.55469564893	8.87247584946	
6.15546536585	7.4585256006	4.7695917302	3.15603493044	-2.62445461973	7.43236001081	4.78604608144	7.88694796716	8.07165931119	2.12951124653	7.16640163038	0.466903195649	7.35579600046	8.76827064619	
6.49213537884	7.43168497638	0.31059839579	3.48307883958	2.68267139756	8.97225720711	3.5467575759	0.493243589631	5.82346010256	1.53639315128	7.22582145766	3.57701835716	6.79418371854	8.99999999895	
6.15010211966	7.44217042327	0.24466268151	2.97838299879	6.19587880211	7.46013617924	8.91740215372	0.591518651423	-5.32417094588	7.6001649664	2.1082152457	1.16908758601	8.91740215372	1.58607954415	
6.49157925223	7.43029255395	7.2743150552	7.38574605568	2.78159423594	8.99704603409	3.8985531825	0.505553851434	7.39045192572	1.61981002247	5.52495940836	1.85145395248	1.77631264915	8.96495489362	
6.25102629822	7.4857937442	7.48898153326	0.468098068625	-1.27051389949	7.50060511329	5.29597104109	2.32541630431	1.34763549881	3.74013765744	-0.126255840768	2.34252455975	6.21962736493	2.96194464556	
6.14892591515	7.44217042906	5.31754446308	2.51363646974	0.8486437619	7.44236412283	4.67463513075	1.06126565812	-2.08818842477	4.1983235557	1.9214043563	1.63181282863	6.4727766931	0.624216929738	
6.15008481989	7.44213943226	0.895343546896	0.884112818879	0.92568836732	7.45809732835	7.56859088849	0.705406314596	8.37343428216	2.50271169567	3.51605130548	1.71797173128	0.554618983501	8.89142097917	
6.14923038039	7.44220857335	0.138041406835	1.01753319591	-0.847777026544	7.44762350636	5.52528295059	1.21309458328	-1.51604367502	1.07389030878	7.37903801011	8.28880259005	8.99998242541	0.96264978134	
6.21083637332	7.79809289611	2.50377611015	0.473724954763	7.57930416657	8.99999976875	8.66313249253	8.19334243851	-5.7608407975	5.73368836693	8.66313249567	1.82620704992	8.66313249574	5.11545469981	
6.14967186087	7.44010764809	6.64611459502	0.733932169182	1.82355423626	7.48675424805	8.9999985635	1.0304589859	1.65556865166	2.92240215079	-2.7698940839	1.18260900801	-1.1001237562	2.2266727604	
6.17066153675	7.42705063692	3.29220394899	6.98267944314	2.15830032186	7.50028723687	3.21228135861	1.41515241301	0.555925447998	3.45760341783	8.38507793125	0.50572662338	7.85564675492	5.95964563878	
7.38388645972	8.69561145052	1.37831028544	1.84908085259	1.69127433578	7.42382327805	4.33596490489	0.472757153314	8.71047042917	8.32539401542	8.87471757102	5.4066710869	3.30811582371	5.12738305599	
6.14898761553	7.44219953491	1.38181852891	1.67668615648	-3.74077496648	7.44220411697	8.51726233867	0.519768445849	2.77102797099	1.93720270299	8.90148616917	8.08305982985	4.18925019081	2.68598509659	
6.14902724539	7.44486228407	8.97388553941	3.89475892354	-1.41849214535	7.43963082774	8.73854418208	0.514247900645	-1.50954990677	2.50480359899	-3.18882618573	1.88328489938	5.86382582898	1.54487421058	
6.25941213473	7.47756930619	5.48572920091	3.10313525122	3.33040942191	7.52404581674	3.18031137255	2.39367507131	-3.52984902547	5.12984083262	2.63818773605	0.537078411185	8.43727768746	1.25418194504	
6.15937034422	7.43862575768	4.85135952787	2.37490750021	-1.86002562006	7.45618590638	8.6382738974	0.48821402142	3.37880507712	3.85685639121	6.81003788078	3.1912130179	-2.98640763075	1.80345898196	
6.41687145513	7.56881000077	8.973144231	0.958025372779	-0.270382163252	7.58438140654	-3.16051358844	1.20510778802	4.4944437408	6.09520448152	6.14278344052	5.08393893426	5.0405176106	0.75944485254	
6.1502972288	7.44178760827	6.30333044839	4.94837946016	2.87676274766	7.45645682599	2.8959765278	0.454916027545	6.67111824803	4.41221928746	3.65256300931	4.95200242544	8.49584284298	8.99817750431	
6.18404021213	7.4587430714	2.34329359572	0.49572280802	6.50713324315	7.46222563458	7.83388675534	7.99106527011	4.14179669242	8.98987232236	7.88344600239	1.50144136588	2.66510849089	5.27768261958	
6.20252958323	7.35583525436	8.90034597283	0.658771465898	4.61497465326	8.39577315008	-0.579256371101	1.3109879336	-3.10616016541	3.87367147645	5.78943828207	1.08448608605	3.02831344487	3.78868938762	
6.15021001382	7.44219685698	2.07328092608	1.71815466916	3.42658171502	7.46122778238	2.78704669365	1.09980162375	4.45300342577	7.61598751972	8.99999959446	0.639231878417	-1.88889667332	1.64267349469	
-5.66419995622	4.20755377956	8.99999823845	0.803609925433	6.44400727502	7.74575663423	8.99999823845	0.87992742919	8.84239902383	6.33815552561	1.34493057034	1.21079807706	-3.29722670526	6.1021545512	
6.30989674394	7.52654809609	8.48020678668	1.21703923791	3.28378323133	7.5186933862	5.63624717201	8.99995693953	-5.79526226301	8.99992171333	8.46316623363	1.64733080783	8.48577689398	0.572372722528	
6.24095983291	7.48368090571	-3.37888214426	5.97869489449	1.69291147979	7.49267583295	6.73034255317	0.475322614288	4.56746528172	8.62509799649	8.48580199925	2.50119197006	8.48580199925	1.88578488528	
7.65934934988	8.25179608324	7.20722604956	2.07604448205	-5.43407411582	8.14261622216	3.17126044067	0.620498329187	1.61609557421	1.02542756561	3.7273522953	2.55944012826	6.03644062989	2.92587551408	
6.23645459766	7.48065405928	5.25670525157	3.01939239624	0.901595311863	7.49118143837	8.97131684321	1.62455996067	2.76189952755	6.15571512632	-5.91986557031	0.490433479504	8.97131684321	2.53553444467	
6.17123953954	7.46668284333	3.85009967113	6.43826833903	1.65173744591	7.4445689228	0.786598432436	0.66377061004	-2.89433969243	3.62367558301	8.91937509715	0.884045261243	8.91937509715	2.50112213464	
-5.75729161494	5.01475560018	0.550208819697	1.99997808278	8.99122509778	4.48387980476	8.99474469145	6.22106043101	4.3788516156	8.99999971107	8.99474469145	0.467467447822	8.34641204549	8.92980497899	
6.41275996858	7.5633769222	8.92978762886	3.67902488389	0.903313659753	7.58468858555	3.52530485028	0.45510689212	5.50301049175	8.99999981428	3.63264715668	5.58435952378	8.92978762891	5.58810285893	
6.40370361436	7.39878974177	7.47233342526	0.536423654538	4.68104795864	8.99999977026	5.20321533087	1.22378112915	6.98082595558	3.47953964016	6.07279811596	7.26311953088	-1.45604365028	8.07427538276	
6.18687826524	7.40672906806	3.58534046411	4.81554798454	2.51352859558	7.76740616009	8.25540957839	2.08178855299	8.79299381386	5.27920301206	-5.94005783192	0.468301314749	8.9396566117	6.13281549308	
6.89381711454	8.35979863788	-1.05208715994	2.39021475488	-2.31498324429	7.26916706922	8.88479915147	0.907350797605	-2.33356703231	1.90887560672	5.81500536454	1.08676106212	5.30144512948	0.89009956106	
6.65257114235	7.60997969696	5.79562915677	1.193665468	2.29968483144	7.84666734647	1.57992268251	2.30463104671	-0.438944035063	3.07089445202	2.25799937833	0.616339455751	4.2848358288	1.40756964432	
6.14965799166	7.44217976761	4.8959248823	1.56218710119	1.64788722453	7.45610584002	2.84666280277	1.58881486537	2.13125864501	3.16231730961	8.32377341683	0.527339699597	-1.74102427397	4.1332442071	
-3.45439488134	8.42860854293	7.92668596276	1.7952234747	2.34153202129	4.12953085073	7.46136946649	6.70500100513	-5.98458530262	4.57350703252	8.99997960609	1.77939287167	8.99997960609	0.497354270682	
6.16184133213	7.44864819743	2.25767462761	0.740960139117	0.199897086962	7.44937486325	8.24776480995	3.99136737283	8.30026481747	8.65763777212	6.95492688467	0.781140956849	-2.07988201116	2.59140634385	
6.12802162921	7.42951820781	8.53561805647	3.03660990478	5.62782459937	7.46026385636	-5.96885495172	1.85781160759	2.9245368374	6.83837056608	8.53561805647	0.473570774932	4.424589935	4.72921752744	
8.99937030372	8.86719498231	5.59973706495	0.722371785673	-5.7860662596	8.86719498182	8.97044283233	1.31909942546	1.35318384041	8.99979604223	8.97044283234	1.00015073555	1.92222630899	1.87157712061	
6.15030499014	7.44288473909	8.88641363421	1.31854643444	5.31421303364	7.44610827133	8.20977701617	8.43190809716	4.37976555044	8.96965139901	-4.47602128906	0.520754063231	6.90553580088	2.85818382324	
6.14961919085	7.44216585742	2.0246395049	0.562877679173	7.41380585389	7.4561069968	8.73433505814	2.34431861324	-5.97946889784	8.9230675313	5.68363227447	1.53991955511	3.98132423265	1.35747911443	
6.21100815615	7.46988078457	6.53745783722	0.480961236662	-0.721816516272	7.47721024868	-0.880243071431	2.32597141038	-1.09957261536	2.07225098017	4.5930690764	2.4847587121	8.44934403949	2.39626163392	
6.18949724087	7.47102209357	8.99953406698	0.459614033232	-1.26952484453	7.45387065026	8.05306541848	2.79894520605	8.05145996809	5.29579059891	7.56788448158	2.65039669398	-5.04095180372	8.03937334666	
7.86748393933	8.80624879447	2.68872002347	0.616736008139	6.7547466441	8.59718559601	0.833953687592	1.11162631384	-5.15959531956	6.02867934449	5.94830867451	2.79036242463	8.91874816955	1.5195754583	
6.15606584666	7.45106538443	8.63110374076	1.09597165361	3.13938448239	7.44862329509	0.963397720108	4.91248283964	-0.744279071337	4.87174726334	2.92972752275	0.999027198973	4.85385338906	0.768384099482	
7.39108464637	7.42869754285	6.59577757209	0.513412453567	4.81205987763	8.72073596243	5.98402853638	1.35391938927	5.45364837265	6.07436280992	4.58818235907	8.62566970513	5.21937658575	8.94540788982	
6.47387784637	7.43432689068	7.67339182971	1.1218156154	1.93138311982	8.99690099292	1.86860929345	1.08880984962	-5.77000966752	0.736201399845	3.52894013225	4.0386565655	8.0847829281	1.9923118126	
-0.427777735845	8.95955266712	8.94489346408	7.38719671834	3.9473556247	7.12111907531	4.35856071281	0.620585208779	5.30175518071	1.12799481352	7.43699468943	8.99509083442	8.63998579045	5.60827562095	
6.314799834	7.43241065126	8.27982536597	5.43844654543	-1.30528195073	7.62464089139	1.65114658619	1.58884915299	5.60200289334	3.28836901061	5.82269323281	6.87193481781	7.06582066245	2.80440366081	
6.14924945885	7.44229776835	4.69458368891	3.24618757417	1.58414052057	7.44936375889	8.99999978807	8.05808256288	-0.448618626199	3.41611576922	8.19958967813	1.22341809556	0.575914965336	0.537442035812	
6.0568518861	7.39613666692	7.80062512332	8.52622111735	-3.52405758707	7.39622057285	3.7793350591	2.17117776345	6.61258366986	2.44888483314	4.79750885433	3.55230310278	8.98191443145	4.6318654776	
6.17817065952	7.46221804021	8.93825916645	0.543355042809	-5.99999424142	7.45135300253	4.43575268187	2.39000021096	7.23646472696	7.60890762523	3.6104872339	6.28032277129	7.08989973273	1.37093137184	
6.80260065893	8.04671870689	0.711106989542	1.53195742761	6.6243893178	8.99999995106	3.11711985712	2.01743876301	3.81324636188	5.13313535232	7.43744740426	0.50600787683	1.9635123406	5.85221295339	
6.14955648535	7.44218546008	8.99999976872	0.980369960075	1.51799390281	7.45285416027	8.99999976872	1.07279436552	2.11398393738	3.77281088897	-1.04025829581	0.865732264733	-5.16613681257	1.60643974549	
6.31592535236	7.40004956649	4.95569796877	1.74147165722	-1.41645208476	7.65532060669	7.59636410644	1.06619350969	6.66721379561	0.609709428132	4.54740340383	4.04097230917	1.22415868312	8.99464224862	
6.15971660907	7.44451020383	5.01017625646	0.974288680133	3.03176728862	7.46930469106	0.9743275001	6.60772300437	-0.22658178419	4.40493340817	8.73596044325	0.744500618223	3.5313003672	1.18945418778	
6.14986521757	7.44417423615	5.19423493848	0.52810123327	-2.88111346725	7.44112291277	7.44130744196	4.91395408777	5.41165878589	1.49511733277	0.00325210746911	1.65052702874	8.39410505811	7.85836134203	
6.01913759269	7.43285282043	8.55291281529	0.58953404539	7.78213914429	8.9999997686	2.49846016789	1.70645911887	-0.314545586701	6.1249345094	3.8282579343	1.769852926	-2.11603546749	1.24474153034	
