7.96557283601	9.0	8.61493007183	0.5765135811	-0.504478864534	7.45232250204	8.89478879354	3.23513950758	-5.95503283855	0.594184387908	-5.9999954052	0.874595397154	8.79998145041	1.77906621546	
2.73211185344	5.50288866572	3.12322673395	6.25789830966	0.614800386416	6.19317537823	9.0	0.794050585173	9.0	2.13731280213	9.0	1.7024519497	-5.06309181025	7.45368139268	
3.52148496233	6.90083579664	8.2193278756	3.45073021261	1.45162619595	5.33888666641	3.32428296042	0.412203717645	6.25712180863	3.50002756856	8.99989681179	4.36855954554	-0.465911631201	9.0	
5.2777175409	5.19262485068	1.48919059074	0.569749930484	0.227233295497	8.77142817601	2.86231001302	1.00192045198	-0.572020938221	0.976990797929	5.20791574987	2.26300340627	8.49612423586	5.82807015076	
-5.99998319176	8.99983312991	2.76266687998	1.27764270416	6.99065796789	4.1848821387	8.87812066709	1.033060336	1.54326801704	8.72638227801	8.81739698969	8.65187542834	8.94477812027	0.681220791605	
-6.0	4.26857635621	9.0	0.991077895273	8.73780607083	5.66419896172	9.0	0.752333092402	2.68262854114	9.0	-2.84001318026	1.30462553551	1.23034786007	1.45010974358	
6.19284262501	5.85656415752	-6.0	0.812355370071	-6.0	8.85699612485	8.45799519321	0.648539995328	3.48961340078	1.70184351586	8.82005352397	5.17767247644	9.0	2.503546577	
2.65565736873	5.84468804677	8.76754343829	2.13343773016	1.67000948075	5.62373964154	-0.52711686663	0.507816119037	8.98020327813	3.17882191986	9.0	8.30884888691	2.52239193209	9.0	
4.38393343346	7.56988771852	8.97680711191	1.74413275718	3.84172580605	8.94140923826	2.6429410384	2.87703639444	-0.117652843614	0.281178032795	2.91060489048	2.57996023179	5.57584915539	5.94823593439	
8.91503847522	9.0	9.0	1.41222468965	-3.9397367986	8.53848575059	9.0	1.541742303	-1.99369851045	0.424413370639	9.0	2.46256785665	0.812093649968	9.0	
9.0	9.0	8.76060379302	0.758864882297	-6.0	8.9987456454	-4.2275726933	2.30452316652	9.0	3.93981387224	9.0	1.78684769405	7.28417705808	7.63217628614	
8.57105448554	9.0	8.02387675209	0.326905666209	-2.61282834068	8.04885728263	-4.13407343986	0.786025693014	9.0	9.0	5.61900135674	4.54030195441	9.0	3.39800560203	
5.64890837758	5.3293625918	3.11209225544	2.89617992499	1.26738635617	8.95884820845	-3.71255817476	5.03801723368	9.0	9.0	8.61193689292	0.245004825507	7.74634537136	1.78666050182	
3.07124583305	5.42913097534	8.20532255938	6.17828346842	-5.18281687023	6.44214887837	8.84631317565	2.89831265667	7.67084764168	2.66084711888	2.45865190925	0.121920675921	6.78630210626	9.0	
8.98569105467	8.99991095946	8.43628749254	0.733452917711	-6.0	8.51297102082	8.2867954555	0.457221068092	6.80548880777	1.60941033293	2.92015972167	9.0	7.28234256281	9.0	
8.99994006245	9.0	8.7076903675	1.70076707002	1.14775759354	8.47611881109	9.0	9.0	0.224424075809	4.41305898407	2.62687671576	8.40568302382	9.0	0.205728884047	
2.67005658874	5.29277690315	6.81464110937	0.705007223617	-1.97013231811	5.95021926203	8.96983520943	8.32758085162	-1.55566592886	9.0	9.0	4.86146224954	9.0	0.466238147649	
2.59577973128	6.03786739534	-2.9354346566	0.603190250864	3.84120297194	7.49091360207	8.66135224552	1.69428005857	8.50299105723	8.99996004159	3.09737141125	6.78890284255	7.3246367498	1.16746086526	
6.18782239991	6.53458722245	7.34755950526	8.99178469312	1.06133739856	9.0	9.0	1.10787188244	-3.75100758861	0.555353935676	9.0	4.14200323762	4.33237220718	4.70136654168	
2.48101368447	5.29756550497	8.94828269925	1.17956969441	3.89041736461	7.8578125305	1.59470813023	0.646504718197	8.29328370064	8.55109116847	-6.0	0.763184637944	5.00516420548	1.55780470677	
2.88928405141	6.15558693308	5.47847829613	8.08729143677	2.00346917821	5.44594405056	-3.16861959143	1.07442843397	6.03165537462	7.8993854179	8.80280037814	0.868707961719	6.3348194623	0.4605373665	
6.02083864856	9.0	0.253646440619	2.74546765156	6.57797468412	8.99205676574	6.98436670235	5.24486076843	-1.15436254326	3.21188168215	8.72323928923	3.90340872525	4.4477115076	0.288853105826	
6.18756150221	5.66933879783	8.44480216695	4.31889769963	-3.24350940832	9.0	-1.86863494719	1.32853863234	7.04290794711	9.0	9.0	2.11301607028	4.45972528059	0.247470682489	
5.87689376477	5.80175471794	9.0	0.872493886514	1.95643407536	8.53995709377	3.47635445565	1.77901400388	-6.0	6.12739982145	0.0919986031597	1.56936566667	9.0	0.322515138405	
0.815149151154	4.35642487958	-1.87522269286	2.05151076352	1.26761133347	4.73822799382	8.96020247724	0.334299721862	-2.43003948223	2.39987518177	3.25916871824	0.0492631225946	8.28627644947	5.96484043268	
8.16167859643	9.0	9.0	1.68214299096	-4.18615110381	8.07609697448	9.0	4.81219635242	7.20991845865	5.70357474639	3.20894944633	0.699722058263	-0.270094593179	3.96751940516	
3.82900040465	6.6686182211	3.94547603014	1.1253418906	-4.15466869447	5.91936422192	6.36095916004	1.11797907463	7.66413389877	9.0	6.27465512045	1.06078296315	0.529337238064	0.978103531236	
5.52779133421	9.0	-1.75033587123	2.21327094753	8.64586723889	7.96889780191	2.23441997723	1.17282330033	1.1552667594	6.0044026937	7.64104610621	0.614145791029	6.07508154987	4.18714778393	
2.70277065129	6.06428393838	8.47970287168	0.510366252489	5.38950208232	5.30391969102	0.452870501299	0.909573664431	9.0	9.0	4.83129276237	2.23558282749	0.520695934507	9.0	
6.69147719441	6.23384367549	6.02189939844	1.36727721192	-6.0	8.98607125701	8.7668806388	8.90042522352	-0.297700723447	0.35827538132	8.6236268816	1.17288385829	9.0	7.21618085476	
3.75885581725	5.39269883233	-2.08207827468	0.693836502735	1.09501882438	7.15504747436	5.14694731501	0.998530702217	-6.0	1.2671076566	7.22547791498	0.784134786426	8.99890937794	3.54912262659	
5.99057377994	5.54804577276	7.53996144517	0.360830831345	-1.37895268271	9.0	4.84660854715	1.11498133584	1.31062120062	4.74265299997	2.14786548924	6.935877171	8.77505830262	3.10333542989	
2.72968116267	5.62661526169	9.0	0.661473980716	-5.89498156314	5.65082550674	8.20651155231	0.472721809655	3.36303196621	7.456019998	-2.66730560625	1.91555670438	9.0	3.64821691288	
2.68389436267	5.27289551444	-0.708965453522	3.93327628245	8.98101948841	8.01803421855	8.39594964841	0.962549268628	-5.08338673053	7.00679838764	7.91642907606	7.01591383688	8.79761228429	0.417923226129	
5.75194865872	5.28052688669	7.78116487723	5.72941263398	-0.595048931641	9.0	-2.83552953007	0.267009667955	1.17308276188	1.84922027614	4.70098450414	2.07355789396	8.15369791257	1.57930551314	
2.43874602128	5.74224121673	4.7432086404	9.0	-0.0172376743492	5.38838728851	3.55300183636	8.96524164326	5.43960959275	3.97428345929	9.0	0.493799881677	9.0	2.26492347346	
5.56838502366	6.02006995984	7.11902612034	0.733812661519	-2.48118458058	8.29794368128	8.31296768259	2.37952122201	1.26975658775	6.9714897496	4.47408927174	0.77256382556	8.02750152735	8.59622359632	
7.38605836949	9.0	7.47884669447	8.98415406055	4.33447827433	7.35161430103	7.12810576632	0.662015436183	8.52591440398	8.92769832326	1.90181839606	3.41332477358	8.81440089603	8.99912079392	
6.46270145495	8.99958491991	8.92001970017	1.6693999747	-2.99644685702	5.94741622271	4.59763606134	3.44167240725	0.480864193341	0.86398625895	2.1490342642	0.320928215494	9.0	8.987938692	
6.63478845318	9.0	8.87215097098	8.20805931601	-2.14378630117	6.37848262067	8.16867214557	0.445287790121	8.69943994237	7.38961129036	8.48238230759	8.54178214557	8.81574122155	8.96382677401	
5.63824473988	5.29993064365	4.49747408988	0.275967678645	1.55138858491	8.96569471039	7.4296091169	8.98026002917	4.75182998623	2.45755702326	9.0	6.08245852755	5.37610182577	7.90016945997	
9.0	8.87852069864	1.00140071768	0.704567486137	-5.25582156142	9.0	9.0	1.21120692182	5.23531696268	6.82716927287	8.92526643154	7.8651203107	9.0	4.25904112923	
3.08145432214	5.74533155818	9.0	7.68339120603	1.30519124927	6.9380622875	8.90204824163	3.34923099403	-0.10011085255	0.33208255012	-3.56654784895	3.09691507569	8.47834138814	1.72585891176	
3.03439721256	6.24331904337	9.0	1.11953802203	-4.57827575068	5.59187918429	9.0	0.67040621451	1.63518940081	1.97182033525	2.55378481133	3.96809084224	-0.476799030321	2.11114669719	
6.53348342917	9.0	5.77622130791	0.484167075101	-1.02701894358	6.2667366276	3.98495278184	1.78823255571	4.32261806248	1.61417453617	9.0	7.47195433565	5.15660411866	9.0	
5.82151083882	5.60886225853	0.517342995181	1.14283804344	5.39774885401	9.0	1.06972914809	8.99973189966	2.467095368	8.38122457845	8.80667771892	0.89388205782	9.0	0.776853921709	
2.42335311625	5.36516474663	0.99816053512	0.452330013025	7.2266778315	6.85347229467	7.55284536695	0.910744076069	-3.14995247173	6.03685091508	-2.61718101515	1.43972368469	8.71124435356	1.69532308457	
7.01584934336	6.51674722205	9.0	0.247204446956	-3.46142641057	9.0	7.42524490277	5.77454876353	2.95450697933	3.02247227022	9.0	9.0	9.0	8.98909083988	
2.50242922938	5.66523414255	8.119489582	1.64417803011	-2.3771866632	5.51542950878	7.41526751339	0.612775224209	-4.10322554263	0.849569318424	8.62426131997	2.98455235176	4.30966713809	8.89826060923	
5.67968843336	9.0	9.0	0.703969963088	8.73612038178	6.47470319652	2.96050049303	9.0	-0.327735643575	7.71441722659	3.98054465961	7.00162488266	9.0	0.682288270632	
5.75051705476	7.99598157361	4.20090324407	0.451869799706	-5.45101319527	6.093345353	8.9974039728	0.307429098034	6.04665962063	9.0	8.99989308528	1.53441567269	-0.748103898742	4.04461552586	
9.0	9.0	8.57167810919	9.0	2.30852947065	9.0	5.22930803409	1.07049963403	4.48691499547	8.76412500264	8.29943819214	5.76571346315	4.00060154146	0.97752039841	
5.35297920034	8.53086360456	6.28321939698	1.96085921914	-6.0	5.68595480704	-4.8881774568	0.86414221947	2.64050052814	2.53638209948	9.0	2.08943830177	9.0	1.34309414588	
3.1535422311	6.4925229819	8.87515490543	0.678215040474	-1.22051828471	5.57650570024	7.33406286582	1.65698807755	4.30234897221	6.01779409743	9.0	4.5042786496	-6.0	2.09440115846	
-6.0	5.98486674362	-5.86613496332	0.557001273114	5.78685996969	6.19865324906	9.0	1.09504722718	3.4433322591	3.74248043715	8.8780970205	3.18499173049	8.53178588682	4.62980680614	
7.09865702574	9.0	9.0	1.44316140184	-5.68448636637	6.65294198893	-6.0	0.342959368567	8.95206337533	2.06343634997	7.32110756287	2.77240299668	8.86355006901	9.0	
7.25446433128	7.28082939824	8.47238829937	0.463805413522	3.76181516888	8.55498436454	8.10612962648	0.725561440367	0.614392893876	6.94301483381	7.80048026111	7.87455822815	-3.35365995005	2.50831750485	
3.43041164453	5.38358666706	6.13734905943	4.47566836192	1.63626478132	7.91568551558	-6.0	5.15464808773	9.0	2.33299270855	9.0	1.18365996043	9.0	7.22204444281	
6.64663379826	9.0	9.0	7.50972623402	-6.0	6.14361858027	1.58869072331	3.76337870195	7.0238824772	8.34646214091	9.0	0.995369820962	7.06758384837	0.308133362653	
9.0	9.0	9.0	8.49256416124	2.25749742884	8.55544057869	9.0	9.0	2.29056750994	5.62087549979	9.0	0.281792308883	8.00833353302	9.0	
2.58524162684	5.77397350074	2.78451424361	0.342597599392	5.77225891884	9.0	7.54298391098	1.28209733869	-3.98916346495	2.15122469575	7.99828293644	1.64410607288	-0.437839394722	3.75826072922	
9.0	9.0	9.0	0.704636652575	-6.0	9.0	9.0	9.0	9.0	3.83312746467	9.0	9.0	9.0	9.0	
3.67320110167	6.35149465357	-0.91274608683	6.07002951308	3.65236334638	8.09528473532	9.0	4.57514758464	2.01342349696	3.15078023471	6.95946260286	1.94605499967	4.49611675636	0.266086921316	
5.63647665836	6.18627435658	3.95203725441	5.41977050675	5.10994715436	7.98495410041	-0.453261024663	0.8954792467	6.04910985551	8.01725224634	8.99610259809	0.384781591279	6.86837152477	9.0	
8.17352951475	8.3907368459	-5.91314592655	0.667331978497	-5.98757342615	8.49697006617	8.75103324606	4.23851509169	9.0	8.38621511198	8.97720363396	1.72297664462	8.98478681061	1.56859502009	
8.83602346217	8.64187385301	6.65858688769	1.75387980284	-5.94339281697	8.98856805249	1.59756846586	0.729027947316	1.05720127717	6.42552790989	9.0	0.936019193324	8.91626977527	4.22747057987	
9.0	8.45537221735	9.0	8.95041768673	-5.76312162033	9.0	6.10456791214	0.455629037871	8.88305537185	8.94918615077	1.16480854864	2.17949942937	8.85261364512	0.780452107715	
3.62991009043	5.59382034871	7.41318361634	5.12199289148	-0.238141828965	6.58496224877	2.17546468317	5.10961101864	2.32475407119	0.807214233329	1.93910266404	0.377674862629	7.94625357993	3.23070902401	
6.14974984303	9.0	9.0	1.50398624462	-6.0	5.87010709543	8.99950321778	8.99926851315	4.60830313945	9.0	6.32158108015	0.456629430616	8.79325713326	4.41642789981	
4.72447374331	6.24495982751	8.9029518448	3.04138424043	4.28330287522	8.168226016	9.0	0.287998932743	-6.0	3.16455142995	-4.17549562836	1.68428508038	6.57561350232	2.41075754592	
9.0	9.0	8.97323886994	1.13793690236	-6.0	9.0	9.0	9.0	5.81359266057	9.0	8.99964302523	8.22732497495	9.0	0.934739038437	
2.44767722243	5.2260697412	7.03293461051	1.09900712564	0.804453447326	6.17734905793	5.33771302004	1.54912954859	-5.01691970289	0.627732509987	1.45839233228	0.67902699012	8.63239170726	6.96795194188	
1.77016789295	5.11156587133	-0.469180789833	0.762349003347	2.27883724596	5.30361453089	6.91594450611	1.3170006446	-1.59767136489	2.77583790017	4.54167880948	0.728622305686	1.58827487313	0.656951070038	
5.94211873259	5.84676647012	0.772667413393	6.80673296475	-6.0	9.0	9.0	0.619974422723	8.99130897418	3.70313387728	9.0	3.54006873642	9.0	9.0	
9.0	9.0	0.812243529224	0.817171905168	4.3355382268	8.98440357732	0.752287772501	3.25627856812	3.99475973601	5.21997662266	7.80793264481	1.1098665686	8.99946425473	9.0	
4.18185189533	5.53849636387	9.0	9.0	-6.0	7.2147368919	9.0	9.0	1.45957728737	0.806967775652	9.0	0.65655788833	5.7197845537	1.61164379658	
9.0	8.89990073894	9.0	9.0	-5.93582937887	8.64951697693	5.40324153406	0.266819047545	8.37951132198	9.0	6.43237093414	3.77907689228	8.14645345646	2.45435737794	
9.0	8.99999756567	4.89890629573	0.94473793881	-6.0	8.66836644374	8.91312465044	0.906873827589	8.93604479733	7.23343097837	3.00531642519	2.49848381893	1.49850746233	2.56015941104	
5.27159003199	8.64292515491	8.85937135085	0.508065516128	2.7234170612	5.24937545257	9.0	4.57289644706	-2.11627792847	7.19705896286	-5.59967109398	1.81516343102	9.0	0.841016714349	
8.99890955111	9.0	8.98449667718	9.0	-0.488820074743	9.0	8.99114583011	1.82065843101	8.5555343994	6.44942963405	-5.99956651381	1.40275993402	8.93307231312	2.94844040596	
3.06193587712	5.52879416518	4.76225228743	6.38347992861	7.32150583808	6.42494929497	1.42688726923	0.410150240477	-1.68043147015	7.54846527274	9.0	2.5407721854	7.6110948383	4.36964789078	
5.00047776371	7.93637662346	9.0	9.0	9.0	6.33184443438	2.636512847	5.20670159985	0.387683690885	8.97034384129	8.54322835519	7.05070755728	9.0	0.555206349966	
5.9234987147	8.99158385818	-1.52006156346	0.370826343152	3.96502371744	5.89726547896	8.92353547416	1.94091546992	2.76959929055	5.10851918907	8.96971812081	0.923574599794	-6.0	1.38226861904	
3.01805470328	6.09332382649	6.02391677602	0.940302600196	1.28668285598	5.88862214794	-2.6836214357	1.68363708453	-0.98007605971	1.11011363957	5.54994555936	1.32295946805	3.62089595373	0.539308949461	
5.86962716032	6.72039437229	2.98875747404	1.71955207031	1.59004222362	8.18335110235	6.06446844747	5.35826955618	8.85584802474	9.0	-2.37122310221	0.740094182689	8.99349841531	2.06878384906	
5.73959114318	9.0	-5.61521521122	0.830361312608	4.63767079069	8.99121017753	0.987243145727	0.763492135505	2.9166542187	1.23746427185	8.54646006021	1.01276972991	5.90172727761	2.93115051011	
9.0	9.0	7.46718816832	0.74664768915	-1.75627438847	9.0	9.0	6.56458686438	9.0	9.0	9.0	9.0	2.35008558117	2.45965647218	
5.74746890525	9.0	9.0	9.0	-5.06433924574	5.29697237345	1.51599244219	0.250213017662	9.0	5.65276611541	8.9931454007	2.31230490956	8.72558303844	7.94454224563	
2.68226171591	6.02462810267	8.80294307264	1.19344457774	-6.0	5.35781080238	8.82104488875	0.468847171372	8.99990960994	7.59164088408	8.96550483934	2.53578702329	-1.87138038343	9.0	
6.0752307973	8.45490821926	3.8322010358	1.43197513391	0.649585130745	6.0850656386	4.60172801673	4.15796692761	7.19598195666	3.87930650851	9.0	0.196683452134	-0.0290751970207	8.75387037427	
9.0	8.81972599888	8.90241167044	3.63013611123	-1.92626395788	9.0	9.0	3.4846674946	5.96100743466	8.40046105673	0.934853449917	8.8684966215	9.0	0.51861153217	
3.85632922496	6.8536263557	9.0	2.44325565287	-2.737212549	5.7675000859	5.04171611272	3.19769148139	0.822465747428	2.85947552496	6.60840000006	5.4201187864	2.58570480252	0.497460464391	
4.95717486968	7.22317560702	6.79259692963	0.393368974488	-5.97985396971	6.35512534293	2.25871531319	1.55541237022	4.76471602941	9.0	9.0	5.22177353202	9.0	2.53941090923	
8.4737839523	8.47878592616	2.14031906382	3.54767558975	1.29408381968	9.0	7.68002934618	1.07162568425	4.68948634532	8.87449592847	5.92321541886	9.0	8.99301451701	0.972115237556	
5.51337611449	8.79397073712	8.98969179052	3.13085000265	7.72048485033	9.0	9.0	1.7882683501	-5.93877452039	4.24812363201	-5.85957969403	1.15557965696	7.54425492642	0.650621731276	
-5.99022578684	9.0	2.91506439685	6.52587455862	4.30901481052	6.81457033203	8.855747895	1.20355049491	7.55642052665	7.96398501084	8.33928268449	0.712664631223	5.84954530274	1.23043850638	
9.0	8.79061105072	8.99595685573	0.649780414081	4.2186265078	8.99996812831	9.0	1.06372883166	7.9481072491	9.0	-6.0	9.0	9.0	6.07425286783	
5.83894987576	9.0	8.13535416302	9.0	3.40863046018	8.04120287129	2.85283448511	1.55142696855	1.03222681125	1.43145256205	0.914645569864	2.91314106342	8.67270102459	0.440531844528	
8.157028292	7.79682509304	8.09623527836	0.402321388514	-3.18946094342	8.99963248468	8.74275652573	3.01395069843	4.14881484157	8.96735142427	6.87274812032	9.0	5.76072381736	2.1649396769	
3.02321781152	6.11168088859	-5.44080448986	0.711406792428	-0.62619573109	5.87621141944	6.02994365326	1.76009111368	9.0	6.45081252844	6.56410554724	1.93607541306	8.72762488694	6.03616487767	
