5.06635883978	7.0442580683	7.21631585945	0.761184725238	1.81858220803	7.38716212055	-5.82892066671	5.52943692374	-2.29078904199	0.955168328561	6.62369066981	0.644722400212	8.87915515026	0.791628763766	
4.59939408985	6.29160943164	9.0	0.727607634762	-4.09969516756	6.80116475607	6.43617803529	4.88899342921	5.58805162572	6.30253029674	6.58518470044	0.40684925556	-0.0960130461203	4.2008995131	
2.60457597142	5.61753781419	0.396940610708	1.05306948882	0.129616572544	5.60943160438	3.97796316645	5.42040855727	1.04143900224	1.50146457815	2.58323568984	1.57026534145	9.0	0.503631508126	
3.28749149966	5.88586879541	8.28964605284	1.25365670679	-1.15635283787	5.8854269294	-1.35449797514	9.0	8.87229283409	2.47527595107	5.12908529474	0.235698357289	9.0	8.99999903794	
3.13233076586	6.09949711274	3.44869301091	1.74838560791	0.549072920003	5.97185579244	1.95654761867	0.830676247907	2.54518534409	1.76019985124	6.45968081266	2.61768355592	0.970805697393	1.59304577034	
2.30448918972	5.39080660016	6.61204835763	6.49259962724	-2.15243674624	5.63518996731	6.88450867374	0.421574192809	1.60770502443	2.26067091854	3.71273571867	2.35473020381	9.0	7.01894409361	
2.5574507218	5.56572216095	3.15886967521	0.870554533621	3.29199081663	5.60024274409	5.88994864693	1.3569499854	0.108051959919	5.82107740436	0.20891908149	1.62321486842	4.46043872515	0.553553003829	
3.09739712679	5.73472876537	9.0	7.58578825941	5.06964461403	5.93004384626	9.0	1.47671294998	-5.32404507065	9.0	-0.383391046752	0.401467330039	9.0	0.894109832286	
9.0	9.0	7.44892509042	9.0	-5.96852498028	8.95028665268	2.26483772088	0.774782339364	9.0	1.50072050122	9.0	3.17802441822	9.0	9.0	
9.0	8.87674210285	9.0	0.575622768086	1.07013687342	9.0	9.0	9.0	0.211520912652	8.02264379095	9.0	6.91929153601	9.0	5.57168904521	
2.73480201	5.65192249449	7.68781714407	0.703238717665	4.08626525825	6.00986157037	-5.49814633227	8.97165380918	0.931227455911	4.55114290821	9.0	3.16624155746	8.91542497417	0.507765995605	
2.9102594291	5.90428901901	7.38475149533	6.93253238153	4.44017041523	9.0	0.0614480419318	5.28577855872	9.0	8.6585107451	3.23284903918	0.44192886327	9.0	1.37275627262	
5.27749678174	5.21362886024	8.90935042049	1.64577454821	-6.0	8.78554081252	9.0	1.79724677895	-6.0	6.30408987408	8.9876763597	1.50888840422	3.97873772225	0.503960037557	
5.29468808684	6.32909864922	-4.5122802936	1.74566158412	-0.10164719937	7.59107084994	8.94704027807	3.63361840827	-3.40341506667	1.21567901837	8.99753827217	3.64173651573	7.87683372383	0.419652880251	
5.32849309561	7.34226430316	8.98455081066	0.551068455983	4.16589297635	6.86428734044	9.0	2.05194336536	2.91811419214	6.33040172269	-4.94359225306	2.412720503	0.173138649013	1.51414113057	
3.60106555692	6.401294251	5.18978990214	2.26888869796	0.383396335445	5.77203494214	7.73650805636	1.19450535225	-5.99215236327	1.25428183979	6.78342118286	0.349380529495	2.47555614382	4.40602595891	
9.0	9.0	9.0	0.612350445028	6.13950803707	9.0	-6.0	0.632884664082	5.57787811496	9.0	-1.73557676594	2.00349242339	9.0	2.50953032627	
2.76828176818	5.53304808105	3.70775698357	2.41160377417	3.02706817113	7.14990288714	4.91798226279	0.632951369102	0.372625127948	1.60071717374	-5.94464657167	0.397321802062	8.99999905383	1.85998058074	
7.79228028719	7.96641315722	0.475685643682	9.0	9.0	8.90712429948	9.0	0.528420294185	-5.04130151263	9.0	8.86945736577	3.80225198377	9.0	1.68087350179	
8.60958808893	9.0	-6.0	0.547670727018	8.98712159437	9.0	8.99998677503	0.451198287457	-6.0	8.10722534168	9.0	2.01781650173	8.99809671237	4.9885471132	
-5.99979440976	8.61455032612	9.0	5.54668350872	8.83690898829	8.81682314169	8.9256113767	2.90059080364	7.11577327582	8.93462681706	6.18193384208	0.467431692114	1.93478559832	2.33325209683	
9.0	9.0	9.0	0.515246384309	-0.301718204354	8.54959127433	9.0	6.74280901978	1.76748872049	4.09823641377	9.0	3.5918503631	-6.0	0.641510242588	
6.12654956861	6.76931414182	1.90555365605	2.16947839228	3.19433533205	8.08946514901	9.0	0.43895686617	4.43417303206	6.37057202441	7.67454696548	9.0	7.85885977639	9.0	
8.99874970596	9.0	8.93627081583	1.51303742734	-6.0	8.55801249398	-5.79208921023	3.06877228588	9.0	2.44228773126	8.98901809375	1.01490839132	6.85534971134	7.00895272873	
4.72857485759	6.67731804585	0.605784840206	9.0	5.21845168636	6.76151167454	9.0	0.486301049326	0.909880053681	7.29891616271	8.47020586669	8.22617249388	9.0	1.17612006027	
8.72697901545	9.0	8.99124364705	6.39307974708	1.00436974812	8.77908338317	9.0	0.562358649291	4.45386384262	3.73185885952	5.54503103339	7.72009653665	-1.71910060509	1.41649399619	
2.70100910785	5.30384922291	-3.2732862303	1.81666351006	0.907400455563	6.60983161819	9.0	1.27769866366	1.54750173318	1.06963822816	2.88890877132	1.98030230463	3.81454032753	1.21423061277	
5.09942647278	8.19686878179	5.63080693588	0.902334211698	5.02559427833	5.54626217832	-2.37615805174	6.40767330864	2.68186110715	7.86986436215	4.13772523319	1.12762374987	8.65325181477	0.48306086454	
6.2026905646	9.0	9.0	1.76298802419	-6.0	5.94544671347	8.51529923891	0.482462861247	0.343290113467	2.49360741836	9.0	9.0	9.0	9.0	
4.46436577072	5.45814483787	8.71225705302	1.79393592221	9.0	9.0	5.99738037866	6.3506996929	-2.35314212971	7.55539249264	3.47483481512	0.502148957947	0.315109248856	0.667059518102	
6.09158358691	7.90681381159	-6.0	0.709306078999	3.25619230941	8.9425988877	8.99352942033	0.847246813624	8.18371704814	1.19500552472	8.94050500937	0.754784297925	-2.45102457175	8.41564735539	
4.87428565408	8.1005183562	2.37153455984	3.39696820035	6.96858216767	9.0	2.45960055318	0.781502101313	5.30552970766	3.53680021031	1.36654810511	0.552094969869	6.3296310636	5.72757101775	
2.4491240178	5.26931353127	4.24989848497	9.0	3.73195259988	5.84241644123	8.99724048785	2.83607560393	-4.39244231828	5.62063393241	4.99043998567	0.36701795955	9.0	1.7311527844	
2.66418830919	5.70233490291	7.47407620659	2.96673973125	-4.72207238387	5.55162898465	8.75334469568	0.455115055249	2.85003354461	9.0	9.0	1.86153549595	-1.26146062094	0.830964535032	
7.22207490764	6.69851735693	8.58381167869	0.634522948115	-3.93972744456	9.0	-6.0	1.37451262536	7.01694416744	9.0	9.0	0.430193687705	9.0	5.26990181035	
3.13712754558	6.35214449749	5.2669941988	5.28939208663	2.06974958903	5.34887275952	2.50087801704	1.89069993407	8.94951431085	5.44879360565	4.08017258838	0.286122265194	5.17068160918	8.1777145711	
2.66361815096	6.10436218272	9.0	2.98304203469	4.27075747853	9.0	1.34322360331	3.29277719517	0.54132820437	0.697713383371	0.342523058029	1.15962461417	5.36295435368	1.88064521205	
-5.80656081413	4.11477279573	8.17966905506	0.771415444137	4.39275286951	9.0	3.02621017018	1.7139261757	-0.244196935076	2.34746908175	4.58957028088	1.20741098793	4.37180857475	0.974752597048	
2.67277886361	6.02500484539	3.15946554492	3.89036840871	-5.99994892834	5.24977440247	4.92052788347	1.75554871527	7.42886009523	7.7606654197	9.0	1.12685693531	3.51949610023	0.550507626848	
4.81232030243	6.65809107428	7.39660056309	4.06461250301	-5.37539716655	6.88769640145	8.99972458427	5.78731604108	-0.0125541087167	8.64520210449	7.27044166329	0.822084231842	8.9989973055	0.767509170964	
3.60583970806	7.06892957619	9.0	1.0753434286	-0.664298606171	5.23161144327	-2.0265743816	3.95156299284	-0.768069520348	2.70768229308	1.85780219696	0.769106331606	9.0	0.835563603374	
6.16034860663	5.96314934381	8.99939438739	0.380255903151	3.37434468755	8.89040654116	-1.91914689801	2.04332412157	8.94937756267	9.0	9.0	4.62789306434	0.238191250113	5.59390782394	
4.43883051591	7.64939557655	1.02106001374	1.9552623714	-4.73419002857	5.33316432693	8.14353813662	0.261009378718	4.66777775515	3.07256675631	7.59803917162	9.0	8.78444167689	4.32334338559	
-6.0	4.12521801807	8.78682186359	0.45310591796	8.99357267113	9.0	8.94933202357	4.89224584902	9.0	8.99999958873	9.0	9.0	5.04841508589	8.92619385591	
5.71727577627	8.99417431197	2.21209652109	2.13218554062	-1.76508679656	5.44355894921	-4.0046404044	0.860851371845	2.04837572714	0.86923582055	7.65184450255	1.21982933761	9.0	2.97071381739	
2.54306202766	5.60101528267	8.95789981494	0.787542464665	-6.0	5.55049261375	9.0	0.670171066206	8.98914024024	9.0	9.0	0.952715807671	-6.0	5.41244030704	
3.41705516071	6.36245996801	7.6453107732	1.55392375355	-0.664086949608	5.57721375179	8.32023048228	0.665548368671	-4.62937042739	0.906306604821	7.3631550704	0.762524778422	-5.98106052545	1.24936900832	
2.48605819594	5.58432160568	5.99880679179	8.56788873902	5.99030539578	9.0	9.0	4.40606855821	3.10705822295	5.21177433588	6.57148817271	1.00242359456	-0.660580678654	0.397798336496	
-6.0	8.97978553833	9.0	0.772767917744	9.0	9.0	8.99967033203	0.851137516585	9.0	4.45367251499	-4.36838241016	1.67145011662	7.48916615281	9.0	
5.28581703499	8.41345424412	8.1385575173	1.76523986367	-3.7715634564	5.41909223874	9.0	0.300444995781	2.97651154576	3.2779249518	8.8231861183	5.31061879701	-5.76407043989	1.72539325036	
3.54002752361	5.42006240981	5.45328947205	0.219276791558	5.10971326138	7.80420547389	3.75575140694	2.77543225671	9.0	4.63211786497	7.54995007046	8.98536653686	2.15428869367	8.43415264638	
4.07923982514	7.21285470829	8.55352461713	2.21191733739	-1.31204775394	5.41299468259	5.12694741026	1.00403705736	-2.64497384489	0.588666794691	1.56489779145	8.819838063	9.0	0.654104160386	
3.22315016552	6.00937573478	7.96044625139	1.26457002057	5.57660640818	6.82536160272	-0.512377644776	4.01094948682	8.58276827221	6.84803570165	6.97036689593	0.329288392704	-1.95431485204	6.29540852363	
3.27276076522	5.48252292458	1.4210684898	1.37686679822	6.06792255698	6.34488828003	8.58524027046	0.58000157433	-1.90673546552	8.76428606932	2.39261946454	1.05604748354	2.88204704512	0.857278930921	
2.73720428222	5.76787927162	2.72305224195	0.568609248359	-6.0	5.72093316559	8.84614681517	1.36037350078	0.586174587272	1.98886942897	6.04592014737	2.23797632424	3.20289931956	2.07685338	
2.57991649299	5.49766754476	5.1698711066	2.05468805715	1.75765161964	5.8426651347	-6.0	3.31664566193	-1.31305545135	2.94640816529	8.84570583668	0.490683034815	8.99929597948	1.33654803625	
3.93725300821	5.26615297926	1.60329191485	0.263183443334	7.87483624691	7.264182462	9.0	4.70466857747	2.42214293586	9.0	1.08456601073	5.44257517128	8.88497436151	4.58562892035	
6.23331881707	6.04156171729	8.48615276673	1.78913543168	0.274142501539	8.65979967425	7.96611854516	2.92602232848	3.31171180971	2.52956607632	-5.99650995854	0.20326652237	9.0	8.68420712563	
7.83802736926	9.0	9.0	1.12700476623	2.48156544639	7.44250537306	-1.50959131659	0.734565355542	5.75867689934	8.16169793476	8.99450730367	0.834064672286	-6.0	0.816769172816	
7.34152930318	8.15230316015	-6.0	0.54342916802	1.42258771398	8.40115976732	4.51825363278	2.36948931209	3.25618146067	1.15645131979	8.99999818698	2.344092199	6.80393515298	4.87483895318	
2.5716147117	5.23022442402	8.36498074918	1.22761835369	5.85247480683	9.0	-6.0	0.829132138475	-1.68665801854	2.85053607537	9.0	9.0	9.0	0.604611167728	
8.9654578672	8.99908556038	9.0	2.73714129111	0.736603278972	9.0	4.61855677824	0.74756905198	9.0	8.99814562358	8.35881466083	8.42729583523	5.64936808669	9.0	
2.79492876292	6.04987767326	9.0	4.3649205342	2.31600619323	5.32282726065	8.99981644087	2.98544899636	-0.725433954511	7.38879986644	8.22821040645	6.67576136774	0.80351283999	0.266910780688	
9.0	9.0	9.0	1.10024726461	2.50543246282	9.0	4.21594686323	1.78204639267	-4.54081690587	9.0	9.0	1.02246143592	9.0	9.0	
9.0	9.0	9.0	3.92498845044	8.86943621384	9.0	9.0	0.45811474287	-6.0	9.0	9.0	9.0	9.0	9.0	
2.67891612612	6.10903807699	8.43457829055	0.562597339228	2.09839967196	5.22646631505	9.0	9.0	-5.0381849395	8.72097727583	4.54006057412	0.777015582597	9.0	1.88580341677	
2.88635591074	5.90668810224	9.0	2.93627434037	3.92934345142	8.25611319171	-1.05395466632	0.548592209484	6.80223539599	1.47449655671	9.0	5.2013284317	1.24542957471	9.0	
5.21659064712	7.73857314028	6.95071282311	6.27457810186	5.36349066671	6.41918370375	9.0	0.60911357755	0.0603255412317	5.83320914968	2.42997929115	5.84249827513	3.59310653629	1.31563998498	
4.83166395203	6.19413765716	8.78367915146	2.23027110037	0.937027311913	7.24782502652	2.85563933861	0.518629799594	0.465473561204	1.87984301171	5.29033927792	3.88317132269	-2.39303243929	0.609809660275	
4.6668915409	7.52284264091	-5.15473885196	1.98769223835	1.02815146766	5.9246861003	3.95979149288	0.386060730652	6.97876508417	2.39445400924	6.15585327486	0.929192330887	5.46383401561	5.62398939909	
8.48142824589	8.45660399116	8.56979188174	3.47863960449	-5.32450862847	9.0	8.99897061616	4.73208383873	8.04595512039	9.0	7.80421457956	8.09524239088	5.39507750293	0.742266093114	
3.0713170507	6.28229804065	9.0	9.0	-3.88720411779	5.48484952059	8.07706675575	0.413405849997	-0.489430107121	3.15138209619	3.21053247691	1.60396202214	8.60408786523	3.28537636573	
9.0	9.0	8.37878900837	8.99991381137	9.0	9.0	0.0047786654706	0.370676549467	2.00737484748	9.0	8.8953648817	9.0	9.0	2.59856095593	
8.76621267059	8.98057651847	1.89756515089	0.459621748217	-6.0	8.4533886075	7.5329478496	1.47611512043	-2.80476076803	5.00993799919	8.98827680479	2.05643230538	8.53935189651	1.98752856682	
-6.0	9.0	9.0	2.61685967082	5.33125955773	9.0	8.87852527561	9.0	6.04496727597	0.45860406093	8.99996353892	3.53698399876	8.73969165838	9.0	
9.0	9.0	9.0	9.0	9.0	9.0	8.86168323438	9.0	-1.27273093913	8.68086422462	8.72078980008	0.244468794541	9.0	8.82697930552	
6.73107308047	8.75847336917	0.990795191382	3.4503317876	-1.17420441108	6.55045894958	7.6537364044	1.28729125026	7.88061556088	0.917278999099	0.484740769333	4.04844020642	8.13509730735	7.3937466165	
2.88210506984	5.2660048609	9.0	1.6444802448	-6.0	6.18680321914	-5.29839827821	0.685266464687	9.0	0.940093130598	4.67646463461	1.14176962165	9.0	9.0	
9.0	8.92052175568	8.37199576566	7.23578173136	-6.0	9.0	5.08629821148	3.09858821263	0.189296865926	5.42660448144	9.0	0.645126579127	9.0	1.81915647145	
2.70754789093	5.41507802999	9.0	0.311283220983	-0.590840557377	5.83372989763	0.769517363196	1.76812458378	0.17303111974	2.06269554671	-3.12483160479	1.38694068232	8.22691643281	2.06136665604	
9.0	8.61038658464	-2.62674747654	0.678830345556	-6.0	8.904646772	8.99990468929	0.701553948643	9.0	1.29389889492	9.0	9.0	8.97681826146	8.77699747735	
9.0	9.0	9.0	1.59465586453	0.331507393468	9.0	9.0	5.05139375418	5.82711709271	3.17685788978	-2.78074135619	9.0	8.17206486922	3.18030366769	
3.49796023777	6.62906593339	4.93931523248	0.376171746196	0.344871855074	5.53734103484	2.97723405796	1.90184543425	6.05095027525	9.0	6.63616238934	9.0	8.98760604321	2.77146108044	
7.73654070748	7.3654975472	9.0	0.856300959243	-1.32399886444	9.0	9.0	0.77496759861	9.0	9.0	-4.08991064124	1.06431210695	-1.27277841239	1.48998274593	
5.77410974055	6.08514306683	4.0693296464	4.69861430221	7.86177379557	8.48325077885	8.94829082232	2.83286174766	-0.310952168397	8.63037393518	-4.87791901569	1.06160270708	9.0	0.551518454416	
3.39202099949	6.140498342	8.75362490702	8.99387924567	0.870469957395	6.13394184115	2.97311922885	0.472343879821	8.01674212267	1.72604604327	6.35283973048	1.91213944751	0.460391218089	7.25859789219	
7.8356860178	7.79640075354	9.0	8.9636237769	-6.0	9.0	8.56590741362	1.36193483135	-0.0282457711424	2.13028573784	8.8644476876	5.05628292574	5.29591505205	0.824287914054	
2.39035459269	5.68749218778	-0.662992017811	0.7505409677	0.724210649441	5.49233087657	3.88232912276	0.803431183289	1.28495018068	2.00606803313	3.78420902154	2.37772506205	8.91525274063	4.88860794521	
1.95502511061	5.35383968812	0.789382696883	0.446200083828	0.0509941934406	5.24082045175	9.0	7.24889457031	-1.29234350516	2.47559415226	6.72945675436	1.90595167879	4.78189816151	0.952535888747	
5.52371421406	5.35339755062	1.01835674945	0.445132753389	2.47204866863	9.0	6.78679909545	3.14913004523	2.68043863006	3.2862624985	8.79687194609	8.71656804879	6.60430825311	5.67175084817	
5.77035719397	9.0	1.59099893514	5.45906586842	5.00501794435	8.91264255237	4.32423962219	9.0	9.0	8.192720706	7.54721844665	0.710365890347	9.0	2.63771236014	
8.24632947189	8.1246400464	9.0	1.24395370772	-5.25235319863	9.0	8.99851714966	3.47538125497	9.0	1.52314176015	-5.90785507355	2.97816116224	9.0	8.29215359795	
5.54593059336	5.18479730466	9.0	2.05408097061	-6.0	9.0	3.88569513228	0.408576168868	5.40688181618	1.19896493715	9.0	2.86944900553	1.27329013866	9.0	
6.16416697769	9.0	9.0	0.333541170894	-5.96453857048	5.77950385727	7.31995109495	8.64840329694	8.99971331543	3.17651606846	8.95421530685	8.99895393275	9.0	9.0	
3.25753009227	4.93825304925	8.97261730999	0.867502649846	-6.0	6.92228714488	9.0	0.537682527652	9.0	7.06302906667	-2.48606231547	9.0	9.0	2.93271850911	
6.31052205656	6.93181077474	-3.3876371442	-0.354631298505	3.38943137726	8.83054625321	-6.0	1.45769998711	2.01450307033	3.61910154815	8.99999773339	1.38201158036	9.0	0.180246627288	
2.2973285685	5.36660118715	8.77011851346	0.93107604266	3.96050218642	8.98929909243	3.91282056663	3.49752867114	8.16503137404	7.40940692873	7.52353347764	8.57121373636	-0.171963848613	1.33722414763	
9.0	9.0	5.00713507181	6.5607701633	8.50753138466	9.0	9.0	2.37109632921	9.0	9.0	9.0	0.427295968429	-5.96579397845	8.82500091638	
8.6825404099	8.33598525003	6.83378845195	9.0	2.00304247137	9.0	9.0	5.83651180539	8.58305744908	9.0	8.49573770342	0.325075806764	-1.05924814509	2.85875009749	
6.24888730652	6.44025313623	8.40941989485	7.41300717454	-2.31446988553	8.6264231424	7.05833350884	1.02923373796	-6.0	1.35413323071	2.99210988281	0.962187017151	8.99858153517	1.43668741928	
