0.971072603937, 50, 20, 3, 1.0, 2.1, 2.1
0.974980956626, 187, 20, 3, 1.0, 2.1, 2.1
0.889008639819, 84, 20, 3, 1.0, 2.1, 2.1
0.956688090505, 93, 20, 3, 1.0, 2.1, 2.1
1.08857058433, 160, 20, 3, 1.0, 2.1, 2.1
0.878314781425, 122, 20, 3, 1.0, 2.1, 2.1
1.01983886549, 109, 20, 3, 1.0, 2.1, 2.1
1.0822659239, 25, 20, 3, 1.0, 2.1, 2.1
0.982270693256, 71, 20, 3, 1.0, 2.1, 2.1
1.02119915719, 101, 20, 3, 1.0, 2.1, 2.1
0.488814255741, 71, 20, 3, 1.0, 2.1, 2.1
1.03682411915, 68, 20, 3, 1.0, 2.1, 2.1
0.909741873006, 58, 20, 3, 1.0, 2.1, 2.1
1.0921036138, 115, 20, 3, 1.0, 2.1, 2.1
0.597599201319, 46, 20, 3, 1.0, 2.1, 2.1
1.09406226544, 69, 20, 3, 1.0, 2.1, 2.1
1.04125162029, 102, 20, 3, 1.0, 2.1, 2.1
0.798029422754, 57, 20, 3, 1.0, 2.1, 2.1
0.929003072278, 109, 20, 3, 1.0, 2.1, 2.1
1.05484624163, 82, 20, 3, 1.0, 2.1, 2.1
1.09263999451, 104, 20, 3, 1.0, 2.1, 2.1
0.558181299159, 42, 20, 3, 1.0, 2.1, 2.1
0.47547114106, 88, 20, 3, 1.0, 2.1, 2.1
0.861034545769, 201, 20, 3, 1.0, 2.1, 2.1
0.87308194399, 51, 20, 3, 1.0, 2.1, 2.1
0.970321757035, 64, 20, 3, 1.0, 2.1, 2.1
0.515118439584, 111, 20, 3, 1.0, 2.1, 2.1
1.0770421484, 100, 20, 3, 1.0, 2.1, 2.1
1.09063198849, 118, 20, 3, 1.0, 2.1, 2.1
0.499281666919, 146, 20, 3, 1.0, 2.1, 2.1
0.859482756723, 118, 20, 3, 1.0, 2.1, 2.1
1.03739203969, 113, 20, 3, 1.0, 2.1, 2.1
1.05357522088, 53, 20, 3, 1.0, 2.1, 2.1
0.98977232569, 195, 20, 3, 1.0, 2.1, 2.1
0.870778361635, 208, 20, 3, 1.0, 2.1, 2.1
1.00996488493, 121, 20, 3, 1.0, 2.1, 2.1
0.442002087889, 123, 20, 3, 1.0, 2.1, 2.1
1.07527654024, 75, 20, 3, 1.0, 2.1, 2.1
0.771426643465, 84, 20, 3, 1.0, 2.1, 2.1
1.06987302425, 162, 20, 3, 1.0, 2.1, 2.1
0.923060918582, 46, 20, 3, 1.0, 2.1, 2.1
1.09621101567, 61, 20, 3, 1.0, 2.1, 2.1
1.08503711238, 266, 20, 3, 1.0, 2.1, 2.1
0.944507942288, 88, 20, 3, 1.0, 2.1, 2.1
1.09443056578, 52, 20, 3, 1.0, 2.1, 2.1
0.96261188733, 64, 20, 3, 1.0, 2.1, 2.1
1.08763168901, 47, 20, 3, 1.0, 2.1, 2.1
0.595241695349, 47, 20, 3, 1.0, 2.1, 2.1
0.572635942803, 82, 20, 3, 1.0, 2.1, 2.1
0.960449284804, 120, 20, 3, 1.0, 2.1, 2.1
0.750230558891, 80, 20, 3, 1.0, 2.1, 2.1
0.865453279843, 191, 20, 3, 1.0, 2.1, 2.1
1.08496927469, 29, 20, 3, 1.0, 2.1, 2.1
0.872240151693, 77, 20, 3, 1.0, 2.1, 2.1
1.00626348592, 74, 20, 3, 1.0, 2.1, 2.1
1.05500661076, 87, 20, 3, 1.0, 2.1, 2.1
0.695879364802, 26, 20, 3, 1.0, 2.1, 2.1
1.09334982235, 279, 20, 3, 1.0, 2.1, 2.1
0.431805219373, 44, 20, 3, 1.0, 2.1, 2.1
1.00841236096, 92, 20, 3, 1.0, 2.1, 2.1
1.041806332, 60, 20, 3, 1.0, 2.1, 2.1
1.09654605457, 167, 20, 3, 1.0, 2.1, 2.1
1.01194457191, 101, 20, 3, 1.0, 2.1, 2.1
0.571802565246, 34, 20, 3, 1.0, 2.1, 2.1
1.04519835077, 50, 20, 3, 1.0, 2.1, 2.1
0.940151047568, 78, 20, 3, 1.0, 2.1, 2.1
0.695916284527, 58, 20, 3, 1.0, 2.1, 2.1
1.09936112592, 288, 20, 3, 1.0, 2.1, 2.1
0.946892032795, 122, 20, 3, 1.0, 2.1, 2.1
0.977406785191, 40, 20, 3, 1.0, 2.1, 2.1
1.09360818578, 86, 20, 3, 1.0, 2.1, 2.1
1.06851376355, 99, 20, 3, 1.0, 2.1, 2.1
1.05407358027, 105, 20, 3, 1.0, 2.1, 2.1
0.888250680711, 110, 20, 3, 1.0, 2.1, 2.1
0.468398234244, 45, 20, 3, 1.0, 2.1, 2.1
1.024521291, 77, 20, 3, 1.0, 2.1, 2.1
1.08752402918, 88, 20, 3, 1.0, 2.1, 2.1
0.908317506187, 36, 20, 3, 1.0, 2.1, 2.1
0.683904148526, 79, 20, 3, 1.0, 2.1, 2.1
0.84582367797, 53, 20, 3, 1.0, 2.1, 2.1
0.988820134597, 45, 20, 3, 1.0, 2.1, 2.1
0.57455950924, 33, 20, 3, 1.0, 2.1, 2.1
1.0529236495, 162, 20, 3, 1.0, 2.1, 2.1
0.937191149038, 205, 20, 3, 1.0, 2.1, 2.1
0.82591410216, 107, 20, 3, 1.0, 2.1, 2.1
1.03116526175, 173, 20, 3, 1.0, 2.1, 2.1
0.979034323948, 136, 20, 3, 1.0, 2.1, 2.1
0.933841217947, 108, 20, 3, 1.0, 2.1, 2.1
1.04791362435, 150, 20, 3, 1.0, 2.1, 2.1
1.05323808818, 100, 20, 3, 1.0, 2.1, 2.1
0.963322628792, 90, 20, 3, 1.0, 2.1, 2.1
0.892360115881, 96, 20, 3, 1.0, 2.1, 2.1
0.970658844702, 71, 20, 3, 1.0, 2.1, 2.1
0.964886307651, 66, 20, 3, 1.0, 2.1, 2.1
1.00231679639, 70, 20, 3, 1.0, 2.1, 2.1
0.128027757741, 152, 20, 3, 1.0, 2.1, 2.1
0.620930608422, 110, 20, 3, 1.0, 2.1, 2.1
0.929692072699, 64, 20, 3, 1.0, 2.1, 2.1
0.987818119185, 83, 20, 3, 1.0, 2.1, 2.1
0.587336692041, 75, 20, 3, 1.0, 2.1, 2.1
