-0.660959791207	6.91494869052	8.99999976875	-0.392075913639	-5.9861987179	-1.5158700852	-1.9295233713	-2.25439337159	4.97978671135	-3.36339147504	-5.91111544041	2.23807534487	-2.40253395364	5.82596180058	8.56335782212	2.56781927782	-0.262880732456	3.20424166368	8.99999976796	2.11807658582	7.08301365177	0.0684701345906	
0.344301073453	3.84177041774	6.87201237882	-5.99999999998	-4.30411487098	4.082048189	3.02516738748	4.02347177675	8.3425065712	3.7207965371	-0.670266995207	7.84368947636	-5.99999999996	-5.46014311567	8.47216072109	-0.2297533067	5.47549031909	7.65963708522	-6.0	-5.90399909223	-5.62329683222	-2.72583389048	
-5.44395528787	-3.05373570186	-0.480007989639	-5.15786943355	-5.99862062372	-0.937121346001	-2.43463479769	4.69035487447	8.50723244527	-5.99999999961	3.81964431393	5.60114485041	-5.99983213248	-5.9996433206	-5.99999999067	-2.87087383872	2.38218359238	0.259471498352	3.1879882885	4.18196976204	-5.2605512787	1.36259330467	
-1.15441507904	7.4385615471	8.99999988078	-0.240554270452	-0.302322920999	4.25495312737	2.50776681828	-3.02865952	8.47649831815	-5.99613043671	-5.3629980952	1.29939368163	-3.39295550064	6.342184795	-5.02484665288	-5.0418796347	-3.57200136869	1.82384990489	8.9970124372	-1.82225090391	8.67282046162	-0.525332857177	
-2.34942838174	2.43514963788	8.87675908517	8.57929717695	4.52573727174	8.99479464601	8.35941132373	8.04860149696	7.27952620402	-5.9999985894	4.03973048402	9.0	-2.52836404135	3.05023959406	7.57568701727	-5.89930270486	-6.0	8.99999999992	8.99991457507	-3.40831110359	3.48313276494	-5.12402079774	
-0.855260962898	1.96381242962	4.51706298982	-5.83124679473	7.96969443811	4.15780704793	3.40590209548	7.56576991813	6.95186137287	7.01531813326	4.1795520594	-5.80410681211	-0.326907933532	5.46178658348	-3.49573608952	-2.50476068343	3.46075428621	8.99802239787	-3.94954544216	-5.4910301027	-5.98736999802	-5.28910371523	
-2.00264091006	1.18439324328	5.44162518098	0.55805399558	2.98056534903	7.70100673551	3.80418881633	2.19031147193	0.0953653692908	-5.99945641375	-0.177222394806	3.02271381029	-3.08904801879	1.2711032354	-5.9954110307	-3.60452878519	4.88022405217	0.0699078309588	0.60219846737	-0.15841362986	7.69901198156	6.00697902784	
5.12854727584	8.9847808777	2.7111573497	1.68047131744	3.22662922583	7.69696963657	4.80448854423	-3.58553870769	-2.95485281854	-4.2468704692	8.29808134425	3.01554461251	-5.88346928873	-1.19106052105	-4.87167878986	6.780861492	2.70218358146	-5.97820657296	6.57543519398	0.783222073053	8.66500528888	-4.07983706538	
-0.705372634324	1.86236077792	3.5502868957	-1.05799439994	-1.57449578086	2.80138863313	1.85106948131	-4.95823152738	4.17706131477	4.06319067849	7.57542784892	-5.95121251782	6.42992430795	0.830015236756	7.90034820721	7.00753623594	4.59318998613	7.42370011147	-5.8415147441	3.82784619757	-4.43339731517	-0.0555897852449	
8.9999999361	2.70625121605	8.99999785589	4.4256562244	-4.71157920833	8.99997374096	-1.11889786104	5.86730094566	5.56399505768	-5.4345397783	-5.95229081966	-6.0	-2.22858924909	-2.20198589654	-4.12797058595	2.11140060194	8.28763567684	-6.0	7.59970384131	-5.74273191918	7.73636681402	-2.527601155	
-4.27367981903	-2.42525451236	0.507623789295	-5.99999999999	-4.2141396658	1.07807048592	8.29052261832	9.0	-0.232497782467	-5.99873650443	-5.91980152385	-5.99999999098	-5.9999999996	-5.82642288051	-5.99999999218	-5.99999999757	8.56579142921	7.32451088238	-5.99999956238	-4.58829784579	-5.9792618763	2.48971921258	
0.366842707109	0.355562143276	-0.726855416196	-5.96744930339	-5.99999999999	1.8182705496	-2.51982850667	-2.26393739064	8.73607019324	1.29389956989	8.96513014992	8.92172295709	-0.40662941952	3.52376415088	-4.60753885295	4.71073095933	3.7081217755	-0.503855164606	3.46437614158	-4.25420945591	8.88848365731	-2.13346823966	
8.99996744956	7.5169148815	3.28071003098	5.95252377231	-2.35610973207	6.15400724078	8.57808748755	8.68761166148	8.83481012761	-4.68880504371	7.41455738694	-5.81208612043	-5.86230419038	-2.87469823983	-4.19657963733	3.65823171938	-5.84124190694	6.25554420757	-3.46085945593	7.46106833955	4.80235200976	-1.80434129463	
5.21638980675	-2.37449801085	-0.447960817582	6.09290328112	-5.99956022723	8.99999925726	8.96912399051	-5.79333887193	8.82681951869	5.40320528382	6.91750257189	-1.90338377227	-5.99447521756	-6.0	-5.72278871372	-5.04141067071	-6.0	-6.0	-5.53021788281	8.96877542389	6.46694822846	-6.0	
-3.30897657193	-0.389038644498	1.82172505217	-5.99840396865	-1.64316419375	0.498262287164	6.57145162239	8.89874930088	9.0	4.79574335323	8.93149631742	3.23954294763	-4.26657883477	-0.616233626935	3.68210510044	-2.67722238767	8.65731058591	4.25535650815	5.65538979434	8.63954680839	-5.99745879153	8.97375219367	
1.57416093693	8.93766087312	8.96992046006	0.89501939814	0.178646117481	4.6768361662	4.00881095498	7.0006314493	8.490345805	-2.42717841998	5.3622709867	-4.7983870929	-1.58281018325	6.83112594065	-0.66762752628	0.762563917739	-0.902402259749	3.91491056736	-5.8941939351	-0.42999673228	2.54634909327	1.83717306673	
-5.99999999998	-6.0	-0.800788777034	0.522065985591	-5.99999999998	1.09992884014	3.05626971035	0.559197320001	9.0	-1.34928690335	-4.93040040344	-5.07248851038	4.23998658339	-6.0	-5.40855888978	-5.9999601248	5.64559988265	-4.66710785184	-5.99999861955	-5.99964821097	-3.38661857794	-4.43737254822	
4.05663040664	3.34244049401	8.37719245945	3.50818754311	0.190025590318	8.36884182136	8.78577128151	5.12912838819	-1.38394913479	-2.77969520289	-1.66255767054	1.6087654469	8.99967611495	-6.0	-5.99997338715	-4.78634350517	8.12330296669	0.0668158698154	-5.97844955181	-3.1062061669	-4.97392593817	-6.0	
0.769499648379	1.22483422134	8.05545315578	4.43665605742	1.9140528966	1.25342437861	4.78940221105	-5.93132337846	-0.558483124681	8.5733003678	-0.295728375063	8.95266764478	5.03565559202	8.84120311898	-2.26336120403	1.0214155636	0.954824987195	4.92506707479	-4.29650143359	1.07117053225	5.67205290743	-0.421029898855	
5.95240617778	8.98400050852	7.66478539021	3.16656323776	-2.83991544792	1.88131650339	0.754137592499	-2.2206785949	8.34193953128	6.83539545427	8.99756103947	-6.0	3.7931649691	7.93034590432	-5.99228801778	-1.55683028577	-5.09047491327	6.38340946568	8.60924184184	1.13486997012	1.44147824438	-6.0	
6.20360549362	8.99408785143	8.99621427609	4.41548328593	-0.761309837809	2.69708444976	1.64462485689	-2.95729856752	2.84657912414	4.15131339305	-5.9849989318	-3.8826338509	0.407294418665	-6.0	2.32381759275	-2.11745226008	-4.28484964705	3.11228223644	7.23477832064	-3.16006700519	-2.13149114013	2.96835416091	
3.64463845169	4.0447775597	7.5396030015	2.75055651122	0.866412398556	7.90147132016	4.53080036027	0.875558732226	8.63177843662	5.01919951967	5.01441029336	7.99160341153	-4.04573904086	-1.00994101901	8.75190281061	-5.37350844927	-4.67609780463	-3.40940471321	3.17421689235	0.206080275491	-5.78772113983	-5.17383681898	
-1.82320841264	-2.11077421414	-0.0613052289633	2.67650106558	8.99999976892	2.51924468511	5.30551916211	-5.99322793687	-5.99977452314	8.08078833517	-5.87239662101	-5.21088353462	-5.75476123579	-4.52497355471	-0.208227755756	6.05155699254	6.50485883968	3.32868833571	-0.018911746502	6.47892574418	-1.07790796615	8.87742875635	
-1.42368699707	1.70134969289	8.28827595521	3.52839713649	-1.25299560988	3.46640239663	2.05449114104	2.75692785049	7.68285651329	-0.734936490656	-2.94944198517	-3.64924463861	3.00426522513	7.17050613725	-1.04472311975	-0.500372714827	-3.91181255263	0.868126696025	3.8928772872	1.47276369562	-5.86037593883	0.151859833505	
-0.597009420458	2.36310340504	4.82071189944	0.00477943758033	3.92044771224	8.48385103338	2.98164190025	-1.3112950811	7.55554510323	6.06076023365	1.77474788669	2.47860542514	8.48082244324	-6.0	8.14159353187	7.55139971463	-4.74503581177	-2.71047548553	-3.16108099845	2.60257113895	4.0257274959	-4.91907050633	
-1.1716801553	1.42961061255	8.99999999999	4.12215805841	-3.44787174736	1.46163608769	0.280561390108	0.668518763476	8.99990235588	1.36920996652	3.74734490292	4.15302371563	2.05879956576	-2.23041139477	-5.99999999998	-1.39223080317	3.51462429097	5.03072313411	-5.99999999998	-1.76589743543	5.27473114657	-0.515227464406	
-2.47805212948	0.35504149975	-0.680430643155	-5.50037073131	-5.99568708696	-1.35554143116	-2.39315419467	-5.11710259078	8.03799991745	6.14110626971	-1.12589079671	-5.47656853568	8.94837634125	8.93511071491	1.39583420262	-0.374661449837	-5.99999999994	-2.72923708156	-2.85188967787	-2.86453547465	-5.71564908623	3.27619040503	
8.69691870951	1.57533010688	7.1516451884	2.59015801857	-5.74409295321	8.42285485836	-2.04552493248	-5.09050022067	4.0988840803	1.75276403656	-4.99546282511	-2.26869217374	4.36590532631	7.47689255713	2.63892848009	8.10867169037	-5.92393354067	-6.0	8.66957942832	-6.0	8.25577317541	-6.0	
8.81123892395	7.87825983327	2.81427948032	-1.94620164692	-2.57657219513	5.77316800376	1.31022378357	9.0	9.0	-5.95448498368	6.58391508314	-6.0	5.49384639222	0.699526720912	-5.69645801821	8.9999996818	8.39197221735	-3.82345425148	7.52693593749	8.84559973206	7.0934870021	3.28330586947	
-4.03874974061	-1.83811079537	1.0043599607	-5.98182012813	-2.11028697161	-0.177282115425	7.88983127727	8.89604690037	2.06157105821	-0.602615923872	-5.16685008082	-5.97580278577	-3.41829572503	-1.28798009091	-5.01726626067	-4.42553852542	-4.01349011945	0.727076503468	2.15742545689	-6.0	-5.98010506466	-3.36980932745	
-3.04739044826	0.0937439978461	8.96880608111	4.30852437074	-3.06298546012	1.62502782416	0.302742664949	1.20738842692	7.87870815586	-1.49012532002	-0.415442444881	1.45073702043	-4.16226212017	0.0525656098692	8.13635106845	8.99997126325	-3.44646001616	-0.107687847576	-5.99614354708	-6.0	-2.81809030404	2.39479807328	
-5.99876447972	-2.82171019955	0.954855256279	-5.93275596145	-5.92054602662	-1.33466202681	-2.94861881242	-5.92629755585	8.93157438958	6.55609044149	4.60405514084	8.99945055719	8.9989400069	8.99998157821	8.06857575883	-4.97134693305	8.99998585444	2.68867298613	8.62603588313	-5.98767270371	8.99996303481	8.08780912368	
-4.05908306828	-1.85851832487	0.946995531123	-5.92036310263	-2.4574173718	0.599944464345	-0.52960237403	0.360834540431	2.49775702224	-1.41224593614	5.19852011644	4.96588780431	-5.93066052322	-3.84035551812	5.98688104182	-5.41363458119	2.78524010574	-1.44073802624	-4.30415674448	-5.64527582918	2.92095104065	-4.8669416549	
1.73502482372	-5.99999998867	5.59924625222	1.30787560094	-5.99999996587	8.99999995575	-2.20118462626	0.610852852082	8.99999999728	-1.34151244242	8.12462622414	-5.10964324561	8.43991711634	8.99999617537	0.880370970157	-4.81920103799	7.53545240659	8.00044612125	-5.87178916549	0.769253285218	8.99991303538	8.97032912126	
-2.32104692664	1.22252564926	7.84115877742	2.34654213719	-0.337455294986	3.66520944655	1.40831897753	-5.61461165855	5.2533068236	5.6077561494	4.85817488903	8.99697465584	2.2540728344	6.60599193509	1.361576696	-4.40018479935	-5.4763554404	3.80130044987	3.51203436897	-5.98097808233	0.427524899221	4.79382402527	
6.09837853823	8.98795590095	-0.838860263848	-5.99890929653	-2.77829921658	1.55557479587	8.87931970263	2.21481148793	-5.99894598377	-5.99197070217	0.47885978105	-5.91747523731	-4.4921004293	-0.6403418485	8.93386127779	-2.97331135447	5.00748087	-5.16933067751	-5.79342936514	-5.94790469851	8.2839262074	-1.79810438619	
-5.99998483044	-3.05259788827	-0.606011833673	-5.40411847592	4.42585986491	8.99524898369	-2.41260486798	-5.8735241626	-2.25616047462	-5.87543432893	-5.9953256915	-5.99524759446	5.08286391322	5.13167273446	-1.04582540481	-4.67858530979	5.82201226209	0.830891749517	-5.89650441013	-3.38500455823	-5.7868977569	1.05577159885	
1.59859201229	4.51571452088	8.99982991563	4.08130163234	-5.99969803219	-1.2944965724	-2.31188583408	-5.72932038977	4.04050269643	0.749076964599	5.71272055905	8.99995181459	-5.69478794797	-1.81284112289	5.66931262117	0.644041303525	-4.03712679208	-3.79603317901	7.91081638051	2.79431573298	-1.52352074036	-5.85557668701	
-0.930148683249	2.95763826154	3.66548355235	2.17108427568	-1.64735217847	2.52995185085	5.29762081203	-5.99402738352	1.9030534736	1.91504903215	8.9410204139	-3.23477161922	2.2082965406	7.0477220707	5.88854016665	0.731061005544	-4.1510057822	-1.49282837582	-3.83209032669	3.61064761873	-5.25550478702	1.41140607088	
6.09517762173	8.80969651601	8.36488625096	3.56921083017	2.97706073225	7.60498554037	6.62829410554	3.57713869104	4.46276071077	1.98228594169	8.82118654071	-5.94556311326	-5.32558465136	-6.0	3.04675502688	-6.0	-3.17549843854	-0.598392664201	6.98727164179	-5.82667497249	2.55480839938	-5.99272147056	
-2.41773308948	2.14135843234	8.9502941518	1.69781374669	1.54679972024	6.06853762871	1.31061773568	-2.82002780572	5.64588343597	-3.02974663708	1.39123713959	7.25393918623	3.26400976659	8.63592818079	0.734996016554	-0.962892058314	-0.173444295375	7.40883695109	5.5954094493	-5.99949459599	2.08361324002	-4.03832663418	
0.75793464972	3.42624569138	5.77797528901	0.0192355110697	1.82157775185	5.92227675326	4.33444776337	7.6135815352	7.96627246042	0.87590371521	0.747871157165	-6.0	6.10546132753	7.05465932747	7.99039865448	4.56729122937	-5.89103264284	-5.88391059222	8.71817661534	-3.28986033869	-2.30724145323	5.65714302633	
5.73057803644	8.99988352172	8.9987805663	8.98481853467	-5.99956880119	-1.34596830691	2.54215599648	-4.465406107	8.65767928513	5.03809887686	6.08934926293	8.86819197877	4.52426353463	8.81177792672	-5.91991475571	4.17131694367	-5.78599744353	-0.76776763163	0.577744521314	-6.0	-6.0	-6.0	
4.91007818886	4.8784270118	0.00408523776881	-0.434052418512	-5.62016786858	2.07848209034	3.41545196494	-4.56053492101	4.55567700645	3.79153220156	1.03970649744	2.85481000226	-4.62250132146	-1.43356936423	1.25956094217	8.52785654466	-5.99999976864	4.89182963273	7.30087979767	3.66945614374	-3.70396174223	1.33760018938	
-5.81855001564	-3.16213983277	-0.229238796911	-4.66954528306	4.43831891349	8.9706329701	-2.21381992479	-4.82291979803	8.11114393368	6.02367852193	-1.39674901017	-6.0	7.3652253445	-3.28139278101	8.99769729134	-5.94918077744	-5.8750725345	4.40631476512	-5.7618441278	-5.81295691176	3.80698034984	-5.99260784522	
5.74893087341	7.90724836012	7.4438161972	3.23600167567	-1.51908768203	3.26196141637	2.11501976397	-1.22413003189	6.06396383658	3.51326115295	5.85129585691	-5.91308477637	6.57652071448	-5.9969943163	-5.39521324824	8.70972089842	0.512571286219	6.31506361208	5.46412805168	-1.76676658882	5.98060199287	6.85398156075	
8.99999999494	4.14662689613	8.42355842352	3.86180047944	-4.54309448492	7.39144141152	-0.803960744773	-0.349861010343	1.61987472928	-3.55740188975	-4.76452954032	-2.03636292081	5.88864905846	8.99996969978	-4.97504797974	6.07100960129	-4.64286910051	-6.0	-0.167415864882	-0.203947753411	7.95053683171	1.14393773018	
-1.20395844967	1.70721739923	3.7508195765	-1.03817051448	5.62692380136	3.14873847019	1.94344825642	-5.41016969307	1.8951927117	8.99867443297	0.920981183937	0.594600095517	-5.91305438877	-6.0	8.07604738791	8.38091553769	7.08726352081	-5.76848157046	-4.35508628938	-3.19248055133	-5.90412862234	-6.0	
3.50942807949	6.40970026842	3.19587763007	-1.62601603362	5.78083568817	2.40802901728	1.4115412402	-4.32172989826	0.717420330691	8.67936426527	4.68767171695	4.83067403134	2.79852059911	7.09497226867	0.859868835458	-6.0	8.97695281881	-5.4036094658	-1.19920768425	6.07842931706	5.18654680595	0.989353462824	
-2.48148927741	0.248742272325	8.99851192781	4.3690563321	-0.818758899251	3.92955792836	1.36251730974	8.88498217668	8.92894711349	-5.97910731084	-4.35017227071	-4.34994689673	7.66960948193	5.65723761907	-5.90642429799	-5.5437450985	2.6940984854	0.208339583485	-5.91344480521	1.137512654	-5.84255606964	-5.92641024186	
5.57329686516	8.20952764367	8.96283046418	4.28170562584	3.36874798625	8.04567052737	3.25768018897	-0.464688294355	-2.08563139171	-5.43033825142	-4.96052575281	-2.05443601066	3.75361847099	7.19490882291	0.464716246212	-1.29492475784	8.97767017864	-5.99999357355	8.59606486007	2.5102745923	-5.97863207523	-0.981867064365	
5.71714241199	8.56454877391	5.12803801006	-2.41259987608	9.0	9.0	9.0	5.42468898336	0.0545482977043	3.75034623191	8.99999999999	8.99999999999	4.92936176522	2.14324691308	8.99337128946	-5.99995136463	8.99999967335	0.723953883187	-5.21571889458	8.97700019122	3.99983471228	7.92027649963	
8.87524914193	4.72493386409	3.31531605993	-1.09746481777	-2.49690877483	8.69557987138	8.93004687634	8.98095103593	1.27257711813	-3.13864773912	3.85713093368	5.65933469549	8.02897755001	2.08362017731	-1.57191339968	-5.94469324618	-2.45560421371	1.44355400626	2.31882919465	2.83542198393	-5.99738705617	4.18035283052	
-3.70630116148	-1.12913769051	1.21797922509	-3.39789391117	0.381474032387	0.473500438383	-0.585405346694	-4.89274077304	1.5546407855	6.14584248935	3.66800327627	0.413745753079	6.61883617494	5.88453017313	-5.99999847268	-3.5687370599	-2.81126371681	-2.47902916134	-2.13182023722	7.19527485327	7.36660351636	-0.635786474811	
0.939217955724	3.53380967464	8.99999977098	4.42859148362	4.40431264664	8.99999910517	5.87312567321	2.28949746299	0.349048250365	-0.235077368548	-2.22416301528	0.595508901001	5.81708280417	3.85354003225	3.45623165129	-0.420221622296	8.99956246031	-6.0	-4.52633612397	-5.9688548825	-4.95445797986	-4.9861226021	
6.37164130938	8.48498593155	6.30297558183	8.99736527631	8.07033622887	3.51759832114	8.81587173065	-2.12327164397	-1.5003697816	7.98585809396	8.99999992157	8.2684821122	8.99966563275	8.98254516174	2.52840616256	2.80405914476	-0.605623974436	3.34653800569	2.02513763578	7.68874765089	-1.4914025746	8.34501600659	
-5.05810728935	-2.39929455425	0.499335229609	6.36902157938	3.82570676869	8.36010374509	8.59352206019	-1.11430223557	0.966211978533	-4.06639052247	5.67266286956	1.95094514847	0.0538860082061	-5.91293281892	6.62214475154	-0.998379077515	-5.38730174433	-3.97055790247	-6.0	-2.5368596217	1.4878425555	0.539339478144	
-2.12488686681	-2.12380344034	0.320005932271	0.930358159243	8.89351780339	8.9664043286	4.81702843748	-5.99999981137	-5.27430457071	2.21886875641	-1.60448650846	-2.50194072745	-5.37010005689	-5.25298622167	-1.49591879249	6.23254139455	-3.71090936712	6.25521649282	-4.94893836924	1.59718124212	5.87252162796	-0.893259722313	
0.894679093402	2.93587692167	3.04457508739	-5.42789719622	-2.33501179951	4.66523166249	8.99998604172	8.91351672595	1.18215238198	-4.35719080659	2.58996238408	-0.64242969374	-3.12311604512	3.27864966724	-5.38437366516	0.265564178693	6.12588104317	-0.694856505938	-3.0079943863	6.32472750751	2.72059944052	-0.645577956901	
-6.0	-2.92276699934	9.0	4.28777748162	4.26909173991	9.0	-2.3630808315	4.91033163488	9.0	-6.0	-0.13694761737	0.160263672595	4.85037380791	8.97924945124	8.67947422176	7.77454174945	0.521960972706	-4.36548943081	-5.16183608009	-0.274594157425	7.6855208507	8.99999995306	
3.4689164094	6.83721213588	1.06458192088	-5.82987710523	-4.11787891834	0.637326961973	7.84834947756	8.73233469311	0.501752245684	-6.0	-0.552712236002	-4.92336718957	-1.15618261077	3.54374646663	-5.18556116608	2.23469020232	1.84842591754	-2.07178725318	7.25347478184	-5.91985310848	-5.8589282013	-5.99999829353	
-0.574723013496	2.3258985665	4.83400285777	0.0463541855934	3.5505576099	6.76905018154	3.01524753385	-3.91570683988	5.44839371234	6.82063886515	4.73758947537	-1.32836410239	-5.10843534648	-4.70185509927	6.26765865355	-3.741569039	-5.9131095702	-3.32778050668	-1.02401490374	8.55605180144	-5.99830815089	8.03260050071	
-2.71924394843	-0.0973213452095	1.89225657963	-2.76432288106	7.2594112652	5.66463488101	0.0753614108472	-3.93505126427	-3.45836130191	2.81532214582	-4.37785378507	-5.99968174309	7.33201341383	-3.2547090948	5.14914451778	-0.779158431771	3.48472244024	-5.76040904148	1.91776938612	-5.70840682636	-2.54563185316	4.81436439958	
5.16034181601	1.0361546826	3.38264273635	-1.00917363611	-1.89179607754	8.96783171034	1.49095427557	-2.48815766115	8.81482261742	8.89028045986	7.28856339404	-4.26132836346	2.95714692628	-0.0177130476308	-0.21331372153	-5.60237191484	7.54595555775	0.69402079293	-4.36650450714	-2.8108748001	-4.54314450773	-5.99998405073	
1.95768904208	4.80895946361	8.99985748196	4.05882548715	-3.07764144641	1.75586776062	0.223512887375	-4.49931686409	-3.34912751727	-5.99896045473	1.2587663136	4.54779513659	7.35077568734	-6.0	6.42658347296	5.82678216104	1.89708781206	5.63862357561	6.79813113794	-5.33505346025	-0.713790896395	-4.97953544368	
3.78623638814	6.62981983216	-0.430902442988	-5.27026531545	-5.96221814065	-1.282180759	-2.3003862347	-3.63776974161	7.33115291558	1.54979179858	-5.74483950322	-5.69736064181	-5.99927009233	-6.0	-5.99888399771	-2.36276514497	6.97064018043	-1.37499199504	-5.52173920287	-4.5810894948	-4.80434235384	-6.0	
-0.653712146833	2.83131936922	3.32368112773	-1.56361835805	-1.95547287463	2.47957825559	1.45839846416	-5.99999999972	-1.1847468964	-1.42365933825	-0.899832564993	-5.41145591128	-4.25175081102	0.138246565743	-0.529337064255	3.12950456287	1.42264136759	-1.414965456	5.35446301797	-5.86649517888	1.47823594207	-3.68840491128	
8.98621224826	4.51939767286	2.49876011007	-1.88192769681	-2.47970020376	8.98408231353	6.20144866539	2.69662929962	-3.01280429494	-5.22627572454	8.91041703603	-1.65554372802	5.73519435342	8.80871307994	-2.03817100631	-5.93220406444	8.88411330338	-2.72605995342	8.78438260388	-5.46272661482	4.05106644236	-4.28539315764	
-2.51205848069	0.201983464615	6.82499161644	2.20046254056	4.16135858283	8.91581977826	1.3349344386	8.84988481643	8.87396679442	-5.74157836429	-2.96386626602	-0.692170179182	7.66135315804	-2.80308311071	6.87806240979	-1.13811368799	-0.153243681274	-4.05417903661	7.77049800287	4.61177075017	-2.37435067597	-3.48587312073	
-5.99993144887	1.08724190151	8.99972397557	-2.33302329419	-1.54312559834	3.01615547025	-2.33360769537	-5.99999788969	7.57894796504	6.35464459229	-5.99998679048	3.77746915513	-1.79470436017	-2.98244148664	-0.184746087562	-5.51685951377	5.21531492889	3.65068095374	8.99999973836	5.80203893028	7.86661126047	-5.86418182939	
5.99733266899	8.92435899327	3.15553992695	-1.64051797232	3.99074934433	8.60311860438	6.52496448772	2.91119021688	-2.24959337113	-5.99931450698	-0.230421439896	-3.83881586264	-5.80039851789	-5.99981603493	4.3658594751	3.5481453578	8.9485715062	-1.57010206612	1.2331671833	-5.07584236501	7.96814390816	-5.37427963278	
-0.280038054964	1.86167453987	4.2347171337	2.06169046996	6.88980677389	8.91377118201	4.79924982033	2.99564288174	1.22134926598	0.382753999516	2.92123175679	1.34337888271	0.693647505771	4.27659201875	8.98915894584	8.08123806362	-1.04500939028	4.60756771734	2.85562677319	-5.69177880505	3.83322928641	-2.60072425056	
8.86160292137	1.46183171377	1.27547537709	8.09350775307	-5.99999258792	8.99998670908	8.86814481324	-3.77572235753	0.763004950842	-5.55493850251	8.5196839385	8.96971035213	8.98382886627	8.61769918683	-4.35758192518	-5.38676327877	-2.97971026254	-5.54390146879	2.40141435411	6.93930355296	-1.95710124789	8.66399266651	
-3.58772269354	0.358623452956	2.15938449016	2.76808549429	-1.88662523214	2.60140606702	5.95268926956	1.1832288641	7.65724397939	-1.69234631029	6.94426295317	-3.28200377367	-2.94340547592	1.91709760425	7.30425955183	-4.29960616023	-4.29957475448	7.01538288388	-2.47650397679	-3.16033352465	-5.34926712197	0.260516158373	
0.587350914204	-3.38999817565	5.10573750846	-0.447163451717	-5.99033976704	5.60546448874	-0.541908470358	-0.5472493695	8.31284154386	1.70627933085	2.17327107995	7.95974170644	2.3209977433	-5.3592610586	4.78905574891	3.20132242903	-5.54160346257	5.54730583331	4.61123285102	-3.48302731881	-1.197757821	4.91636084346	
8.99999578973	1.39554235183	8.9237171072	8.99834095515	-5.92937284786	8.85263635791	2.90852467199	-5.6890019088	-3.82907081066	-4.58014390406	3.40202465901	6.62314661166	-1.02855274968	2.15404772961	-3.6959089287	8.96698712248	-4.50055607613	7.93196153101	-3.13305777801	0.337052418684	3.39070878175	8.99999992965	
6.16143325485	8.87140334294	6.11387460159	1.65972140839	8.60676762228	5.28145592658	4.1745049288	-2.34764660878	1.06122172625	8.9951665765	8.77631340361	-4.33443363897	-5.99999988392	-2.54250115273	8.99165091346	-5.98487625293	8.9994967434	2.33675280424	6.74331326609	-5.91362518898	5.27248259907	-5.99899725141	
8.83514077205	8.98332915763	2.22103229351	8.61209227648	-5.99999991186	1.31198485678	8.99999990571	-5.24114719339	6.7384898921	3.25978966269	-1.64580331518	-4.495633374	4.92596844932	7.19632565737	-4.0661926142	2.81219324175	-3.1464599668	-0.199701916708	-5.14487246303	-0.186336077875	-6.0	4.44225762029	
8.99999942154	5.50372929548	-0.270266603396	-4.82932599723	-5.78408267803	4.74153579572	-2.11886240985	-4.80308953614	3.36584306954	0.0567864529497	1.73183753	-0.290067517777	-4.19137987297	-1.09056787647	-3.44213257105	6.36727331252	-2.39195067606	-5.4783422065	-1.22652189374	6.44628500585	3.53401571356	-5.97644520953	
2.11604877343	7.91278418194	8.93469602955	2.19551990992	4.22702593511	8.83201170323	5.42902438551	1.17937963214	1.73983076396	-5.65042396007	2.23254933043	6.10818026582	-2.26141870357	4.38400245991	-4.05296238002	6.22563812004	3.0767891793	7.57954838691	2.94038079364	5.72315528921	-0.891320787851	2.12846607289	
7.53785182537	3.38302798729	8.94212533068	4.66793158552	-2.29608443218	8.86606482843	1.76674890484	0.552739272572	0.359633870994	-3.39504007594	0.285800100164	2.54898827175	-5.99286811203	-2.80072568994	6.10956018042	-0.210241563329	3.72946437978	7.08673199354	-2.2374279098	-5.75849199103	-0.938672827437	5.52142643619	
-0.392740915291	3.25315502415	-0.617294082196	-5.55180745952	-5.99999847059	-1.44056176117	-2.47606945863	-1.00311425353	6.28049728158	-2.79901897546	4.03526443913	-3.04206948508	-5.94263926584	-1.24830487484	-0.784595000214	3.35371913604	8.99381024587	-3.26517237363	-0.877308695216	-5.89331555049	-1.550736371	-3.63323565148	
5.71246826965	8.36274346071	3.35292554083	6.11567159115	7.24189578592	2.42074600485	8.99893974329	-4.17643385659	-0.748220505838	8.72419580999	8.16882512552	7.25859195007	8.99997121426	8.34435286406	-2.57258639134	-4.92421467172	-3.99756152648	8.22663144074	-2.42325145531	5.07994285287	-5.99999976861	6.46549642289	
0.617649053066	4.33436701165	3.27805814587	-1.70327918819	-2.21310670257	2.32465400815	1.4312019091	6.99997636153	8.20737189528	-3.75898264428	7.92492612942	8.45735461625	-3.75018035352	0.951852689236	-5.99993453389	-5.4346535519	-2.90882539603	-5.99999730666	2.39779461905	8.22034514905	8.99958433455	-5.42443046478	
-1.48419353133	-2.23588433826	-0.659167342147	-6.0	-6.0	2.69082426999	7.86988304297	8.01174484516	8.89407019754	1.53653728879	8.78405016243	8.99999999991	-5.55354816696	-5.99999999999	-5.43774176767	3.52224859268	-3.23263520053	-6.0	-5.99453626506	-5.93016956978	-1.97686753596	8.18615916352	
-2.15254698088	0.587366143477	8.15694058625	3.52037655759	8.26576649113	5.43586558738	1.46437907821	-5.99999998436	1.30727807939	8.8754324966	7.84940523118	1.80018949281	-0.152923747749	-4.46583774936	8.96711593539	8.56413581033	8.14982833643	0.164869114376	-5.93367438222	8.99999707739	6.52871242906	-5.89480144095	
2.03514802995	8.999998778	8.99376825936	-5.45192959532	8.27782176916	4.39105522031	8.34285595985	4.92328944885	-1.23662257378	8.99996134496	-3.35430655874	4.15186978214	3.87686719338	-6.0	-1.56411710682	3.65799008347	-4.69719708869	1.25699946898	-5.37307593784	-5.8440116442	-5.95577324823	2.3372340086	
1.25635745794	0.970367630583	0.932260576155	-3.80568187448	-4.4926986373	3.26773330647	-0.856513734483	4.80677103371	7.14170873977	-5.74887375142	3.91371888576	4.16291288681	8.74957163894	4.96352148925	-1.21316140278	2.96448195396	-5.44268794446	-0.428406807436	-5.47906993358	-4.37390238245	-5.91060761496	-5.8818961648	
-5.99999999999	-2.80447418045	-0.80755592035	-5.99999999999	9.0	9.0	0.726112450039	-5.99999999998	2.79266444769	6.90900348457	-4.70951255779	3.43030718008	7.92044604092	-4.50154017481	-5.97305931226	-5.99999998059	0.349217224441	-5.33302914041	-1.05960085285	2.3978986697	-4.37652678228	-5.20097388009	
2.64383398345	6.68116707815	-0.173957896034	-2.29368448397	-5.99979912317	-1.48106356445	0.704945911871	-4.34659824899	-0.0851221601913	-5.00989468424	1.17134498397	3.42000842765	3.05049642156	8.06975791567	-6.0	2.7746359224	0.660828190268	8.99999612937	0.180837911223	-5.22271621526	3.23864289694	8.99998840823	
2.24369450174	6.19737157761	1.86093271989	5.93026330443	-3.83705889634	0.621056680099	8.94873544503	-1.87464725374	7.766919757	4.44200369375	7.50266938776	8.81521498321	3.28625089042	8.18009261876	7.14149546152	8.99575201372	-5.99723025556	-5.96536387059	-3.65130257073	-5.88072858301	-5.81839735415	-0.294421023101	
9.0	8.20000877121	3.75893962344	-0.991685023444	-1.63997382975	6.58201085235	1.94441269337	0.0588439491532	3.20138293496	-2.20388202618	2.26219024887	-3.96647817513	4.65422790969	2.79017257298	-5.03443716948	-3.37535387608	0.40520399407	0.280235294863	-5.9312649544	-1.55515659115	-4.4257092354	-5.77326502565	
5.13195894732	1.23451451453	4.11212665566	-2.84333564524	-0.88982882839	8.9263295399	8.98841611929	7.15073098184	8.98832401942	7.29085207455	5.29684165229	2.23080489179	-4.01470692335	-2.3437092937	8.74796916141	3.94392860056	8.92088897345	-2.27616066521	5.57757387171	8.97341278725	8.74268744142	1.64452122936	
-0.145435957438	3.4247153549	-0.170486713544	-4.81435376027	-5.89875398814	-1.31900145499	-2.2356139876	0.0892663055809	5.22560799462	-5.06306061273	4.29154695028	5.93555984952	-0.509633459104	3.89920124877	2.97031904501	6.90830707488	-5.6499878983	-5.98297737563	0.255005681493	4.81448408129	-5.43427805582	-4.86480754118	
8.99981082687	6.52676670038	0.987922592689	-4.86673632129	6.28906127975	8.2781975389	2.43839766184	-1.1550579469	-4.15733579575	2.38928891157	0.383552149765	-5.99990292746	7.18845674097	1.94265622327	-5.99920442709	8.99999984066	-5.99887033189	0.346106241536	0.220506159011	-5.52362599838	-5.0476468952	6.10466956941	
4.3809798551	-1.06870745859	1.9002956126	5.27800507062	-3.86946985136	8.98730995472	7.87830160847	3.53953684737	4.81764254464	-3.53321406398	-3.65831111988	-1.84283199876	2.62212334854	-6.0	-6.0	8.88820616985	-5.99999943401	8.97797321288	4.06142234876	-6.0	-4.08439210626	1.3279642313	
-1.97508961974	0.664633126751	6.34400196886	1.61485850208	1.12612644552	5.99182155143	8.99999996194	7.34916237973	-0.0955329759905	-5.75322184301	-4.75220739318	-5.11336212799	-0.24877779032	3.40011521481	-1.51058305281	-2.51399158575	-4.28925393443	4.73473573691	6.89772782839	-4.33526228248	3.69497747293	-4.41786479949	
-1.56229843189	1.12554016111	8.99979677858	6.01769862456	6.80172146927	7.97768284808	3.41086059727	-2.70807369426	-1.38617518675	2.16730676627	7.37405207662	-5.99999656677	5.89457313147	-5.26910139186	-1.86948331681	2.97270918955	5.79766990158	-6.0	-1.84100532548	-2.20336522058	-0.882754751299	-2.49005962945	
-0.595192568074	-0.127995882307	8.99999384503	4.18124877807	-3.32960251695	3.74951102779	0.302261155695	1.77087930747	3.76587112263	-5.04705078461	4.12766949837	7.21501081047	4.67697189043	6.895449761	1.32299387325	5.08440690185	-5.49529006988	-2.470271029	-0.664256507403	-1.78136270429	-6.0	-5.84777210282	
-0.670755740427	8.73911987307	6.45752100682	-6.0	2.17813818046	-1.3278146479	7.39616308004	-2.59571785661	-6.0	5.93083126499	-6.0	4.51738550253	-6.0	-3.75531258517	0.326673408114	9.0	-5.37761445818	5.97661831072	-3.58280821188	-5.99999999996	8.91755731568	7.03217278777	
4.14476828277	7.52433936524	9.0	3.84605949385	3.88190740388	8.03099027436	5.03984083521	-2.27735853992	1.19583075974	1.53886954388	3.83432335088	7.5810620903	-0.448974249425	3.81738230834	-5.99992189195	-2.30235636982	8.9999999999	8.9999999999	-3.30735725169	-0.354190872049	4.75472119498	3.30662160105	
-5.18722713928	-2.38390062771	-0.155496670147	-0.00428070708507	2.20348282831	-0.156575474113	6.1043291172	-6.0	2.0911322622	9.0	0.782912739448	-5.89937502802	2.27372251124	-0.0554736548031	-5.52866642695	-6.0	0.962901708268	4.19159779533	5.65061700762	3.71784372928	-2.52358093195	-4.89679066154	
5.75311367661	8.93033868485	6.36337816316	1.08973523168	3.18568678493	7.70296418353	6.94060147117	3.03246916909	-1.65740532772	-1.29690576093	5.07520572871	8.96809925888	7.24173923767	7.40637047443	-5.99602056314	-2.21407083209	-4.04058045591	4.71690535079	-5.99810075869	-2.92142183114	-0.781444587718	6.9395778631	
-5.20719995938	1.74438219287	7.09366374792	5.10370492891	-1.2979891133	3.20282261103	5.28985300047	-5.35238645033	-3.44128922932	-4.6271158759	-5.38738791592	1.50191300071	8.02302891076	8.94727861073	-1.13400106758	2.11233679045	-4.55496408224	8.91418668198	1.04524977677	2.85911281924	-4.99212145344	8.75131876927	
-5.9839742541	-2.31308980625	-0.177815701568	-5.31804757602	4.3944033568	8.96346705542	-2.24360205436	-5.99971587336	1.54272308734	-2.94231728777	7.05749882712	8.98490942426	-5.87721860728	-1.39384391871	2.04656988098	6.34740038801	3.72605792363	8.95480132399	-5.99707506604	-1.37440887738	-5.80550618526	-5.99999769917	
-3.35572487914	-2.23692184337	-1.01200295161	1.34469017017	8.84747577799	1.04072907208	7.63402787998	-5.8514342471	-5.94274372982	8.83259168866	-5.90933007411	-5.9999615472	6.52941275027	6.50216984628	8.75006029815	8.60730238377	-5.47367871423	-5.00453465888	1.58272818282	-4.65300854978	-3.11322462046	6.43015078986	
5.36886502655	-1.96481974058	-0.807465497598	-5.71344259761	0.00836591605958	8.45682742131	7.92975180825	4.51715399328	0.41948475776	6.58838061767	3.65914024875	-5.99999999936	3.61825826819	-1.99251902484	-5.49518038709	-4.79183095898	-3.57013982772	1.10312099585	2.39798281471	2.50271604299	-5.73866290833	1.10392127637	
-5.58884581908	2.80576642631	8.82913853174	-2.5787359589	1.47486654395	5.89716096436	-1.93084078409	-4.35756424891	1.28267776664	-0.85539912582	-2.57764913821	7.48420775715	3.86459381267	-6.0	-3.17467436797	-4.36358902508	-5.96410675004	-3.90720876539	8.99979122767	8.9327912549	-5.99018453778	-6.0	
-3.97234602315	-0.131522285559	1.54037473969	-3.48215560019	1.34027246192	5.84647409054	-0.368904977767	0.681039579647	3.49756670186	-5.54174533857	1.11235344746	-6.0	-0.964185414455	3.85791243581	5.63004006137	5.83052539595	4.04503477052	8.96881871076	-4.07719975821	-6.0	-5.98176436294	-4.46477220551	
0.407957700677	3.0509950789	8.61769808492	3.98259033948	-1.59386878901	3.05228065166	8.94045959929	8.99685493495	2.15036475428	8.96889328361	-1.73921625486	1.21649607672	-5.40607781701	-1.99041407438	6.14348877531	-3.32751111802	-3.88253939958	-6.0	-3.63667292121	-5.57649829926	8.59546780575	-5.93598522848	
-2.39566270064	-0.811024110757	3.09998161801	6.17943314663	-0.783476333139	4.38408089607	8.91733432725	-5.83682932804	4.74928236585	5.18908393722	8.88914791789	7.98251522218	8.93093521882	5.12254612972	8.99999999998	8.89550458634	-5.47919251306	-6.0	-5.99937214252	-4.35819059	6.0324852504	0.693372399486	
5.14676834762	-2.43618305819	5.30031007519	0.736228858223	-5.82851557297	8.89904168981	-1.99780406354	2.97472413206	8.18593345627	-1.02670737351	-1.89241440948	0.830582202539	0.0552382033301	-0.0117273831882	-5.99999020833	5.49777522899	8.99851140635	7.28785781165	-4.86765934351	-1.57810218381	4.65624370779	8.99746098311	
5.64499901632	8.99999999999	3.42174658907	-1.80899752258	-5.15900334504	-0.55905140373	-1.2410850137	6.21283512384	8.99999888973	-5.79704847172	-3.99806835623	0.0452486597943	-6.0	-5.32282767264	1.27474373714	-3.89630699194	-5.73183077982	-0.658420883559	4.86229238488	-5.63862467099	0.978050038036	-5.79561627908	
8.99998637919	4.77011543396	3.29361030305	6.28823270809	-2.62229770895	8.63134031063	8.71817484164	8.9583006008	8.38283799254	-4.14094971963	-0.806149964911	-4.05394633813	0.71746833521	3.94258311598	8.17981145126	-5.96470879368	7.39711658098	-1.30840615623	-5.98701173078	-5.97282009341	4.2446489873	8.38348167184	
2.3240833395	5.44542797269	4.28479984047	-0.620824132685	1.01150867077	3.4484201198	1.90901063849	-5.52713320088	-1.87239264177	0.32594730041	-2.09223232793	-5.83142767027	6.47797885019	-5.59495843916	5.55934150779	4.49282973831	-5.87591561017	-0.248817810893	9.0	7.53552614421	-6.0	2.12308451081	
1.88415344944	5.2051087979	3.44511930986	5.87953155261	7.0803964293	6.73233520331	8.916446152	-5.41983322322	-2.20460858227	2.64115604721	7.27878792946	7.06107206352	1.89401937125	4.24726492082	3.32638580165	7.70142946485	-3.0860423723	8.68467824067	1.45007456929	-6.0	-5.88768186968	4.85471092044	
-1.53425258515	1.93958769199	3.97063408927	-0.889315647607	4.40060348701	8.99999998124	3.52600986155	1.12107963134	-0.371424168417	-5.88443866814	4.16416356218	0.0971272041825	0.300734676944	4.77806610105	2.6217569435	-5.95230550841	2.90694739307	3.34016430975	1.89043641091	4.75305650194	4.37025322311	4.26202683489	
5.20065930619	8.99980841596	8.02215886473	7.31236633272	8.99999976929	8.03313870211	7.76705681995	-2.64105476553	-1.16907630079	4.37097848256	-1.51559249615	2.57561997671	-1.98817622613	2.53827144358	1.89449314497	5.93157141251	-1.50717740467	8.50045521446	4.0532972079	7.62858381131	0.393928332368	-5.95733923207	
-5.99998925716	-3.28686244393	3.57169476463	-1.05926911501	-2.21968840598	2.53996251538	-2.3870257841	0.96840034862	8.78387341697	-1.81240793002	-1.34894153593	-3.86943470197	-5.55836193102	-5.34280386158	-2.1561488209	-5.54700856835	8.97582543259	-5.19650251259	-4.97935888292	-4.8046412023	-3.80256834115	-1.19090712473	
-6.0	-3.0706269218	-0.923252889421	-5.7447143391	-6.0	-1.39703930286	-2.71137847082	-2.18761260056	8.00692282193	0.146871039185	-6.0	-6.0	-1.68627257751	-5.86708916404	-1.37957205288	-5.82548184443	0.121085743804	-5.93078002664	-4.66680616721	-5.50818816218	2.14566394674	8.94020825874	
-2.56476225755	0.127798844723	2.58562424284	-4.64728359804	3.72036718481	1.04315152659	8.99580730779	6.92444460097	1.17104735239	6.01245923859	8.94923664638	8.27475555283	-4.67548900477	-1.69700625209	1.53561378501	-5.93208305848	8.72981535602	-1.93686599061	8.87393264299	8.96483268909	-5.44093120746	-2.61283580378	
6.10119069026	8.64889338684	8.99999977117	4.56485429724	8.36664995267	8.9171406033	6.85009043387	0.735898010369	3.24567819684	7.34414032671	-0.0660913448548	1.70021053481	-0.89511481934	2.56963109544	7.18980867757	-5.99568206207	2.34208882192	-6.0	-3.70696448174	5.38586823699	0.938898331949	8.19157145932	
4.95494553283	0.297326585251	3.05165269527	-4.29240514859	1.75344564182	8.99498778675	8.92703903875	5.35036807152	2.1799756738	6.00953794662	-0.876246816728	-5.78824220595	-5.86451398888	-5.75406709203	-2.2865117252	-5.13619882368	8.84252219635	3.50386151348	-5.98665672691	8.80761447782	-4.89372016626	-5.99289113485	
8.99999976875	5.41641707841	8.99999976875	8.95589069462	-5.96456491699	5.00044275242	2.81353696027	-4.15998082611	7.77372746885	5.35695584054	5.5179181925	8.95089584346	3.86691169482	-4.87166788725	-2.93967395763	-2.47496973295	-1.56493241688	8.94140353202	-5.58725407426	-0.206130107954	-1.32661962384	8.27482158325	
-5.96255434528	-2.10794163212	8.76288474828	3.55535327631	0.262199247651	4.82796030773	-2.15687290841	0.472863804882	6.77136591798	-2.42217869814	-5.98219844105	-2.3661778782	-3.27969927449	1.14440415282	-4.37148393276	-1.74871829753	-3.4623220367	2.33236733511	8.99999977048	-3.41369652265	8.23718417767	-1.04410312904	
4.39514341117	7.95269314693	9.0	1.06611218794	1.2807350989	3.61197382977	0.759580648305	-5.98855622589	4.79175410388	8.95544632551	-4.37552832455	2.28581914043	0.168479297777	6.5048672762	-2.66243742851	3.62227587104	-5.96956949181	2.34959385673	0.81827795235	4.6558539276	-1.4665733266	-1.53500191721	
6.36447156242	8.9999994679	8.85368183167	4.17938136977	-4.94641355424	-0.259404362442	-1.22696950799	-1.4078373726	4.7189183697	-0.78629140174	6.06333614066	8.95453848211	3.23261903036	6.67712221995	1.86178303195	-6.0	3.80031087909	8.07575875349	3.9059716872	7.31272207959	2.91294011231	-1.99169585972	
-5.4643720706	6.46399329768	8.81825893903	-1.80521307518	-3.61724921548	0.596117257952	1.27913000193	6.11477333105	6.78102969382	-5.95979792729	-5.99943644745	-5.91287141936	-5.95642382486	6.47876307572	-2.69170212155	0.370759445626	-2.04378720628	-5.63509764505	-1.16622186133	1.01274615169	8.83052604661	3.60046965894	
2.40270589038	-5.1749633877	2.39301131181	8.72542712776	-5.61534829459	8.90958183872	8.7239798182	3.31892126233	6.31248221426	-5.9982071525	-5.14544020861	-5.17165324803	5.54611445604	-6.0	-1.96579422197	3.92846896318	2.78616492859	3.8314563865	7.91279472948	-5.75517397102	-1.26828473907	8.26201912131	
5.46188623558	8.23439606622	8.30949056202	3.49536654868	3.71786073882	8.47116713612	5.3355655446	1.61492210247	-2.3732117421	-5.99998309002	-1.08368675749	-1.51807026161	7.68582402187	8.99998651277	1.13426136848	4.44219241573	2.32181275477	3.57878696849	1.28518625509	3.98509158194	0.640318429418	-0.282321923069	
0.615794812494	-2.58402898256	8.93683298837	4.35624806301	-5.99942131926	4.37536820021	-2.14066233749	2.15112453704	7.06427816919	-1.45713380964	-4.60378126446	-1.85544430924	6.01816015161	5.53259109221	-5.99999957874	2.35619967949	-5.19856925386	2.85908911052	-3.81430144172	-0.453671309838	-0.374377234911	8.99999990475	
-3.45288463064	-5.99892334321	6.62172703473	2.31241504916	-6.0	3.80755207058	-2.20992909802	-5.71613555597	-1.99759671856	-6.0	8.99422425333	-5.98808288134	8.99999692692	3.52277392375	2.03511820624	-5.99999999973	-5.98815328031	9.0	8.99649841103	8.93441162177	8.99999684233	8.99882872313	
3.20840932007	5.82681583081	2.7640583732	-4.81972047805	1.1585104234	1.73984182213	9.0	5.39886780244	2.80523166024	6.20474073926	8.25630113344	-5.99423567986	3.64235651976	-1.58312905718	1.80091101992	-3.89792462913	1.27269227488	5.356143585	-1.35646169744	3.90900229731	-5.24322571916	-4.51289206763	
-1.70332438534	1.22982112459	3.60361583969	-1.19345112371	4.39877411418	8.99820420735	2.5563014236	-0.378495541189	-1.05183493611	-5.40747131861	8.13471890468	-0.401111072005	-5.71883620505	-1.83589078872	5.54707051747	-5.80864368421	-3.26879402796	-6.0	-4.52439351139	-6.0	-0.433892631349	-5.64421818948	
0.67413406399	3.56547210587	7.04177060172	8.99523540498	-5.99944444143	-1.21235962359	4.74218894662	-3.84329848983	-2.4934913113	-5.98670649713	-0.236202870994	3.11998897007	-3.37768791717	0.402573873565	1.80323524185	4.23248217173	-3.23702693442	8.99273121543	3.1839081794	1.40813866707	-4.0450702	-4.98141132173	
7.3694146219	4.45678714689	8.42501850527	8.99962818244	-1.51750389726	8.99945819862	7.60532494634	-4.08545575111	4.40597676491	3.38651271504	4.46423051323	7.73357620516	5.14568500662	8.98156987427	8.93068526775	1.9919173116	3.68395513574	-5.08518780444	-3.39771749826	2.64038562586	-6.0	8.99999576576	
3.12863152373	6.20679716175	7.82323476538	3.11685893425	-0.952217372289	3.80590401814	2.10320180023	-2.0011401129	-1.64126950065	-5.90081484773	4.69705717322	4.70110397296	1.49350191077	5.66226824835	6.70049243976	-5.21916426361	0.672457663038	3.75347776761	2.32207710121	8.81118334916	8.11166678267	-2.04848758522	
2.89529911192	-0.717417224529	1.99837178274	-5.11085137422	-2.77575860102	7.53721559393	0.586276865485	-3.49834782127	8.99904606845	8.93211196262	2.76839249916	2.81419702308	6.34955277279	8.84116959267	-2.82818497655	-4.78817127397	2.0065715687	-4.15533315073	3.28042360015	7.26352454624	8.98111695915	8.98434647407	
5.84780386196	4.14252080297	8.7342391011	3.85722085513	-0.178154238542	8.99999999947	8.6562933011	5.40590441018	0.575694801655	0.0951421798776	-4.89829572718	-1.74316234042	3.92974554395	5.71226302118	-2.73562783698	4.74775496349	6.12775270735	8.99976628247	-5.99113484714	-5.39564577811	8.99999967574	-2.54844199094	
-5.97592485674	-3.23147838641	-0.391924784807	6.27312697646	2.45143203741	6.99059224269	8.764233479	-0.51013197942	2.45866803594	-4.04193032517	0.0922350736219	1.96919902935	4.3812497763	-6.0	8.78191589079	-6.0	7.88954702948	0.56520878671	-6.0	-4.23780910173	-3.55103378937	-5.96887592989	
-1.41554673508	1.10090194993	8.57209931707	4.35275105225	5.18778257098	5.41056474821	2.06671631364	-2.51003468187	-1.24959877193	3.18229138643	-3.02205521333	-1.00205150921	5.1270844338	6.25218099682	8.87708286887	-5.62346514034	3.89351250282	2.34244422037	-4.82252986911	-3.58848729786	-2.86790806375	-3.87585111079	
-5.91205138598	-2.09911278241	8.9883138945	6.46007470365	8.98908370546	-0.743069969642	5.31859934783	-5.68867714437	-5.89182218317	8.70371008197	8.40374759001	8.99888578357	4.24154007733	-5.12936720851	-5.99278022603	-5.98969120611	-5.3881579184	8.99999976875	-2.53279023545	8.72300176284	2.92093671923	-1.26440408757	
8.98852838271	2.63473320281	-0.457595178297	-5.21694760592	-6.0	7.95548934704	-2.40358002417	1.88609363685	6.84626566904	-4.89791826403	8.99991250688	6.37595351499	-5.94663483403	-2.14741243167	5.62209245614	-6.0	6.22199657844	-3.02640632789	3.74349579415	5.45781648476	2.56514186105	-5.02168675245	
3.82032917094	-3.21638497457	8.49964603573	4.27284523491	-5.77732017811	8.21527246632	-2.17308256694	-5.93920414479	-3.27592848436	-4.20987701776	-2.56960957149	-0.881285124624	8.96144236979	-5.93901328272	-5.9998162924	-4.82347630213	2.30541860275	7.22625615301	8.99883741101	2.50042083074	7.11893933126	-5.99826422819	
3.36981960995	-1.00035325112	1.76529656906	-5.52692907659	-3.32950414325	7.3884793741	5.45357513342	3.11502614157	3.88938491069	2.67193356227	2.67779315631	-5.50112169974	-5.93108166673	-3.81505555708	4.9517155487	1.18599819903	1.17038210912	-5.0216443302	-2.01373359556	-5.95936681788	1.90303576857	-5.30709255824	
8.24600461333	4.00916002671	8.99999540682	4.42573222663	-2.98728459856	8.61113733295	0.548800158143	-3.71857176722	7.27786736644	6.4195309083	7.8981129639	8.95210034745	-5.79033404723	-5.91704522407	-5.60699388538	-0.855915783901	2.39751081573	-5.79503724156	-5.97443196623	-3.03749100013	8.84450980998	-1.41592760404	
-0.496845631235	3.32614295744	5.14526407486	5.90502795671	4.80478221564	8.99999933537	8.9961466613	-4.40892189039	8.99969616796	8.99999965894	8.72893561088	-6.0	-3.40916220471	1.3712031271	6.72938082825	7.25571797063	3.01713909705	8.94311798097	-3.26815979646	-3.54840713086	5.04952808936	4.70235556273	
0.0810513259152	3.44377154812	5.26130190093	0.0457026295165	8.9587358647	6.42494172522	3.48968941166	6.81266888343	8.9852237071	8.920189916	6.16437691103	-5.97098479862	7.82234760048	-5.38729616616	8.14037638912	2.04281908194	-0.406366127983	-4.40189455909	-5.22031108698	-1.96702533908	6.84109811577	5.83642734103	
3.29955474593	5.96445036582	3.16685209071	-1.21179500752	-2.42473014254	2.12931456941	4.97439337605	6.83213325138	2.96085405836	-5.46226435534	8.49245022697	-2.6332291971	-5.01812619785	-5.23332172132	-2.95022350921	-6.0	5.57539780146	0.669429914243	8.99751701701	8.94163323478	8.11647380889	-5.09128749504	
-5.55559618017	-3.1344595542	7.85124665194	8.99999980812	-5.73728717083	-1.00629228155	2.86946239453	-3.583664179	0.8551458115	-2.47255310707	4.44344533249	-6.0	7.69301004334	3.76688388958	3.61702813878	-5.9999984041	-4.76630772476	-3.91021108356	-2.90566146957	-6.0	8.9775082026	-2.27970741287	
0.61009797415	4.62135859349	4.21924303774	-0.790338832475	-1.37845844499	3.16811004931	8.91023106754	7.61456186342	0.9632593194	-5.9999999426	2.76091075318	-3.48293711545	-3.84856460595	1.17831951533	4.38039876804	0.39068195026	8.9912109206	-5.99948540954	7.83873327844	8.61511256295	-6.0	-5.99167900345	
-1.42984570843	1.61814036515	7.26151364175	2.18482341153	-1.34562841754	3.22966385252	2.23224262277	-0.962995553186	0.345536717556	-0.777816916943	-2.43915917083	1.05239769368	-2.01362027218	-3.77855558127	-4.66090337024	-5.53641305987	-5.68045262396	-0.0681545584019	5.20451955654	8.60724259829	-1.81496967043	6.98170564601	
0.429087343207	3.0340805299	5.60007470444	1.16984341577	0.580548740413	4.80880632145	3.66136639487	-0.500132412151	5.07530299561	5.24162143673	8.90990704618	-0.993401970524	5.95282770028	0.713059303237	8.97574065419	0.319928093502	8.65022898362	-5.90560072976	-3.67912514676	-3.04454087355	-4.92681724795	-2.00807800301	
2.91476375963	8.9999971003	8.99999976846	-1.91523014717	8.9999992761	8.98910091041	5.08848322214	1.38544271691	0.181554440348	4.15684415217	-2.05525181288	3.66367230036	0.912621626417	4.49146988241	-5.9965033892	0.359934456715	8.88114200424	-4.42871744653	-3.78148938525	-4.56039050393	-6.0	-4.76276118831	
3.83733469828	7.34819546597	3.96794809806	-0.974738939579	7.44318529816	8.98532629361	2.07286331306	-5.99999976869	-1.67066716121	1.3315634669	6.85896270784	8.38395606301	-4.1258313987	0.376970231669	-3.78310660013	-2.87806053691	-5.79385998537	1.15042110137	3.87046041133	8.80796659879	-2.45095493174	0.00715209136348	
1.41716117797	3.85944253529	8.93266602864	4.39021118094	-3.68269755644	1.07154958412	0.0459796466783	1.9071617486	3.30402291101	-3.64445269209	-2.48262646521	0.310224102614	4.32715774276	7.82745130053	3.52973455676	-5.90125410619	6.2975977297	-5.98867251316	-5.92270342889	-5.73308636596	-2.44061354998	-2.59429378894	
8.9623754304	8.96237536624	-0.879641551216	-5.94185206126	-5.99082801515	1.43604336038	-2.54116535281	-5.88955326743	-2.35345851467	-2.53101980895	-0.626819551902	-6.0	-5.64662597858	-2.97556693158	-5.15895577109	-5.83369592498	-5.94308927698	-6.0	8.98635784543	-6.0	-5.69961985244	7.55541437137	
5.22846818467	7.97927497746	1.64832238613	7.71689758573	-4.95229561881	-0.234915980932	8.94351262102	6.33256416188	7.76389311884	-4.55911004862	7.0671828314	8.75857339139	-1.74696897689	1.88257530387	-5.58646458479	8.99999969266	-1.51560165421	2.07760447377	5.74154706657	8.81692054711	-5.9999999925	6.57871875645	
4.60577091528	7.22779643811	3.18800991956	-1.43751503574	-1.34280193204	2.27991077312	1.28622826858	-4.45788110716	7.36996656386	8.3775794893	7.98272537527	8.99530291884	3.72215485269	7.15795238273	-5.70183359776	-3.20745899669	8.14761270953	-1.63631241408	3.90037122809	8.99999771689	-2.25081353167	-3.52057242987	
0.774697696596	0.180406177471	3.85779739561	-0.490880673454	-1.897917555	5.77954072931	7.60475223734	8.99588205439	3.12559105962	-5.13630773201	6.25052310105	-4.5662054318	5.641839402	8.62565545173	3.54497623538	-0.383657745829	0.00589156079829	5.2907399899	1.66172169518	-1.94430356476	-1.53312317761	-3.37597658273	
-0.520835903258	2.43295867738	8.32716335888	3.27408643465	-5.51200960988	-0.867195129069	-1.7839462334	-4.78074196146	8.99996851922	4.83123186114	4.82041323326	8.40351705449	7.31937617233	3.36370470494	-2.54884359902	-3.59406214729	7.88913614802	-5.48252458347	5.17996834674	-5.9294379122	6.43436171624	8.9999390483	
-5.87929292949	-0.264380456872	7.08719560493	-1.36086768651	-0.472711930513	4.09509288313	-2.14518266659	-5.9999720009	1.55269399385	-5.98879307222	-5.8588435804	0.972092531714	2.51927285617	8.99999976879	0.84790025457	4.87381085581	-0.801108761667	4.97430753889	1.5954419154	4.44536065842	-0.751204975408	-5.98091797275	
-0.377138989033	2.09515134938	5.12437476774	8.99999999994	-5.13208277659	0.164925129236	6.73380461905	-5.63467481754	0.249348110745	-3.65168397829	3.69043701846	4.09193577916	1.98896915318	5.95131011304	1.93138105081	3.42297800046	7.60491592641	-6.0	5.03190499481	4.25237624274	8.97387590871	8.98962788543	
-5.94462615665	-6.0	-0.46219682291	-4.92402681079	1.67935172723	9.0	-2.21080946515	0.343206271375	5.73537651439	-4.24963557972	1.72132285005	1.64887330003	6.29391027112	4.63306371207	-5.99020631818	-5.50978285552	5.83238774815	1.92211389373	7.42599074445	5.41283333192	8.99999979278	-5.99686364695	
7.40056335946	-0.162973762121	-0.8790830912	-6.0	-6.0	9.0	-2.54107826297	-3.12388727785	8.99999980372	2.64761773629	-4.82580737478	-5.31709157089	-2.61523894571	-5.85207589129	6.86222429045	-3.33056860353	8.99820220877	-5.99838492039	-6.0	5.55611931815	7.72913107619	6.81719055596	
-0.882932576795	-2.33822710646	7.5155201089	2.39344865234	-4.20499137226	2.91038076592	3.59826913987	-5.99941495615	-5.45792880348	-1.1596999071	-0.59087974539	8.99855624765	2.57902559006	3.05893009016	-5.59145702555	-5.87616364993	7.53112655541	8.84498988926	0.552647931152	4.00718191322	8.89096292471	-6.0	
8.99940461953	6.16360823963	4.15657084191	-0.616570625575	1.21336840669	8.86387316763	2.1393042637	-5.17408131986	0.186744638083	2.84655579588	-0.0500236706708	0.983343172855	2.31451440932	-6.0	-5.99915009078	2.62413668971	0.45990447286	2.61476189485	-5.96046217177	-0.586714410427	-3.2675739057	-5.91581642456	
6.11959410744	8.97721952019	8.56067141642	3.64205775563	-0.130573464775	4.27452344555	3.45827762241	-1.82893762013	0.213121108008	0.0819221313716	4.24420927479	7.64105440802	-1.55266752238	2.08561412659	2.13566302656	4.60854073457	-5.99993669428	2.55023550581	5.52287136817	8.98507291818	-0.939788360124	4.67816836046	
0.169172937087	-2.24423845793	2.79132994594	-1.45617737595	-0.792137707974	8.58158088823	3.83706988821	0.139905754028	-2.87633901832	-5.99295167686	1.67499022384	-5.00868036835	-1.06201216932	-4.09004954169	-2.79387351042	-5.99999858347	-4.53627859054	3.63494552828	6.08107056344	4.3216041367	-1.08574739145	4.77891383359	
-3.77157284572	-1.36588761839	0.845140103632	-3.57823963985	3.74745362581	3.80106132015	-1.00262832087	-5.15988042369	-4.69830341001	0.0778364581571	8.72582675057	-3.96391566991	7.85697758611	-5.39787976739	-3.56066094363	-2.18046608055	3.28525116194	-6.0	6.24802444692	2.10769005126	-6.0	0.0355864265009	
4.29307285092	7.430265243	3.99983314662	-1.12849015955	-2.68094621305	1.8750890556	1.37693600162	8.99687989342	8.97152068243	-3.89230971779	1.25483309269	4.29501015321	3.14764634291	7.13782378802	2.78414267813	5.00665735541	8.28359773398	5.22680386914	8.69415175457	6.06892417883	8.29572080313	3.44539977407	
3.42741418058	6.43681017214	8.99877032262	8.99881764048	8.59375001575	4.51784054654	8.58270987923	-3.52684042191	0.342613410869	8.99808651621	-2.36168596995	1.15234103105	1.40518676792	4.95249207663	-0.773546902709	-1.62582030666	-2.630867014	-3.95690224542	1.81343357494	1.47600831892	-1.22960933399	5.55233439293	
5.85096056388	8.99876273961	8.99999999917	8.67897891681	0.311837517561	5.06470966013	8.99999999919	7.2536376779	8.99999749958	-1.45141361891	8.54540550751	8.2592698984	8.99999999985	8.99999999985	3.09566731478	8.79339253871	-5.08437846129	5.41902039133	4.21742454879	2.48675102879	-1.5580552446	8.99999999986	
8.99999999999	8.99881424258	9.0	4.23479034116	1.54632281024	8.99999999999	8.34520015968	4.63800358313	-2.41375807504	-5.99999999939	-5.99999894429	-5.99999893033	7.59667316093	3.57342854389	-6.0	0.805147622598	6.16358239136	-5.98597997821	5.34902982821	7.74906954789	-4.9503905329	-4.96020291385	
-0.494726115469	2.45794048715	-0.762117930134	-5.70446062004	-6.0	-1.39721022395	-2.46542949806	-5.98205687865	8.99999993891	5.2547831464	8.97527889333	-3.79080011496	8.99999995732	1.31891186954	0.936206793392	-1.88625605003	4.27392668713	-0.152034840135	0.0410810599767	6.2481637241	-5.31310612602	8.20868003551	
7.42381727647	8.99848716024	6.82636969231	2.19942936732	-5.81616886043	0.0399638075869	-2.20254681949	4.08061679989	7.24192202267	-5.37803399146	-5.99986388066	-3.33364921682	4.21699032037	-5.57225659142	-5.99377107039	-4.28331653066	3.38554785238	6.58725190449	0.156487861152	-4.30545412014	5.24838316111	-5.03117125963	
8.38906084738	4.79223028401	8.71397732734	4.49660046525	8.94750147771	8.85487011559	1.55401681179	-3.42562789805	-1.74499757121	8.96868919852	8.47099479029	-6.0	4.0913545717	7.19606653953	0.147080424149	-2.8637010916	-5.42000156356	-5.93770513686	1.97396210994	-3.24050718445	6.50882814872	2.24506950832	
5.0209211262	4.57152961229	7.11001777176	2.73187941312	5.67069487231	8.99999976625	5.17611266186	0.792027170565	2.77625416586	6.93731239606	7.61428274428	0.789872183763	2.45706133677	0.564849681951	8.16673256271	3.90092189482	8.22296709541	1.81466582357	5.71460816274	-2.01337709403	-3.28155719618	-0.627301137653	
8.99999998599	1.64021014816	2.57749847286	8.99999997267	-5.99999574736	8.98514042458	8.99999618428	-5.18817262884	4.13016744026	-0.283434648047	5.0080532822	8.24885818809	2.58671591112	6.3891820997	-5.97056289878	-6.0	-1.19384047764	-6.0	-5.99997301343	-5.04826068576	-0.749950398789	-0.0096557730408	
2.86088528906	-3.72036692331	3.30725641992	8.99999995639	-5.28809696081	8.6461255486	8.7169019557	3.22313898146	6.13573872215	-5.93875640834	1.30718231186	4.23581185998	-5.07277058032	-6.0	8.64373754381	-5.92623302369	-5.99388061852	-5.56601195114	8.28044518439	-5.98951605782	-3.32564669344	-5.85969659822	
-2.95529838285	0.236270769056	5.17489435978	8.64701123983	1.08064083626	5.72034876008	8.99874073151	-5.95126421225	5.31263593983	4.38694986829	-4.65047901728	-5.2348442329	3.96632842232	8.18919533448	-3.95540242516	-2.45688722039	4.83978409495	-3.86219531645	-2.01147686222	-3.05493047411	-2.53295229246	-5.7586585149	
8.98307375148	6.96316231556	4.89337900938	0.136532029105	4.84397906884	8.940232958	3.08132755621	-2.81564874423	3.65621166904	8.9538266428	8.29674388498	-5.2196060287	1.96093634662	-0.48635351911	-5.32610292375	0.709186171125	7.26729594126	-5.88325511003	-5.13887841722	8.99988837038	-3.58021496607	-5.99985950195	
-0.742702469474	2.16068091535	-0.827897176537	-5.99973867009	-5.97392180321	-1.33046577367	-2.51819165651	-5.57327496726	8.95493172247	4.99307983588	-1.2248887178	2.13220121894	5.27920854874	8.84085602068	7.44271459721	-0.39353892616	8.82903720336	-6.0	-1.89934003447	2.79380400508	2.27248980323	-3.50144496943	
4.62960662126	7.03166197675	8.88152556725	7.46647655488	-2.39070511209	2.32415658369	6.0625904094	7.45932798558	5.55371206474	-4.12246742189	-4.86375504364	-2.12444541256	-3.00238710471	0.173994332912	-4.28719915522	-0.912798993228	-3.74764294919	-4.7726605864	-2.86570802864	7.12910837799	8.89964328704	-4.8695779732	
0.75340491018	3.68840010382	6.13675990403	1.3337379873	8.96397071156	8.50442184567	4.33298080913	-3.00655863453	2.46379754898	7.517609131	3.13649782221	-1.08385456587	8.6787230165	-6.0	4.113348211	-0.582422986521	-6.0	1.79565848258	-5.49540084748	4.10400679291	-3.5957898244	8.99899785637	
5.31734799708	8.99675327498	8.94919496073	3.95066863022	3.43402384373	7.98981233125	7.07021371714	7.11685415689	9.0	1.09797611244	1.74024214511	-5.84825899905	1.61197900261	6.29951797128	-5.87591320665	4.0909467211	6.91423906166	0.532721703464	5.79164863011	-6.0	7.90563048154	-0.851729894535	
4.43492736145	-0.861431418136	1.67430530565	-2.70764017066	-3.95115432822	8.38576471373	0.00223212474834	8.45688027441	8.53941889866	-4.2991564871	8.89725099181	-4.34993724898	-1.62465077346	-3.20318614634	6.30946826388	-4.93666134883	-4.00296294566	-5.71740664993	-5.97271221423	-3.91517250909	-3.450480914	-5.87518591307	
-0.354692248059	-1.33224383308	3.55830955229	3.86251177059	-1.92444795637	6.16224919784	6.50083926162	-0.0736712475507	5.03135610736	-0.164463587301	5.97765612432	-2.56475547848	-4.72246994372	-4.90172219526	7.24807790648	8.51587182012	0.914642722681	6.11586024826	-1.76652394498	5.29090215478	8.66585690594	0.958744838805	
3.79403977159	6.43153388341	8.99262287325	1.75165370226	7.81169286361	8.99301397043	7.38401655987	6.36716969874	8.92320651854	8.92162568852	-5.64666440791	-4.78537294774	-3.59785498574	-3.31413134328	8.69689146813	-5.52812604912	3.52225254046	-1.94134743197	-5.4436732694	-6.0	-5.91731092578	8.47894276914	
0.373408429311	3.52923512978	2.00651230922	-2.93059971584	-3.74567246811	0.79178280053	-0.238616626906	-3.71390447557	-2.81191328781	-4.4037506913	3.71696076941	6.17105357837	-3.55379209088	0.78458843186	8.33475521442	4.40594134193	-5.93257873882	0.228823513575	2.01071761764	-5.95574836004	-3.38999782258	-0.889493849189	
1.18969551492	8.99997850594	3.29382333617	1.2963321705	-5.99987841661	-1.51586083592	4.37615881706	-2.9276655529	4.67906123736	-2.17899869123	-4.10475057863	-5.86656558387	-5.99992802558	2.86410648817	5.48501872317	-0.512514534197	6.21563718372	4.18407475425	4.20029472082	-3.07466469094	5.22572224847	-4.68372552704	
8.96607167974	9.0	-0.605712081741	-5.37803028436	-6.0	1.61967229155	-2.42312418152	-5.99999999988	4.57899130756	0.654422915337	8.71621827011	-0.804005477286	-4.37685594676	-0.490263804359	8.71756594975	-1.21972663231	-4.06307094101	-5.99999994583	6.85848748214	-3.9821283372	-1.73472616553	-4.14923571764	
8.53558623643	1.95892227836	2.34570348165	-2.19165004066	-5.75039651253	7.84194704132	-2.09076481075	-1.10112890504	5.0863033099	-5.8283515492	-3.93450699314	-1.17364358502	-0.560075998294	2.53710604526	3.6836449266	6.40272515149	7.01122662223	-5.99998932932	-5.88403756847	-1.24655423013	-5.93881562685	-4.85909229279	
5.21881187898	-1.51998320954	6.01917426891	1.19475261128	7.786765705	8.98183530472	-1.12097849449	-5.32220100314	-3.73452316706	8.94805718637	0.576154400879	3.7256617027	5.52369504624	4.1533950289	1.81754035398	1.0821314585	2.92760283258	6.58414542667	8.99999638888	4.07217291338	4.80144524625	-1.85646810195	
-3.45053128733	-0.929636815548	4.90124157695	8.92609804378	1.0049206793	5.43110071265	8.31724510564	-4.25602878767	2.73698638059	2.5023365043	-5.7486676314	-3.90992975666	3.94881618438	-5.48977562306	-3.45144572177	-3.8197285346	1.74869906172	-4.03494984788	-4.32992153979	8.99969783058	8.33671509873	3.63272885412	
-0.703943471058	3.16830889116	1.95324880862	8.44826792422	-5.90083902936	-1.395949437	8.87607992548	-4.1283157647	1.66579061632	-1.9723796355	5.90542586836	8.77095009328	2.69436663201	7.23319273692	1.57923705356	3.88309851618	-2.64629059651	-5.9503784948	2.58861412228	-6.0	1.51467421139	7.83188042666	
8.86690381145	3.37085719603	1.61242834296	-2.93119964645	1.59796685612	8.84898440425	-0.0791579714104	-3.8957497583	3.37338720603	8.82933301443	8.6890614782	-5.70232315048	1.15167263706	-0.164278092789	0.9269443411	-6.0	8.29063268075	-4.06310556259	-6.0	-5.99101734086	-3.03514530212	-6.0	
4.90693305037	7.34497133804	0.287002260431	6.21909806765	-5.54741251961	-0.783073712143	8.14608611007	1.03548292952	3.68684663222	-4.28770229439	2.65513794532	-5.59723375426	-5.98110032068	-2.5594038483	8.81959340022	-3.5139174385	-0.649608885575	-3.38141167925	-4.75628565833	8.39108296803	-4.1420496902	8.99992547786	
-1.97012201154	1.2756575826	8.99999247887	7.1889054946	4.20893147667	8.9999995627	4.98491710614	8.99996928093	8.99996928074	-5.99618184906	8.49102436136	8.4910222533	4.46684155077	8.99999998995	-6.0	-3.9541277593	-6.0	-6.0	-5.21998530428	-4.98776186652	3.60511747837	-5.21457641374	
-0.545630488975	2.99795672407	-0.0872527843996	-5.38641176837	-5.73496229183	-1.05150938633	-1.95885226646	-4.08923203759	4.80762023322	1.88284527954	0.577278383975	2.25007790971	-5.99942338929	-1.58787270222	-1.94857050158	3.67097363449	-2.96277740389	-0.405187844108	-0.980152597676	-3.98969642993	7.67416675719	8.49613004742	
