-0.666224408886	6.91406442176	9.0	-0.379820182915	-5.97516670798	-1.51480639997	-1.93773456587	-1.79142594451	4.51398827621	-2.9128076774	-6.0	2.26753362736	-2.40813311597	-5.61685369928	8.56544593735	2.57372081305	-6.0	3.20962678132	9.0	2.12326779205	2.61939067871	-0.737427078557	
0.344301065025	3.8417704247	6.8720123845	-6.0	-4.30411488004	4.08204819743	3.02516738343	4.0234717808	8.34250656714	3.72079654115	-0.670266985886	7.84368946702	-6.0	-5.51307284959	9.0	-0.2297533067	5.47549036763	7.65963703667	-6.0	-6.0	-5.62329681513	9.0	
-5.44395528797	-3.05373570176	-0.480007989593	-5.15786943363	-5.9986206238	-0.937121345906	-2.43463479763	4.69035485531	8.50723246448	-6.0	3.81964431404	5.6011448503	-5.99983204842	-5.99964340577	-6.0	-2.8708738384	2.38234512038	0.259310119668	3.18798838616	4.18196966453	-6.0	8.87474374706	
-1.01005298079	7.65510666688	8.97291199448	-0.504539696821	-0.243924775118	4.28532220646	2.57621183443	-2.89586345311	3.90130616325	1.03611487705	-5.33389052724	1.18383484426	-3.17286409697	6.61606979296	-5.17885746283	-4.19393176759	0.627054752228	-3.52607435255	7.31754262046	-2.07494451987	5.39263060514	4.43335754786	
-2.34942839219	2.43514966135	8.87675907688	8.57929718522	4.52573725577	8.99479466207	8.35941132092	8.04860150034	7.27952620061	-5.99999776198	4.03973048366	9.0	-2.52836402421	3.05023956304	9.0	-5.99993054129	-6.0	9.0	8.99996322265	-3.40764267324	9.0	-5.12402079774	
-2.54732777791	3.62949105799	5.09635898916	-5.78586643848	8.71093569391	3.3984878561	2.80955635403	8.22156230613	6.3596601249	6.19980512821	8.43472414128	-3.23458277221	-1.52670815651	6.6186764353	-4.08490297416	-1.88852235243	3.74284117241	8.87683805259	-5.96889460796	4.63401937655	-5.9875310799	-5.05794886483	
-2.002640912	1.18439324504	5.44162518292	0.558053993419	2.98056534631	7.70100673823	3.80418881813	2.19031147012	0.0953653711214	-5.99945630347	-0.177222393701	3.02271380918	-3.08904801797	1.27110323431	-5.92303174233	-3.60453078427	4.8802240578	0.0699063727917	0.602253678041	-0.158469167843	7.69901197591	6.00697903347	
5.12847362687	8.98485456956	2.71205423519	1.67908652701	3.22657504422	7.69702366736	4.80587578259	-5.81617992999	-2.95575301756	-4.24576058099	-0.25410500965	-3.46381390249	-6.0	-1.19139561914	8.50560200045	2.90813047728	8.97217071025	-5.97820657296	2.81964717299	0.951210465703	1.13274577025	-3.60606399083	
-0.904753947653	1.98801465366	3.58411247447	-1.20679702129	-1.55645791232	2.88306823187	1.79576671598	-5.13847806619	4.23166143425	4.00487072975	2.98748482393	1.62893157471	-2.11570788061	-4.50509398596	-3.36069680405	-6.0	8.88481203949	-5.60938558402	2.65399455637	-0.302881311238	2.31578173365	8.08865350069	
9.0	2.70627200157	9.0	4.42565738714	-4.71158471373	9.0	-1.11890822681	5.86546289328	9.0	-5.44769315452	9.0	-6.0	-6.0	-6.0	4.37259044942	-1.70617025442	3.65995638888	-6.0	2.5367399564	9.0	-4.1461473203	-1.98521368205	
-4.27367981974	-2.42525451195	0.507623789512	-6.0	-4.2141396666	1.07807048679	8.2905226189	9.0	-0.232497781889	-5.99873650378	-5.91980158742	-6.0	-6.0	-5.82642289955	-6.0	-6.0	4.63208060003	-6.0	-6.0	-4.58857775224	-2.49085118479	-6.0	
0.366842702029	0.355562147861	-0.726855415255	-5.96744931333	-6.0	1.81827055419	-2.51982850337	-2.26392742902	8.73606020147	1.29390954414	8.9651300282	8.92172307859	-0.406629415358	3.52376414672	-5.37286782609	4.71073095211	3.70894144981	-0.503855169563	7.64191467818	-4.25420945591	9.0	-1.91451186912	
9.0	7.57854365569	3.21036306485	5.95519424569	-2.68510530037	6.15335950658	9.0	9.0	8.99890751359	-5.76414195688	9.0	-5.22423548865	9.0	-5.74867851868	-4.33370565906	3.87537425973	-3.49400389297	3.71769823901	-6.0	4.1340911329	-5.99813765162	-1.80434109792	
5.21638897721	-2.37449719031	-0.447960179229	6.09290232391	-5.99956094382	9.0	8.96912494953	-6.0	9.0	5.40280467026	9.0	-1.90196321638	8.71209352863	-6.0	8.7801620954	-5.04141067071	-6.0	-6.0	-5.53021788214	8.97021811088	8.98716407901	-6.0	
-3.30897657199	-0.389038644419	1.82172505218	-5.99840396886	-1.64316419376	0.498262287267	6.57145162238	8.89874930089	9.0	4.79574335324	9.0	3.24012198309	-4.26657883468	-0.616233626962	-6.0	-2.67722238768	9.0	4.25487881711	5.71544739641	8.58118155683	-6.0	9.0	
1.57413742363	8.93768351587	8.9699311037	0.894669159559	0.178639162671	4.67683033609	4.00896191977	6.99607163664	9.0	-2.39491011373	6.8108925445	0.850241466525	-1.58278938182	6.83109809955	4.0846929695	-5.8377048304	-5.37036309354	3.91497548754	2.79627766483	-5.49090984973	3.14620775604	0.49045466995	
-6.0	-6.0	-0.800788772406	0.52206597839	-6.0	1.09992884436	3.05626971755	0.559197320055	9.0	-1.3492869033	-4.93040043368	-5.07248847772	9.0	-6.0	-5.40856638735	-6.0	-4.13631199546	-6.0	-6.0	-6.0	9.0	-4.43737254822	
4.05630994425	3.34276088177	8.37723668754	3.50814324128	0.189704869983	8.36916219842	8.78578998754	5.12910969885	-1.38304215292	-4.94251891572	-1.66251117121	1.60871883606	9.0	-6.0	8.22893478022	-4.78634350524	-4.65211795789	-4.75690947164	-5.97844905728	-2.16055193573	8.76463114567	-6.0	
0.764176677177	1.23585038503	8.05754219833	4.43455604696	1.73238748982	1.25878499265	4.79149904365	-5.93526058308	-0.740303983945	8.99161674263	-0.293585946808	8.9506016154	9.0	6.63384156123	-2.2654613863	1.62362283157	8.60413468565	1.68562967104	-4.54304458982	1.07270551706	7.8277607077	6.47100827712	
5.93849200205	9.0	7.76038333109	3.07216511486	-2.87623044407	1.91098334432	0.800732486963	-4.69402206475	9.0	6.7006624575	3.756271244	-6.0	3.7747425771	7.94878974845	9.0	-1.55683028584	1.60447004493	-0.499092975691	0.68954023215	-2.77781073387	-2.65864352348	-6.0	
6.19878477914	9.0	9.0	4.41244662324	-0.764019085161	2.70150301338	1.64627598743	-6.0	2.84375555481	4.15413517145	7.09063041015	1.37596399371	4.67868713042	-6.0	8.99642368184	0.255257893696	-5.24706414602	3.11418740711	-4.05617136083	8.72755596503	-2.13339040633	-1.0571821511	
3.64460508035	4.04481061412	7.53960977227	2.75054633105	0.866394228512	7.90150469135	4.53080665633	0.869280627118	8.63797836182	5.013043885	5.01441610256	7.99159758173	9.0	5.52029262824	9.0	-0.88904668478	3.2077479986	-5.65701964652	5.81434899617	0.616118378236	-6.0	9.0	
-0.919426598699	-1.94646735485	-0.908018545885	0.294605535262	8.96874136604	3.50046997627	8.56293895268	-5.57989806804	-6.0	8.82878874381	-5.85011537195	-5.9912940951	-5.97786875829	-5.99994285386	-5.06536959705	3.68947385345	9.0	-6.0	-3.05512858626	-5.99213377025	7.63429450917	-5.73185546217	
-1.42375935301	1.70138570651	8.28836454023	3.52830854822	-1.25303825775	3.46646670611	2.05453744643	2.75920561154	7.68057580257	-0.732657731538	-2.94957452086	-5.94688057285	3.00429750033	7.17047374845	-0.939888411601	-0.500232445968	3.44860311093	-3.93269612312	3.7868148492	1.61705431759	9.0	4.10031736704	
-0.597914093421	2.36519183002	4.82115078604	0.00347012744109	3.91919701213	8.4851025608	2.98218374383	-1.35997382849	9.0	6.01442300315	1.77602392792	2.47723190064	6.08521514292	-6.0	9.0	7.55210830153	8.99953968955	-1.64000201149	-6.0	2.43757763294	5.84927173031	9.0	
-1.17168016249	1.42961062136	9.0	4.12215805551	-3.44787175042	1.46163609546	0.280561391233	0.668492946098	9.0	1.36918413977	8.99712020426	3.14473063536	9.0	1.18146629934	-6.0	-1.39223080091	3.51463920156	5.03071488536	-6.0	-3.80780210262	-6.0	7.6135788603	
-2.48723717789	0.36422286046	-0.679052359917	-5.50887545651	-6.0	-1.34851647042	-2.39045191408	-5.99477110277	9.0	5.31178164555	9.0	-5.47656853209	8.99371566211	8.89580507589	1.32986429987	-0.30991751874	-6.0	-5.85448053324	-6.0	-2.7603833685	9.0	7.79797084345	
8.99627615894	1.82630925619	7.15082301374	2.34903127365	-5.95679122204	9.0	-2.27148833805	-5.91145359042	4.90873844116	0.888356967271	-5.05920729463	-5.8408818985	4.12888793985	8.20490540616	-5.99747307842	8.99813086048	9.0	-6.0	6.70649839302	-6.0	5.17852573432	-6.0	
8.81123892284	7.87825983437	2.81427948057	-1.94620164765	-2.57657219578	5.77316800486	1.31022378386	9.0	9.0	-5.95448866526	9.0	-6.0	5.55940915598	0.634173414996	-0.860455609604	9.0	7.97801630824	-6.0	7.52706533322	8.8148999951	7.5784760108	3.37373918306	
-4.03924554329	-1.83751659033	1.00427008173	-6.0	-2.11005215158	-0.17654590422	7.89008162842	8.89579625978	2.06182147629	-0.602856113486	9.0	6.23353949896	-3.41809503773	-1.28810429515	-4.47412875698	-4.44998219436	-4.01424613744	0.727824157006	7.6763061173	-6.0	-6.0	-5.24673170575	
-3.05853461632	0.0967521188989	8.99387371462	4.28435963615	-3.07473650735	1.63201162303	0.320273467856	1.44798493114	7.65555438079	-1.2527382366	5.78451557517	-1.56581342911	-4.15947876686	0.0494045211229	8.93916475826	9.0	-6.0	-2.10971793954	-5.87876802476	-6.0	1.06584198949	-2.09766378619	
-5.99893385133	-2.82128334828	0.954841018574	-6.0	-5.92070334039	-1.33441042992	-2.94870895644	-6.0	9.0	6.55538430447	4.60411512962	9.0	8.99896134719	9.0	3.86260957557	-0.438455266773	8.99999999918	2.68869095615	-5.99999999782	-5.99999994294	9.0	8.08779128824	
-4.07632138013	-1.85722459574	0.984839491503	-6.0	-2.51546230556	0.660663056125	-0.47369268117	0.407298904773	2.45122002989	-1.36529968054	8.53932344712	-2.89218180381	-5.90718056978	-3.75981311124	5.13362438705	-5.34159404759	-0.36273166681	-1.39152238892	8.99777861543	5.86741251616	8.62040478805	2.66574196483	
1.73502462125	-6.0	5.59924648361	1.30787540198	-6.0	9.0	-2.20118443154	0.610852902247	9.0	-1.34151239227	7.15715006143	-5.10964324561	8.43991522409	9.0	-5.3858954455	-6.0	7.53546138428	8.00044580967	1.97751456147	0.769253285218	9.0	9.0	
-2.32156835637	1.22311947898	7.84174497057	2.3459538406	-0.338036477541	3.66578467471	1.40868698962	-5.604750128	5.25244368425	5.60861834896	4.85874752766	8.99999279115	2.25432693608	6.60573583293	7.84928315085	-1.70912917928	-5.99931789972	3.36083862559	-0.755039460647	-6.0	0.738096445673	4.12560426612	
6.09827090643	9.0	-0.838853817184	-5.99906613645	-2.77837769078	1.55565318325	8.89288378229	2.20165977024	-6.0	-5.99181660281	-6.0	-5.91484638398	9.0	-6.0	9.0	-5.34951447694	9.0	-1.46169585509	-1.54372993151	-5.52582250819	-5.53148441898	8.95541675042	
-6.0	-3.05256672944	-0.606005239602	-5.40414006255	4.4258372245	8.99527179273	-2.41259529174	-6.0	-2.25325104235	-6.0	-6.0	-6.0	9.0	9.0	9.0	-4.67858530985	9.0	2.24965489735	-5.89650441014	9.0	-5.71819165289	1.04789162055	
1.5985317953	4.51577468242	9.0	4.0812443248	-6.0	-1.29442997133	-2.3118582991	-6.0	4.22423472584	0.566082121168	5.7127627431	9.0	-5.69476453349	-1.81286456573	5.88192714685	-5.88793649191	8.75573524616	-3.79604351093	7.71343106798	2.99890053787	2.71504977714	6.5681713544	
-0.930389079913	2.95771912388	3.66651216806	2.16946518353	-1.64781444329	2.53000736978	5.2992487109	-5.90326033549	1.9021427816	1.91595947706	8.38425318109	0.475265105893	2.20869101975	7.04732673714	-5.66774038311	0.738936163957	9.0	-1.4928283768	5.54947091997	3.61064761846	-5.25550239377	-0.456404934832	
6.09473672141	9.0	8.36498950358	3.56889182191	2.9768515435	7.60532262447	6.62842891175	3.57596662671	4.46442967265	0.15948076665	9.0	2.68954159013	9.0	-6.0	8.99181978128	-6.0	3.44355876589	-4.29742166506	2.00305476443	5.94395535157	4.8813792518	9.0	
-0.82396307064	2.72920431302	5.78213417073	0.719023246998	1.1643054597	5.73428935936	3.03061122033	-0.536696560477	3.39347191509	-0.720332464294	2.18946308256	5.34048499524	3.39137958322	7.92013424061	3.10288697397	-2.71889388592	0.311956340224	6.19320397529	7.09081992264	-5.99949560048	0.254418555176	-0.871122700591	
0.827853276684	3.30618502435	5.89008657222	-1.3106998489	1.7290972531	6.10276573229	4.4740147459	7.51281191669	8.07370102599	0.837285832068	8.36454573802	-6.0	5.36027506578	8.11575656436	8.99539421185	3.13818801937	8.63372390187	-0.880326835545	-0.473750525966	-1.42930338967	1.37775499444	4.29258312081	
5.73050315939	9.0	9.0	8.98451090045	-6.0	-1.34590661329	2.54246501562	-6.0	9.0	5.01473738931	8.84965163312	-3.45349800901	4.524287321	8.81175393279	-5.91991475577	4.50462337849	9.0	-0.767769744357	9.0	-6.0	-6.0	-6.0	
4.68174407923	4.8578636807	-0.192378180197	-0.23795358197	-5.81915634898	2.13798161563	3.37237096685	-5.88418252992	5.90588375176	2.44348559167	1.00317298706	-4.93300501004	-5.92924993391	-1.71101191355	-0.883521478941	9.0	-5.83320177209	4.87201391104	7.19107587509	4.35494880367	-5.91856578313	-0.444537807838	
-5.84632492273	-2.90887362395	-0.446171480539	-5.241472365	4.4072605026	9.0	-2.25067260187	-6.0	8.80428212534	5.20138388078	8.99246848302	-6.0	8.01502092797	-3.28139287645	8.96682602798	9.0	7.18942849902	-5.80074062733	-6.0	-5.81295710824	8.12504566423	-5.99260784522	
6.22073713168	9.0	7.48259202332	2.59115131799	-2.23737465554	2.6335255483	1.545426193	-1.82847398376	6.7319044148	2.76053544649	8.62449795496	-5.91308477641	5.56212193	-5.99699431634	-3.82639284222	8.69686840422	0.691066159356	5.97285551359	4.3556339904	-0.610003291407	-0.320809858367	1.82392443037	
8.99571444388	4.30711670948	8.45257635938	3.83131167386	-4.55875932094	7.5509331952	-0.948849892936	-0.551676387456	1.82085575032	-5.99870433481	-4.73318323287	-2.07918166892	8.89536897032	8.97865017535	8.85052878979	2.15978329936	5.74943519201	-6.0	9.0	3.14612330624	-1.15099937983	8.31807518524	
-1.20401393727	1.70727518403	3.7508329341	-1.03820971427	5.62688875189	3.1487831623	1.94346565129	-5.43551664809	1.89515769376	9.0	0.92018494354	0.595395895839	9.0	-6.0	8.07658491363	8.38037953073	5.03137359081	-0.0732453268298	-5.9242221296	-3.42036582078	3.17629756043	-6.0	
3.49946978364	6.41965636367	3.19828114295	-1.63479264988	5.77666027579	2.41530990046	1.41453951912	-5.88038815738	0.713250704308	8.68355199198	4.59603511358	4.92271108883	0.575464731826	-5.45858674027	8.59011909882	-6.0	6.64092049693	5.84841439792	9.0	-2.11970755417	-5.66110292643	5.67992886617	
-2.48163475193	0.248902421515	8.99867563208	4.36889942744	-0.818905177062	3.92970230949	1.3626252873	8.88472546825	9.0	-6.0	9.0	9.0	8.98557920392	-1.15201416973	-6.0	-6.0	1.86127702456	0.735465676709	9.0	7.44055288296	9.0	7.74005058038	
5.8760921842	6.74865064598	9.0	4.17213646557	1.90552840383	8.71051143354	3.09873001469	-0.620060831116	-2.2457080756	-6.0	-6.0	-6.0	3.7112432428	7.60114475309	1.15417031214	0.111114806241	-4.8080487521	0.860621235563	8.09712452891	3.20569434022	3.36721668999	-1.28325752815	
5.71714241173	8.56454877417	5.12803800996	-2.41259987825	9.0	9.0	9.0	5.42468898334	0.0545482976918	3.75034623217	9.0	9.0	6.64396869131	0.598673401423	9.0	-5.99995136463	9.0	0.72395501866	-5.21571889458	8.97700007043	3.99983584712	2.70932371464	
8.70360813033	4.94767278409	3.17096910502	-1.55362179906	-2.2390875901	9.0	9.0	8.94028127221	1.33104310656	-6.0	8.67006399923	2.799304128	8.6319026041	-0.933563224462	1.5903443646	-5.94469324618	-2.98081326201	1.93744674117	1.68628768069	1.30972391759	-4.1605696275	8.64407235662	
-4.04527674693	-1.6299674034	1.01464284223	-5.99909437461	0.731360710568	1.35727239632	-0.48398171636	-4.8541604988	1.91206225656	5.77041778937	8.21892213991	-5.99562438533	5.43808003334	7.82878319614	-5.96275849391	-6.0	9.0	-6.0	-2.67233158475	8.99571044435	9.0	-1.344892299	
2.52135867417	5.76296003036	9.0	4.06615549786	4.36150000037	8.99669115848	5.96535996203	0.56664719184	2.56282732601	0.399453291606	-3.21607040168	-0.0597602812632	4.81638658181	8.99878181819	1.18617065725	1.85360740207	7.57247861653	-6.0	-6.0	-3.83056102135	-1.83441246047	9.0	
6.02106674476	9.0	6.32771680798	9.0	7.98208705842	2.47693591938	9.0	-6.0	-2.17635248675	8.04934042324	9.0	9.0	9.0	9.0	-3.87763903266	1.83820331401	-5.24575621735	5.22261300218	1.8377771643	8.97565042308	-1.63982536092	8.65506067244	
-5.11174554223	-2.17252741051	0.431377755396	6.05430062796	3.79624307694	8.38974558429	8.99998135312	-1.99014619736	1.83930322782	-4.9437361544	2.85165689891	-5.0102281153	8.77151527931	3.70881578726	4.35811700146	-5.96000384046	-3.3967730251	-4.8195779114	-6.0	8.98117325239	8.50026135252	0.539339471555	
-2.13462844293	-2.215854573	-0.688677991604	-1.58122041025	9.0	9.0	5.80558533426	-6.0	-6.0	2.16048266116	-0.138670912218	-5.48103969796	-2.0218083096	-0.973913769792	-1.78621144659	6.5206218331	3.57513869751	-5.99999998777	-5.95779465497	0.0379785340758	3.0818883353	0.312953921604	
0.791065545995	2.99808088648	2.9413572019	-5.27788079564	-2.3262569137	4.78735794667	9.0	8.9995093018	1.12016395004	-4.57165064395	2.53375373785	-0.356210461881	-3.06421726716	3.22049961998	0.976633151031	-0.752244185852	7.16847550674	-1.72712106845	7.26222578783	6.87156185648	1.69202441759	-1.19787774274	
-6.0	-2.92276699932	9.0	4.28777748154	4.26909173988	9.0	-2.36308083144	4.91033163555	9.0	-6.0	9.0	0.128212158454	4.85037380793	8.97924945122	8.67947421616	7.77454175504	-3.19655657618	-5.43713940977	-5.16183607532	-0.303604710675	7.68552321268	9.0	
3.4689164094	6.83721213588	1.06458192088	-5.82987710523	-4.11787891834	0.637326961973	7.84834947756	8.73233469311	0.501752245684	-6.0	-0.552712236001	-4.9233661849	-1.15618261077	3.54374646663	-5.75504926594	2.23469020232	1.84842260235	-2.07178394292	7.25353010976	-5.91985310848	-5.85892831848	-6.0	
-0.57626071666	2.32868599195	4.83468637089	0.0443670690128	3.54840313377	6.771203117	3.01615326042	-4.31457302702	5.44614976416	6.82288087022	7.53355130933	-5.97459394841	-6.0	-5.00132159734	4.12048768844	-1.64383059707	4.32714923267	-2.94005664903	1.37875353092	5.67983366336	-6.0	-6.0	
-3.0094319847	-0.758117048751	2.01217841575	-5.05891149717	6.93746468388	5.99388892227	0.504802454182	-3.79105888748	-2.38674196236	3.14213817089	2.56060069182	1.46405223183	2.93397095427	-2.21849264349	8.99999982249	-1.80708472302	0.477786668023	-4.6857326562	2.82528942941	-3.10100039894	0.26937455565	7.33624893824	
4.94348532523	1.23107508067	3.03693292305	-1.7069918732	-2.12156403736	8.76018589517	1.20950723754	-5.72630547487	8.81677786133	8.70766984241	5.52791378976	-2.47795277875	7.69824106307	2.12529948628	1.20732702161	2.60892431888	-0.479608248046	0.714121337477	-3.19800369058	9.0	2.0767066503	7.67403579702	
1.95720227511	4.80935801614	9.0	4.05873428118	-3.07792547276	1.75616443582	0.223576521197	-4.50029246208	-3.34923785029	-6.0	1.25881289894	4.54775582642	5.39647219906	-6.0	6.42697900685	5.82666381404	-4.35363185793	0.174178296194	6.79773473771	-4.9617090602	9.0	-4.97953544368	
3.78621042309	6.62984577225	-0.430898392709	-5.27027457881	-5.96223035708	-1.28215892601	-2.30038337938	-3.70000497412	7.39408422495	1.48748778544	-5.74482639346	-5.6975631949	2.00476966343	-6.0	-6.0	-2.36277333262	8.99709276808	-4.76027205726	-5.52167379663	-4.58570217398	-0.270246574454	-6.0	
-0.653712146847	2.83131936923	3.32368112777	-1.56361835813	-1.95547287465	2.47957825561	1.45839846419	-6.0	-1.18474689645	-1.42365933819	-0.899832564953	-5.41149008037	-4.251750811	0.138246565724	-5.63728669121	3.12950456276	1.42902755702	-1.4213565764	5.35444858378	-5.86649517888	-6.0	-3.6883925474	
9.0	3.58373957682	1.39616352117	-6.0	-3.35013111822	8.99593613302	5.61809526029	2.36973278208	-3.1543664743	-4.01741975873	2.775523471	-1.65889781185	8.94619215585	8.6162171859	-2.03521473891	-5.93220406444	-0.678696047896	-6.0	-6.0	9.0	-4.70372682614	0.268816828902	
-2.51326668556	0.204282859093	6.82550139212	2.19943246722	4.15946391535	8.91772076085	1.33511538513	8.84933722769	9.0	-5.98296069228	8.14153530985	-3.04513783927	9.0	-2.80308311072	8.12945384977	-6.0	4.28892035975	-6.0	5.57330016328	8.09381524872	9.0	-3.48587312073	
-6.0	1.08719611807	8.99973680409	-2.33311374585	-1.54323341721	3.01626325194	-2.33361374203	-6.0	7.57880079769	6.35479151287	-6.0	3.77746927784	-1.79460935962	-5.4077117721	-0.184674082581	-5.63639177477	5.1876121253	3.65073886526	9.0	5.80211092245	7.89439888074	-3.06632252761	
5.99733265779	8.92435900447	3.1555399294	-1.64051797988	3.99074933588	8.60311861283	6.524964491	2.9111902136	-2.24959336791	-6.0	6.58214484688	-4.471619245	-5.8003916777	-5.99983457839	4.36588718656	3.548117716	9.0	-1.5701020924	1.26509766498	-5.46380464316	-5.36193608445	-5.92124950191	
-3.93185063074	-1.83818960052	1.32452060454	-5.22390687451	5.09346102706	9.0	2.93359844612	0.0789551589944	-3.54393386993	-4.61592136123	8.90176381319	-2.8700887659	-2.97682387591	-3.53351936411	-0.978402346256	-3.39619048193	-1.88485895471	1.71186938201	4.89913535789	-5.69177880505	4.13594572151	3.07659355333	
8.86159940927	1.46183522062	1.27547779298	8.09350591033	-6.0	9.0	8.8681466554	-3.79928182529	0.786639380032	-5.58315399867	8.51985169434	9.0	8.98382827496	8.61769977582	-1.08377261412	-5.38676327877	-2.97970892395	-5.54390146879	-6.0	-4.90446819264	-1.95710191081	8.66399327161	
-3.59144983816	0.359972074861	2.1667256178	2.74913875239	-1.8883024926	2.6030137997	5.96076607179	1.35227916355	7.49522024543	-1.52500832638	8.91784657948	2.58775519027	-2.93975183858	1.91343731255	1.83274111383	-4.24973032717	-4.30171831912	7.01733957246	3.92718898654	0.50684959452	-5.25025742879	-6.0	
0.587194837315	-3.38995700148	5.10585179865	-0.447283038635	-6.0	5.60562312692	-0.541770787015	-0.547293087159	8.31288519885	1.70623563894	2.1733793289	7.95963339613	2.66000185229	-2.63459276122	4.78929204844	3.20148388201	-5.05935476312	5.54719906704	4.61099680041	-3.48292689806	-1.19770124199	-3.83126367501	
9.0	1.52964135501	9.0	9.0	-6.0	8.99993063364	2.8731610724	-6.0	-2.7201595769	-6.0	3.20556830382	6.82759900678	-1.09396549534	-5.69191643512	9.0	8.9671413651	-6.0	8.40104687328	-3.65709719753	0.125917478584	3.78453979795	9.0	
5.87184449452	9.0	5.70822669521	0.866200432738	8.32192505803	4.97827878111	4.04321427678	-3.40297802867	1.04909498306	8.9710027273	1.23356982064	-4.34679545272	-6.0	-5.98352606686	3.14607421828	-5.98356041075	8.98533054932	2.67828957088	5.06235066314	8.96949105644	5.63554433897	-6.0	
8.83514047434	8.98332945598	2.22103259103	8.6120919807	-6.0	1.31198513412	9.0	-6.0	6.73824312766	3.26003587878	-1.64579375604	-5.47002060532	4.92596944981	7.19632465864	-4.06619259858	2.81219322718	8.92795748226	-0.199701916708	-5.14487227602	-0.186346859692	-6.0	4.44226083473	
9.0	5.70430705747	-0.319959749352	-5.1505648606	-5.99985642447	4.97176018626	-2.32962319253	-5.38845419363	3.91256667317	-0.487588418389	1.52716553357	-0.0385010320482	-4.55384316754	-0.637819478422	-6.0	3.53843726799	-3.03623922419	-2.21021958606	-1.44822599007	6.62084944904	8.90720035208	-5.97644188069	
2.05900695673	7.8431133555	9.0	2.41791635368	4.2712923112	8.78960265452	5.50598802836	0.0262486486126	2.22707988658	-0.638563891936	2.34029415156	6.0078891596	-2.34754669612	4.54257394015	3.21810524244	3.65336751029	4.25085651931	6.41474300147	8.54208129039	3.21489824081	-2.41576278251	0.463148463941	
7.3964621705	3.5640979448	9.0	4.68880522491	-2.39909226278	8.98873245274	1.81357041823	0.406745848269	0.501803393556	-5.96636246164	7.09026531667	0.647126543153	-6.0	-5.576007357	9.0	8.97159847991	3.20204097378	8.90701088476	-1.33651235204	8.79319847589	-5.44256541418	7.36953256124	
-0.415809724467	3.28678654197	-0.708279001726	-6.0	-6.0	-1.43959387669	-2.55010326481	-1.00336646553	6.30974401707	-2.81949429268	3.02675611469	-3.32456930041	-5.96027613951	-1.23312210865	-6.0	-6.0	3.79678021931	2.14560437751	-0.664554597332	9.0	-6.0	-1.88162506429	
5.44597145766	8.49649105196	4.98787698531	7.33979740404	7.22450301566	2.2593219974	8.78788612369	-6.0	-0.718269052509	9.0	8.01305835138	7.3872159517	9.0	8.88783821853	-2.74234171831	-6.0	-3.76247194673	5.9025196982	-4.00797475835	5.24172841463	-5.74839127345	6.80730780715	
0.616349748781	4.33566330757	3.27874491181	-1.70647378139	-2.21342643565	2.325361477	1.43205727075	6.98507548496	8.22235611729	-5.22251812583	2.45110777272	-5.19398469904	-3.74904531471	0.950713999043	9.0	2.06362633982	8.99045578857	-5.99999730666	4.18167068175	0.939164906055	-0.243428103915	-6.0	
-1.48419353133	-2.23588433824	-0.659167342165	-6.0	-6.0	2.69082427003	7.86988306755	8.01174482065	8.89407022213	1.53653726425	8.78405015337	9.0	-5.55354816706	-6.0	-5.43774176759	3.52224859262	-3.23263519927	-6.0	-5.99453626507	-6.0	-1.97686753698	8.12309514414	
-2.15254698173	0.587366144439	8.15694058715	3.52037655669	8.26576649029	5.43586558822	1.46437907884	-6.0	1.30727807855	8.87543249744	7.84940523165	1.80018949234	8.16779589315	-0.958871572255	8.96711604363	8.56413570246	8.07572978395	0.21424915807	-6.0	8.99999707674	6.60245949423	9.0	
2.01731119974	9.0	9.0	-5.41387750223	8.28835277412	4.47342741552	8.43606941012	4.83737314729	-1.22676445197	8.99999239601	-3.36940480517	4.16440145011	1.98590601705	-6.0	-1.57512002929	3.66903705027	-4.68781888266	1.24818762408	-5.67341845801	8.6848710402	-6.0	4.43426156797	
1.25602222535	0.970702078793	0.9323165879	-3.80587720867	-4.49289230389	3.26806778908	-0.856429282012	4.76805122287	7.18076708872	-5.79167115058	3.91510465757	4.16152967527	8.42863404904	5.34161314548	-1.4666881399	2.92646163535	-5.44255366802	-0.428506911366	8.749262088	-4.37390238245	-5.90937959419	1.27476598637	
-6.0	-2.80447418012	-0.807555919827	-6.0	9.0	9.0	0.726113054203	-6.0	2.79266444633	6.90900348593	2.24647816802	-6.0	8.95744229595	-4.50154017481	-6.0	-6.0	0.362360639375	-6.0	-1.05361594788	-0.408567772748	-4.3893684999	-5.20097388009	
2.64368385953	6.68131696495	-0.173921682366	-2.29414106482	-6.0	-1.48096411378	0.70519660306	-4.71366676983	0.27810557821	-5.34867515387	1.17188495408	-6.0	3.0506314481	8.06962262094	-6.0	2.77426800551	0.660875755366	9.0	5.9861190865	-5.22271621526	3.23863136423	9.0	
2.23944327944	6.2016022754	1.88511402682	5.88766457343	-3.84418428418	0.615569622753	9.0	-2.80247793728	8.72917531799	3.51401024513	8.9901862188	7.4794234958	3.29473219285	8.17161284778	9.0	8.99996052654	7.0081874028	-5.96536387059	0.62776694569	-5.88072858301	-3.60377011902	-0.077942494107	
9.0	8.20000877153	3.75893962351	-0.991685023648	-1.63997382994	6.58201085267	1.94441269345	0.058843786134	3.20138310126	-2.20388317381	2.26281432733	-3.96707898575	4.65424566753	2.79015484296	-5.03440982351	-3.37537849194	0.40523549975	0.280203815993	-6.0	-6.0	-4.40033790105	-2.38684777072	
5.13054857239	1.23579677856	4.11270968545	-2.84921621143	-0.889300555313	9.0	9.0	7.14993776037	9.0	7.29005155513	5.29994891508	2.22917665148	4.64604543681	-4.13885446666	8.43966789777	2.84047142569	-5.97016442374	-2.26522856209	6.00832806279	9.0	1.84527483648	1.64475296999	
-0.477142311274	3.80517838706	-0.0977277987101	-5.3351084547	-6.0	-1.4931923364	-2.30674136875	0.433703055209	4.9128870707	-5.99805070604	3.54113885204	5.72551970873	-1.14267894169	4.1517885039	5.06451180791	4.50238584769	-1.8453395418	-4.87254784763	0.846681127638	3.10096597553	9.0	-4.54730270045	
9.0	6.91224120635	2.53961679983	-5.03460442972	5.71012058295	9.0	2.2730605913	-1.41636844431	-2.47770260432	2.9808659801	0.805206816192	-1.21406965169	9.0	0.826659426802	1.68624227225	8.92164836016	-5.64142025053	-0.76394273472	8.56004664454	-5.52362620987	-5.40592867176	9.0	
4.73164883637	2.28202397469	7.09682376955	6.70496151226	-5.78066344284	8.96302286645	7.14489761464	2.32303020096	5.67847012322	-5.99947162264	-5.75276608985	2.17636609809	0.289380370528	-6.0	-6.0	9.0	-6.0	8.99914236942	7.63697848179	-6.0	-6.0	3.83197145435	
-1.97967946913	0.674768981482	6.35216390713	1.60684324934	1.11153340323	6.00644055852	9.0	7.35078585745	-0.0969570032951	-5.806533112	0.021049116637	-6.0	-0.238543439793	3.391252241	9.0	-5.21959416665	9.0	-3.66120729394	9.0	5.04447501838	9.0	-6.0	
-0.919830725114	1.87318678748	9.0	9.0	6.83494446472	7.3822201087	6.20922089993	-6.0	-2.4613282299	1.7462895024	3.21821864066	-3.8995642433	8.00861550876	-5.2691014827	-1.6126436129	2.49931311568	9.0	-6.0	-2.69138776598	8.93913993247	9.0	7.77636061568	
-0.595205260142	-0.127985265795	9.0	4.18124635131	-3.32960827985	3.74952193166	0.302262681979	1.77025575205	3.76649526049	-5.04957116159	4.12767178553	7.2150085195	5.53524333912	0.222766419748	1.32300960629	5.08439132815	7.53271046494	-2.47027133693	-0.664272085097	-1.78024459746	-6.0	-5.84777210282	
-0.670755740536	8.73911987312	6.45752100677	-6.0	2.17813818046	-1.32781464787	7.39616308005	-2.59571785662	-6.0	5.93083126499	-6.0	-6.0	-6.0	-3.75686632797	0.326673408135	9.0	-4.6880121778	5.97661831075	-3.5828082119	-6.0	9.0	-1.7253347536	
4.14476827875	7.52433936925	9.0	3.84605949568	3.88190739978	8.03099027846	5.03984083556	-2.27735959053	1.19583075776	1.53886954985	3.83432334987	7.5810620913	-0.448974246174	3.81738230553	-6.0	-2.30235949483	9.0	9.0	-3.30735723444	-0.354190889357	4.75472118516	3.30662168815	
-5.18722713928	-2.38390062771	-0.155496670147	-0.00428070717729	2.20348282831	-0.156575474112	6.10432911729	-6.0	2.0911322622	9.0	0.783009444038	-6.0	2.27372249788	-0.0554736414591	-3.98588056191	-6.0	0.96290170803	4.19159779557	8.29961392129	5.07045481812	-2.52358093171	-4.03137194451	
5.69336600397	9.0	6.34734830377	1.12293186341	3.15539278641	7.73348887811	6.932112847	3.04099148659	-1.64051849994	-5.02480461379	5.05500790932	9.0	8.99945861748	5.82389855209	-6.0	-6.0	-6.0	4.73273795974	-5.95894064948	-5.44121852376	-0.683753244943	2.28459307992	
-5.09329432927	2.006467521	7.06188469111	5.07131518849	-1.28373862517	3.17262199488	5.37347699688	-5.87832548002	-1.2130048932	-4.14627571588	-5.4755522041	-4.05149544696	7.96210915646	9.0	-0.983770583596	0.978916227371	-4.59876197138	-5.07702845971	1.50760717324	2.38439998468	-5.17925884732	8.79089420154	
-5.99941861909	-2.25424300424	-0.417130227556	-5.36847775317	4.41474764033	8.9466081851	-2.31448334483	-5.8407508365	-1.57828403425	-6.0	9.0	9.0	-5.99735888277	-1.25720572718	7.27157514169	1.10970621129	4.12352008438	9.0	-5.80679431653	-5.98826707655	-5.9999325947	-3.88517680157	
-3.36682448324	-2.23531353576	-1.01661846065	0.913982928242	9.0	1.04854220086	8.72585353331	-6.0	-6.0	9.0	-6.0	-5.7941030366	-6.0	-6.0	9.0	8.60455405057	9.0	5.3268715708	1.57997164289	-5.41945035769	-5.45441200902	3.85813869248	
5.13819153751	-1.54470574499	1.28306268337	-5.99621795779	0.936456983776	9.0	8.47272979995	5.00136790706	1.33008195316	6.0215965398	-3.65036424477	-5.70436918303	0.889115503174	0.493805710522	6.29825084142	8.82003230469	-3.62318942177	0.90712138997	-3.01864571454	-5.75348457718	-5.96492915071	4.0443555357	
-5.60618535027	2.89623770269	8.81031908579	-2.55994579653	1.44598329026	5.92611652428	-1.93396982767	-4.92115627966	1.83289567681	-1.40630640351	-2.56322362286	7.46972815891	3.75660210056	-6.0	-3.14750994759	-5.74097902521	8.62781895335	0.483095092105	9.0	8.96151646328	-5.09381503526	-6.0	
-3.97235616208	-0.131479627563	1.54039819171	-3.48240088508	1.3402538567	5.84649264695	-0.368830386636	0.695249904757	3.48334445227	-5.52600424729	4.41561529134	-6.0	-0.964146213952	3.85787304637	1.8408873468	-6.0	8.7833655758	-4.78289026172	-0.56087988065	-6.0	-0.743059944723	-2.57908049424	
-0.0565151421758	3.43428826389	9.0	3.65735503351	-1.56711218055	3.00243429416	9.0	9.0	2.18094788003	-5.15316113131	-2.25777673642	1.69787914675	-6.0	-1.60752832743	7.36652934232	-0.184014195385	8.37690652828	-6.0	4.19216824616	-4.30101898135	-1.52148327291	-4.36288317951	
-2.39566270084	-0.811024110549	3.09998161821	6.17943314633	-0.783476333377	4.3840808963	8.91733432755	-5.83682932944	4.74928236554	5.18908393753	8.88914797003	7.9825151702	8.93146003926	5.12202407278	9.0	8.89550458207	-1.21865755099	-6.0	-6.0	-5.97349741542	9.0	0.693372399486	
4.9902420735	-2.03971170118	5.43774453068	0.408647756114	-5.99904488034	8.96866393129	-2.19678158061	1.58745894642	8.90600614652	-2.40782553356	-2.17123578387	1.09875886573	-1.95405064971	2.09147207279	-6.0	9.0	8.99203817821	8.19201058807	-6.0	-4.91638926206	9.0	9.0	
5.64499901363	9.0	3.42174658843	-1.80899752196	-5.15900334602	-0.559051401483	-1.24108501365	6.21283411165	9.0	-5.79705437808	-3.99806835604	0.0452486596068	-6.0	-5.32282991136	1.31812506987	-3.89632118471	-5.72729730514	-0.658420884478	4.81892652605	-6.0	0.968238917758	-4.87493810388	
9.0	5.03401038953	3.0412304605	6.00799827367	-2.4265270819	9.0	8.9997745746	9.0	9.0	-6.0	-6.0	-6.0	-0.788184342146	2.93561860869	-6.0	-2.76080114862	6.22422462646	-4.78975369516	-6.0	-6.0	6.51149713285	9.0	
2.32408333868	5.4454279734	4.28479984043	-0.620824132416	1.01150867008	3.44842012057	1.90901063851	-5.52713322629	-1.87239264196	0.325947301107	-2.09223232892	-6.0	6.92539032864	-5.59495843916	5.55934150805	4.49282973851	-5.87591560933	-0.248817811372	9.0	7.53552614447	-6.0	1.6647946022	
1.8834723253	5.20587445369	3.44510561665	5.87982884192	7.07994996127	6.73278021729	8.91629445382	-6.0	-2.20483355575	2.641601533	7.41685917321	6.92361309798	1.89464735568	4.24667299168	9.0	-0.416373839351	-3.08587393347	1.99519411501	2.43948674221	-6.0	-5.6798923391	4.85475058095	
-1.53425269101	1.93958781163	3.97063420857	-0.889316111045	4.40060335507	9.0	3.52601005393	1.12107943284	-0.371423951072	-5.88442470975	4.29355870489	-0.0318262732756	0.30073481856	4.77806596018	2.31053331457	-5.95763242119	2.90695160844	3.34016810974	2.20290475931	-5.87847799782	4.37024900548	4.26205782208	
6.50625252998	8.99837569345	5.81205732811	6.10991375281	9.0	9.0	9.0	-3.66281953057	-0.214917069086	4.98949389705	-0.714995912543	-4.50118399265	-2.27945992951	-4.33291973102	1.66088987402	5.1172554304	0.91525667143	8.28499216988	2.93134681621	8.97611156342	8.7903976338	-5.95733931375	
-6.0	-3.28685900216	3.57169826844	-1.05927261995	-2.21969155165	2.5399656588	-2.38702333908	0.967952115395	9.0	-1.81285574856	-1.77257094604	-6.0	6.30194303389	-5.3428038618	-2.18924116562	-5.51465408686	-6.0	-6.0	-4.94952312928	-6.0	3.61417965357	8.97788260909	
-6.0	-3.07062692174	-0.923252889408	-5.74471433915	-6.0	-1.39703930281	-2.7113784708	-2.18761261964	8.00692284106	0.146871020094	-6.0	-6.0	9.0	-5.99323595475	-1.37950291495	-5.82555062509	9.0	0.585285239596	-6.0	-5.5080996186	-6.0	8.89912870956	
-2.59089580785	0.151073808021	2.60294409294	-4.78699169105	3.72122101186	1.10274583956	8.99752903729	6.92294449148	1.17209393273	6.01157880057	8.92152493399	-5.98986464811	-4.68363022763	-1.69177057912	-0.56768637391	-3.76464694324	9.0	-5.89194650789	-5.99815378132	6.78572377168	2.82307449169	7.75050087997	
5.78682293691	9.0	8.81305521629	5.91636596509	8.41872550253	9.0	8.99239753887	-0.463471098949	3.34684698821	7.27315985137	8.65814471645	4.00219995931	-1.14252074392	2.98748032004	9.0	-5.72237344706	1.71205062189	-6.0	8.65925003691	9.0	1.00874028412	9.0	
4.95487739219	0.297395048595	3.05166748335	-4.29265648333	1.75341916	9.0	8.92703279664	5.3503742829	2.17994919256	6.0095644149	-6.0	-5.78592696948	8.76628969787	-5.75406709203	0.0928372229405	-6.0	-5.64323081608	-6.0	8.71369428372	-4.03982378816	1.16195001417	-5.99289113485	
9.0	5.53532725823	9.0	9.0	-6.0	5.11914307188	2.77055531606	-4.99429857338	9.0	4.49026500697	5.47394831464	9.0	8.62849047506	-4.87166788657	9.0	7.58543172903	-1.5938376043	9.0	-1.7539415219	-0.0613696383496	-1.45887588758	6.03710714112	
-6.0	-2.5400644221	8.59889502891	3.59050566329	0.128349116654	4.73919664851	-2.10473232693	0.113677485899	7.08393209581	-2.80059529465	-6.0	-2.36296034152	-3.45968704979	0.840476873799	1.36201707911	-5.43093451389	-3.68917996964	1.98102639086	8.91225817487	3.2424130195	5.7162688342	3.05209826981	
4.39514341105	7.95269314703	9.0	1.06611218789	1.28073509889	3.61197383004	0.759580648043	-5.98855625093	4.79175410387	8.95544632552	-4.37552832434	2.28581914016	0.168479297837	6.50486727614	-2.66243742841	3.62227587096	-6.0	2.34959385182	0.818277952161	4.65585392779	-1.46657332163	-1.53662556085	
9.0	9.0	9.0	4.18091763502	-6.0	1.67942007263	-2.28802614562	-2.38884473231	5.62516182798	-1.75422217622	8.9753305811	8.59075593589	3.10951125405	7.01020069003	1.66950474101	-6.0	-2.16383293884	1.55832280721	0.571030256522	8.99856354249	8.9740634923	8.91170016355	
-5.46434800756	6.46405949907	8.81819220997	-1.80517983323	-3.61725721762	0.596126295355	1.2790979767	6.1367153501	9.0	-5.99276993006	-6.0	-1.96197453566	-0.6152799536	-3.30614619672	-2.6916865419	0.370741120771	7.12163096479	-5.63509764505	-1.16624612158	1.0127702916	-3.73543258347	-5.99993223718	
2.40210436905	-5.17490879326	2.39423838359	9.0	-5.61601167787	9.0	9.0	3.31880725051	6.31259618114	-6.0	-6.0	-6.0	9.0	-6.0	-0.134704582279	-6.0	-4.84368133674	4.28222872352	3.42394953226	8.10431520108	8.01304585197	8.26201912131	
5.46188565618	8.23439664512	8.30949098955	3.49536612081	3.7178601727	8.47116770201	5.33556586218	1.61492178463	-2.37707320747	-6.0	-1.08368699012	-1.51875330521	8.85936586901	-0.812622163849	1.13426150149	4.44219229755	2.32542994011	3.57526995092	1.2851861667	3.98509168258	0.763076893778	2.04009450421	
0.378941641072	-2.47669220411	9.0	4.30387443709	-5.99163278239	4.50096175956	-2.30147354196	1.37484844666	9.0	-2.23605800128	-6.0	-3.46206398801	5.14344044868	8.99994348121	-5.93313570031	2.88451233449	6.21375643523	-5.86744214469	-6.0	-2.15587316369	4.85413242004	8.45553658492	
-3.45288463064	-5.99892334321	6.62172703473	2.31241504916	-6.0	3.80755207058	-2.20992909802	-5.71613555597	-1.99759671856	-6.0	9.0	-6.0	9.0	3.52277508401	2.04019071044	-6.0	-5.31644756906	9.0	9.0	9.0	9.0	8.99363996279	
3.20840931436	5.82681583652	2.76405837158	-4.81972047613	1.15851042382	1.73984182708	9.0	5.39886780084	2.80523166066	6.20474073884	0.975024480454	-6.0	8.6172882706	-1.58312905718	5.91952491472	-0.546630576574	1.27269227237	5.3561435875	2.31031714956	7.63034748663	-5.24322572163	-0.824998245392	
-1.70360237875	1.2302482361	3.60371251382	-1.19376134855	4.39844718873	9.0	2.55643839622	-0.378663518987	-1.0516081436	-5.47861713056	4.93705975729	-3.838438929	-0.371327408034	-6.0	5.14807530043	-4.98917596756	6.62183831468	-6.0	-3.88450033611	-6.0	-0.220178189687	4.96863790789	
0.673636063186	3.56589969564	7.04185083258	8.99515450533	-6.0	-1.21195480831	4.74271299601	-6.0	-2.48628421681	-6.0	-0.236373959244	3.12009200804	3.95386139666	-4.8239938361	0.326450422888	4.23285789021	7.48842531149	2.80349367907	4.62855766553	2.06012030746	6.14509472098	0.790490518351	
7.36939144167	4.45681030748	8.42503767082	9.0	-1.51752510012	9.0	7.60534413651	-4.17574919116	4.40573335751	3.38675573605	4.46424526992	7.73356142554	5.1456973658	8.98155735624	8.57181138849	-0.338760064282	5.38369201907	6.18781736929	4.20537731657	2.64592438077	-6.0	-2.91584349994	
3.12849704538	6.20693186595	7.82414420101	3.11594946681	-0.952576943304	3.80618385014	2.1038313336	-2.00321289953	-1.64246479694	-5.2822871071	9.0	9.0	1.49366508442	5.66210480982	-1.81907563546	1.65833786012	0.839051300054	3.58248375862	8.35009197786	4.85614173142	-1.25743745262	1.36671211365	
2.89484315421	-0.717140948027	1.99844211536	-5.11137143401	-2.77603083472	7.53767133694	0.586330022883	-3.49775144622	9.0	8.93261466788	9.0	9.0	6.3497819462	8.84094024979	-6.0	-4.36508972333	2.00480624431	-4.15438831509	8.79145662857	8.86166150211	9.0	9.0	
6.24047795565	4.21176864796	9.0	3.02623763453	-1.00879825788	9.0	9.0	5.36549609047	-3.00979501301	-6.0	-5.99717721053	-1.73060612881	4.80993647614	9.0	-4.01995609343	6.00547158031	9.0	9.0	-5.83102600764	1.99114908718	8.99964726943	1.72748476859	
-6.0	-3.0773424359	-0.446654230198	6.07147407664	2.41749294474	7.02465978151	9.0	-1.39108056598	3.33928615371	-4.93263494282	5.48366771391	-1.95275411091	7.61285272291	-6.0	6.97233555003	-6.0	9.0	8.73772343753	-6.0	-4.71095492533	2.23676318336	5.44436987012	
-1.49109241988	1.63610402872	8.76036167623	4.0798010945	9.0	9.0	1.97062688844	-5.81874945963	-1.46881105561	3.26644757386	9.0	-6.0	4.11462561303	8.26591546454	7.85758355931	-5.62367962793	-6.0	2.35182279992	-0.928062594909	9.0	-2.87729625949	-6.0	
-5.99710803101	-2.0975284728	8.98488205279	6.4636249371	9.0	-0.733064644893	5.31777282528	-5.68080934805	-6.0	8.71675958255	8.40273247049	8.99999105407	8.79622191967	1.16712903972	-6.0	-5.97890884064	2.78295040102	8.95478154666	-2.53380455993	8.72401104882	5.18758965955	5.63799898177	
8.98852838079	2.63473320472	-0.457595177107	-5.21694760799	-6.0	7.95548934895	-2.40358002332	1.88608383338	6.84627549005	-4.89792852601	9.0	6.37596250019	-5.94663483303	-2.14741243268	5.62279712295	-6.0	6.22167067385	-3.0260801448	3.74279312519	5.45782562291	2.5654671519	-5.02147696057	
3.55212423931	-3.35109220456	8.64961976062	4.1124372692	-5.93444042518	8.44433715347	-2.3083241313	-6.0	9.0	5.13688816525	9.0	-3.13584204952	1.2022461552	-5.83488383543	9.0	-4.82347630404	2.1935274974	7.29648384937	-4.0036051844	8.99896787785	-1.38815238267	0.182298839136	
3.35771707053	-0.990182662092	1.76831345178	-5.56005256466	-3.33393204804	7.40060892185	5.45308457483	3.1155124708	3.88861924067	2.67269638358	-0.679148439115	-5.94863984312	9.0	0.294951271337	3.2698013719	4.00874112343	-0.69836963911	-5.05141460591	-0.830787579415	-3.7551429957	3.77435693656	-5.3070925513	
8.24600146989	4.00916316634	9.0	4.42572985551	-2.98728691464	8.61114047407	0.548801648687	-6.0	7.27784886487	6.41954935719	8.33779851622	-2.42806788045	5.82662073429	-4.58577806067	4.78512375294	6.40188963711	2.64094307772	-5.98521677745	-6.0	8.4030102205	-6.0	5.20697554799	
-0.497341921886	3.32584204605	5.14633781482	5.90307793797	4.80488175619	9.0	9.0	-4.39800636116	9.0	9.0	8.95824397207	-6.0	-3.40933417551	1.37102558483	5.95355969972	-2.26591339241	3.04458051754	-3.83691183186	-2.57982573793	-3.54840712867	9.0	4.72981756874	
-1.03926101959	1.60261794739	4.17362683656	-3.0745303923	8.58487372897	5.30967552799	2.54006159768	5.67486729143	8.69494482301	8.99918125261	-5.0424018539	-4.74096017254	9.0	-5.79869744149	7.19416610262	6.70264286198	8.71029000634	-2.10870679458	-5.97238748191	9.0	8.17891077781	-0.538316556101	
3.1886903649	6.0663671289	3.00846729658	-1.83279837317	-2.35809891855	2.27795428778	5.01957912853	6.77659200443	3.00851640849	-6.0	8.4264517556	-1.37606079702	8.38262563982	5.7981248678	0.315777602255	-6.0	5.71322036653	-3.97315642608	8.32486662969	4.43697108657	8.08639986438	9.0	
-6.0	-3.23298762237	7.81895490631	9.0	-6.0	-1.27299077235	3.25704384344	-6.0	1.16335169123	-2.87164870097	8.99814681251	-6.0	8.91527264334	8.83978973893	-1.64709122573	-6.0	5.28497101076	6.71667118662	1.88783574525	-6.0	-1.09269457647	-2.27970742859	
0.610097974116	4.62135859352	4.21924303778	-0.790338832584	-1.37845844501	3.16811004933	8.91023106759	7.61456186337	0.96325931945	-6.0	2.76091122482	-5.52319094048	-3.84856460591	1.17831951529	4.38039828336	0.390682001648	8.99856477626	-5.99948540954	7.83873376368	8.61511207738	-6.0	-5.99985485034	
1.9559327533	3.01923306183	4.67084053239	-0.218151236086	-2.19758010057	4.35792058103	1.6292730011	-3.73489174721	0.541147556714	-1.4377707236	-1.43339036166	1.47322969856	-4.376793068	-3.60457658143	-2.83821653561	-3.47245108776	-1.4395771909	0.801165190555	4.54294119	8.92769979576	8.92664856309	7.29428235157	
-0.993481943788	1.76245849604	4.188739562	-3.24955065491	2.97526329523	4.21411473102	2.56341916063	1.3981677291	4.14839106227	4.22750370036	4.14911500496	1.88213600735	2.39559157748	5.5009263585	3.80580009968	0.361323001634	-4.10376368528	-4.36914217033	6.11134008957	0.566287547278	-3.38841772333	-0.147233057151	
2.91476047872	9.0	9.0	-1.91525727609	9.0	8.98910537888	5.08848182283	1.38544441158	0.181553328628	4.15684859963	-2.05524936293	3.6636698369	7.60635408566	2.51663976479	-6.0	0.359933498163	8.99999859388	-4.42871744653	-3.78148840452	-4.81315033524	-6.0	-2.58423778455	
3.77909516959	7.41356771995	3.865296222	-1.13001074568	7.42929202282	9.0	2.03465098078	-5.69806984414	-1.60406848952	1.345295128	7.4250687962	7.80541203798	-4.16984993315	0.421589239891	9.0	-2.40990050416	-1.58223781153	-6.0	8.07031284689	6.29544060298	9.0	4.71577042093	
1.29166710066	3.98606311375	9.0	4.33483455191	-3.68248475915	1.10914514555	0.00888823137526	1.88687826919	3.32504138051	-6.0	-2.48432988746	0.311543993097	-1.93855187919	-5.99954178569	9.0	-5.90125432881	-1.23549590673	-3.31202544539	-5.92270325986	9.0	9.0	-2.59429378894	
9.0	9.0	-0.879634320623	-5.9999999998	-6.0	1.43623004956	-2.54113220268	-5.95094848787	-2.47437496913	-6.0	8.9995208026	-6.0	9.0	-5.99998259327	0.807194382466	-5.83369592498	9.0	-6.0	9.0	-6.0	-5.69961985244	9.0	
5.21303361208	8.01024508439	1.70188075482	7.67195488208	-4.99678229649	-0.194616464132	9.0	5.54914005914	9.0	-5.73893911322	9.0	9.0	-1.70700733886	1.8370476755	-4.61304586076	8.98902343834	9.0	2.07760447414	8.82122128393	8.81558047885	-5.9999999925	9.0	
4.46046491982	7.36479169602	3.10723520397	-1.68629530653	-1.31194779695	2.33429251961	1.31753207392	-6.0	7.40331710277	8.34047588933	9.0	9.0	9.0	4.50108677804	-5.56531807199	-5.828612835	-0.211404643941	-1.59831792179	6.0537933094	9.0	8.39842734885	-3.52056832027	
0.646282194355	0.309576914289	3.91431736745	-0.530493561213	-1.976283476	5.90853483995	7.6116782174	8.98990439168	3.13255857672	-5.99516567405	6.35092789836	-1.20542183578	9.0	4.18014979057	7.4257782315	-0.817015065861	-0.112439877846	5.41026448882	2.14894193077	9.0	-3.46228953209	9.0	
-0.520835907364	2.43295868148	8.32716335945	3.27408643408	-5.51200961151	-0.867195125945	-1.78394623306	-4.78074637563	9.0	4.83122646993	4.82041323389	8.40351705386	7.38097706301	3.30281546367	-5.19846401569	-3.60414459559	9.0	-5.822664317	9.0	1.30723964501	9.0	-0.322311447394	
-5.70360298644	-2.33611467213	4.68243837494	-0.0984924525552	-1.54544984229	3.09501165909	-1.74667780711	-5.567498374	-1.95097198107	-6.0	-5.99938916158	-5.98608000288	4.83569178885	9.0	-0.663885547447	2.09551469673	-0.621595552908	4.89517572542	-0.425965386127	2.7340676785	-5.18956147197	2.89107008399	
-0.377138993492	2.09515135397	5.1243747767	9.0	-5.13208278333	0.164925135327	6.73380462655	-5.63476163457	0.24928337067	-3.6516188095	9.0	2.52941796706	1.98896915686	5.95131011181	-5.11618311813	3.42297798496	7.60491593308	-6.0	5.03419926412	7.6263872482	8.97387590202	8.98962789186	
-5.94462615679	-6.0	-0.462196822766	-4.92402681101	1.67935172702	9.0	-2.21080946496	0.343206271449	5.73537651432	-4.24963557965	1.7213228537	1.64887329638	6.29390992894	4.63306405337	-6.0	-5.50978285449	5.83238818546	1.92211389343	7.42589629859	5.41292750263	9.0	-5.99686364695	
7.40056335883	-0.162973761488	-0.879083091175	-6.0	-6.0	9.0	-2.54107826286	-3.12388779808	9.0	2.64761721768	-4.82580753702	-5.31709140878	-2.61431043309	-6.0	9.0	-3.33056860353	9.0	-6.0	-6.0	5.48546233676	7.72926425357	-6.0	
-0.883097725669	-2.33807264252	7.51560040781	2.39336799443	-4.24080480322	2.91054590606	3.59835096149	-6.0	-5.49714542588	-1.12298970429	-0.590798014343	9.0	2.5752822107	3.06267116386	-5.59156628435	-6.0	5.53124789957	-2.98289899493	0.552589056907	4.00724087585	3.091033713	-6.0	
9.0	6.16363170065	4.15657450823	-0.616576155657	1.21335571342	8.86389666036	2.13930371656	-5.26458597623	0.1867321845	2.84656851325	-0.0500103244754	0.983329824778	2.85052257219	-6.0	-6.0	-2.23119277392	8.52820021499	2.29195613528	-5.960436632	-0.586727801066	-4.39777703137	1.76555209165	
5.68193643841	9.0	5.21384099873	4.83400595281	-0.323929522108	4.15262518687	8.03816359312	-2.62055857113	0.891928458174	-0.491989974006	6.19312641545	1.62380220977	0.0994225589054	2.6530239343	3.24185412899	3.83180017071	-5.9050311801	2.94083052297	4.69744363939	5.44797521734	-6.0	2.14621063391	
0.037708610063	-2.36623847266	2.56899800087	-2.45472503918	-0.929847990112	8.69440685556	3.75191454127	0.211361501535	-2.79841269221	-6.0	-0.481097108179	-3.30923283581	-0.737730644129	-0.382116458755	1.8248988253	-2.19786322812	-6.0	3.89910469744	7.76154629482	2.08790511506	-2.7585890382	-0.394629420588	
-1.08696244691	-2.69852111414	-0.876215050638	-6.0	2.37086264708	4.20053401791	0.722613539049	-6.0	-6.0	1.03395160996	-1.04553173937	-6.0	-4.17944044266	-6.0	1.50590599328	-5.87125984525	9.0	-6.0	1.01871950087	2.94418088746	-6.0	9.0	
4.24069275423	7.4822459826	3.87595447813	-1.08056564789	-2.67980775239	1.91872431142	1.38893351503	9.0	9.0	-6.0	1.34257303894	4.36938193161	3.0356871759	7.25261147133	3.07255441286	-0.297842387916	8.87420232491	-5.31794622106	8.4649558824	9.0	2.04725430918	3.65532062607	
3.42739627645	6.43682796942	9.0	9.0	8.59370997	4.51785590256	8.58276975694	-3.62646343349	0.342574848312	9.0	-2.36165002882	1.15230464992	8.99427700731	-0.353588928746	-0.767180642696	-3.2070137738	8.37573989576	-3.95690224542	1.80688816089	1.48253499547	3.77401457292	8.07454604717	
5.85096054256	8.99876275301	9.0	8.67897888934	0.311837493642	5.06470968069	9.0	7.25363612682	9.0	-1.4514901144	9.0	0.215034415994	9.0	9.0	3.09566754835	8.79339252227	-5.08433997476	-3.68661414375	4.21742456024	-0.311615654271	-1.55805523314	9.0	
9.0	8.99881424563	9.0	4.23479033912	1.5463228073	9.0	8.34520016114	4.63800358166	-2.41374885937	-6.0	-6.0	-6.0	7.63313554197	3.53729557972	-6.0	0.80514762176	8.0302223852	-5.98597997821	-5.36555008672	5.36474826179	3.16893071464	7.12229859354	
-0.494726115697	2.45794048738	-0.762117930121	-5.70446062024	-6.0	-1.39721022379	-2.46542949801	-5.98205744977	9.0	5.25478338386	7.24809222155	-1.22667588538	9.0	1.31891167083	0.936167363202	-1.88622112036	4.24360417761	-0.121744794344	0.0411155959706	1.17371602652	-5.28149303973	8.20867983699	
7.42335916244	9.0	6.82649761373	2.19930350035	-5.81643076335	0.0404248749084	-2.20247955792	3.8233043001	7.50259736224	-5.95263677621	-5.99974443173	-3.33384373378	8.7047269148	5.73962001709	9.0	-4.28334545787	7.83235452099	4.05365451431	-5.03087840967	8.34200132802	-4.19568289337	5.85502426567	
8.22437752719	4.8139715777	8.83880146172	4.26404181931	9.0	9.0	1.462167908	-6.0	-1.83035187729	8.99765815699	9.0	-6.0	9.0	9.0	9.0	-2.86370109164	9.0	-3.41206744749	-1.53728056459	5.09234532505	9.0	9.0	
8.9841062471	5.94057568062	4.20586061103	-3.54469289867	4.94788214265	8.98772024818	6.47541590999	2.85770228617	2.08017310819	7.82012691368	-6.0	-5.99999484103	1.88058208591	2.48430849895	-5.70116746336	-2.37375057579	8.26808447354	-6.0	-1.49003142745	2.35413225452	9.0	8.95040240102	
9.0	1.64021525883	2.57750281121	9.0	-6.0	8.98514555432	9.0	-5.20842981114	4.15397128601	-0.307198931478	5.00805674249	8.24885472248	2.58671870713	6.38917930024	9.0	-6.0	9.0	-6.0	-5.99997301343	-6.0	9.0	0.0817642880599	
2.86088490603	-3.72036658338	3.30725664506	9.0	-5.28809721856	8.64612593164	8.71690218159	3.22313697632	6.13574072978	-5.93875839987	1.30718239872	4.23581177305	4.11704705549	-6.0	9.0	-5.92623302369	9.0	1.58635254444	-2.78968637485	-6.0	9.0	-0.9602343116	
-2.95536500043	0.236287197347	5.17498365352	8.64692154761	1.08060008743	5.72038949195	9.0	-6.0	5.31217688732	4.38740798987	-4.42390416553	-5.90742985731	3.96635352549	8.18917014958	6.57826967128	-6.0	8.99323629787	-3.86219531645	3.31961907484	9.0	0.0151121700407	-5.16435697907	
8.98272185378	6.96351459179	4.89345768146	0.136304977704	4.84377215751	8.9405864788	3.08141483803	-4.20168314538	3.65600480683	9.0	7.68765848441	-2.07757471866	7.80800387685	0.181441209517	4.16415194675	2.50342234932	9.0	2.34360939818	-3.75753180438	-0.65940568185	-3.33522427287	9.0	
-0.742729374022	2.16070780818	-0.827896159894	-5.99977563912	-5.97393003011	-1.33044618468	-2.51818658528	-5.58508771386	8.93736949754	5.01202799243	7.31339528935	1.50384174073	9.0	-1.65014328772	-5.51622360415	-3.52498953482	6.60560580967	-6.0	6.78535086258	2.79380400887	-5.40696575237	5.20312807804	
3.74745715184	7.89954870523	8.96749458647	7.26675493147	-2.52032590351	1.92753848307	6.54154124905	6.76624655102	6.08724593646	-5.62779753722	-5.8220739399	-0.973492152772	-3.96784804873	1.00662305102	-5.71277901271	-1.80336572295	1.89101948724	-4.77266201407	-0.495826149725	9.0	-5.5668426314	-5.05970954164	
0.753288190652	3.68872554568	6.13679677304	1.33376784287	8.96372091458	8.50467170284	4.33300395126	-3.01099496273	2.46354900413	7.51785876946	8.99268635323	-5.92373799313	8.14880813531	-6.0	4.22926672581	-0.635916158142	-6.0	-2.80224738161	-4.93070108466	8.87269353219	6.32811145407	8.99899786084	
5.31734799707	8.99675327499	8.94919496075	3.95066863017	3.43402384372	7.98981233126	7.07021371716	7.11685415552	9.0	1.09797619112	1.74024214521	-5.85839949892	1.61197900262	6.29951797127	-4.73349564659	4.090946721	-3.59852461405	0.532593537305	5.7916497966	-6.0	9.0	1.89965955646	
4.89168178096	0.455616963178	0.83967103606	-3.92441054782	-4.56604360201	7.52446692345	-0.984372261254	-5.45749144212	0.371537824354	-2.66953443321	9.0	0.480671418067	-5.16127858355	-1.2778707861	4.58078112737	-4.9366613568	-5.65059442513	-2.16578696823	0.292127165077	-3.91516553895	8.52153208318	-5.87518607178	
-0.355985702131	-1.33168660235	3.56083065872	3.85816597028	-1.92564079009	6.16352785566	6.50328149448	-0.0714553432377	5.02914145454	-0.162247557696	7.5582574115	-5.07845784989	7.06393560201	-0.75530670555	7.21538983078	8.54846454736	-0.60099341357	3.92806180471	-1.52926362367	6.22816678019	0.962214509361	-0.672843590805	
3.79350584515	6.43268375119	9.0	1.74695491915	7.81066811395	8.99406614327	7.38415823366	6.36819324241	9.0	9.0	9.0	4.03590661439	0.635002795891	-5.20079628332	9.0	-5.52812603901	-6.0	-6.0	3.01261569708	-6.0	-2.97785018686	9.0	
0.373574859302	3.52907220469	2.00655916636	-2.93077953813	-3.74556196676	0.791654521684	-0.238640879845	-6.0	-2.81155761504	-4.40463100178	3.71674809222	6.1712660004	7.70031531127	1.10443521485	-6.0	4.40594599911	-5.99659445655	-4.44770346195	2.011062979	-5.9852266573	2.59275072729	-0.88976346404	
1.18967114547	9.0	3.29405622254	1.29604055418	-6.0	-1.51587531919	4.37645380595	-3.17904553282	4.93070044173	-2.43003289656	8.99645732402	-5.86656558471	-6.0	2.86396462695	3.13933471244	-5.45349773541	6.89126657978	-1.36285969801	-4.64242094742	-3.07463770233	8.3204311891	-6.0	
8.96607167974	9.0	-0.60571208174	-5.37803028436	-6.0	1.61967229155	-2.42312418152	-6.0	4.57899130105	0.654422921843	9.0	-1.73486751541	-4.37685594676	-0.49026380436	9.0	-1.54706653315	-4.06311809315	-6.0	7.84177369429	-3.9821283372	-1.7346786183	-6.0	
8.34633129835	2.13789373268	2.3676935239	-2.22823863425	-5.808652603	8.0071389333	-2.21531335836	-1.82776631027	2.06868158321	-6.0	-5.99979831056	-4.64523482719	-0.904499915777	2.8883177326	8.97743783565	8.87537722168	4.33010685296	3.56809351008	-0.427672112292	-5.99913837986	2.27129534966	-1.45783257155	
6.62282115654	-0.309807844075	8.16592796459	-0.324473580889	8.99995151563	8.45860727348	-2.35029080975	-6.0	-6.0	9.0	9.0	9.0	8.99999995232	6.73534258147	2.77221529008	8.83781792052	9.0	9.0	8.99883205551	9.0	9.0	6.30685629608	
-3.90296793382	-1.10778023998	4.50666993135	9.0	0.825291413287	5.51592810752	9.0	-5.99439263636	3.36913558178	1.76772596838	-6.0	-3.21775009067	8.6826544938	-5.39827579975	9.0	1.23145639207	-0.746552046457	7.78517158972	-1.35492149846	5.15561354225	8.97665152836	3.63102170609	
-0.53910771645	3.02471676644	2.02738385127	8.33976647776	-5.99185971911	-1.325861558	9.0	-5.99230039632	1.96372250902	-2.27665266877	6.80703044712	7.92696417877	2.77094403149	7.15434272009	-2.38362174692	3.71815196198	-5.92755077062	-5.9503784948	8.99941619593	-6.0	1.69699005358	7.65228629409	
9.0	3.38888644711	1.47775677745	-6.0	1.71218927181	9.0	0.270438597283	-3.76598835752	3.48746011022	8.72456677089	2.73668746877	-0.406008837881	9.0	9.0	9.0	-6.0	7.59044327528	-6.0	-6.0	4.65511900241	8.97948451978	-6.0	
4.63665876078	7.60972144486	0.100768266473	5.70170840558	-5.45157108823	-0.879571541915	8.68673411423	0.721588948821	4.00820330936	-5.79246245594	2.94893461514	-5.82201285451	5.90688043205	2.17314905154	-6.0	-6.0	8.47787149953	5.5852028425	-4.46959843774	8.12156077887	8.99156618266	3.82053581875	
-1.9701236006	1.2756573997	9.0	7.18890285458	4.20893084034	9.0	4.98491978069	9.0	9.0	-6.0	9.0	9.0	4.46684164639	9.0	-6.0	-3.94396468979	-6.0	-6.0	9.0	4.99663427387	9.0	-5.21457641374	
-0.388787648809	2.70485861349	-0.199394363356	-5.28955792371	-5.69430500782	-0.957904087234	-2.0469809368	-4.88602769569	5.60663364758	1.09110356676	1.73114492324	2.07507640877	-5.92269744167	-6.0	-6.0	3.85150708335	-2.67950869645	-0.237698484255	-0.863761681975	-5.0914162314	7.399610862	9.0	
