8.17420517264, 2000, 20, 3, 1.0, 2.1, 2.1
31.486213733, 2000, 20, 3, 1.0, 2.1, 2.1
11.1421030467, 2000, 20, 3, 1.0, 2.1, 2.1
5.41651210601, 2000, 20, 3, 1.0, 2.1, 2.1
7.39501917547, 2000, 20, 3, 1.0, 2.1, 2.1
14.2658255712, 2000, 20, 3, 1.0, 2.1, 2.1
6.22260382293, 2000, 20, 3, 1.0, 2.1, 2.1
12.8955644643, 2000, 20, 3, 1.0, 2.1, 2.1
10.1052338419, 2000, 20, 3, 1.0, 2.1, 2.1
15.1116573991, 2000, 20, 3, 1.0, 2.1, 2.1
13.0088421698, 2000, 20, 3, 1.0, 2.1, 2.1
8.50564031453, 2000, 20, 3, 1.0, 2.1, 2.1
20.1246192078, 2000, 20, 3, 1.0, 2.1, 2.1
22.2491043826, 2000, 20, 3, 1.0, 2.1, 2.1
12.0891502622, 2000, 20, 3, 1.0, 2.1, 2.1
7.16049573067, 2000, 20, 3, 1.0, 2.1, 2.1
20.7721849925, 2000, 20, 3, 1.0, 2.1, 2.1
11.9838294585, 2000, 20, 3, 1.0, 2.1, 2.1
23.5252956288, 2000, 20, 3, 1.0, 2.1, 2.1
9.30615113217, 2000, 20, 3, 1.0, 2.1, 2.1
12.9445702085, 2000, 20, 3, 1.0, 2.1, 2.1
12.4296370464, 2000, 20, 3, 1.0, 2.1, 2.1
18.6610956224, 2000, 20, 3, 1.0, 2.1, 2.1
8.22991640607, 2000, 20, 3, 1.0, 2.1, 2.1
10.3185992972, 2000, 20, 3, 1.0, 2.1, 2.1
11.0436392675, 2000, 20, 3, 1.0, 2.1, 2.1
10.162533305, 2000, 20, 3, 1.0, 2.1, 2.1
10.1166060769, 2000, 20, 3, 1.0, 2.1, 2.1
12.5581449647, 2000, 20, 3, 1.0, 2.1, 2.1
10.1544924103, 2000, 20, 3, 1.0, 2.1, 2.1
9.48621299225, 2000, 20, 3, 1.0, 2.1, 2.1
11.5232555176, 2000, 20, 3, 1.0, 2.1, 2.1
10.6074536596, 2000, 20, 3, 1.0, 2.1, 2.1
13.3838027315, 2000, 20, 3, 1.0, 2.1, 2.1
5.4979541437, 2000, 20, 3, 1.0, 2.1, 2.1
32.3190490804, 2000, 20, 3, 1.0, 2.1, 2.1
10.3213510081, 2000, 20, 3, 1.0, 2.1, 2.1
6.60117900693, 2000, 20, 3, 1.0, 2.1, 2.1
12.914692158, 2000, 20, 3, 1.0, 2.1, 2.1
10.0742387101, 2000, 20, 3, 1.0, 2.1, 2.1
4.51413029672, 2000, 20, 3, 1.0, 2.1, 2.1
11.2141323158, 2000, 20, 3, 1.0, 2.1, 2.1
17.4857835317, 2000, 20, 3, 1.0, 2.1, 2.1
8.40046874644, 2000, 20, 3, 1.0, 2.1, 2.1
10.297550272, 2000, 20, 3, 1.0, 2.1, 2.1
10.858718501, 2000, 20, 3, 1.0, 2.1, 2.1
13.97418443, 2000, 20, 3, 1.0, 2.1, 2.1
10.1586097106, 2000, 20, 3, 1.0, 2.1, 2.1
10.0986758952, 2000, 20, 3, 1.0, 2.1, 2.1
13.7455519324, 2000, 20, 3, 1.0, 2.1, 2.1
9.82693832068, 2000, 20, 3, 1.0, 2.1, 2.1
18.1593647774, 2000, 20, 3, 1.0, 2.1, 2.1
12.2209651326, 2000, 20, 3, 1.0, 2.1, 2.1
11.2834056002, 2000, 20, 3, 1.0, 2.1, 2.1
5.93831657535, 2000, 20, 3, 1.0, 2.1, 2.1
14.6352547331, 2000, 20, 3, 1.0, 2.1, 2.1
19.0853980105, 2000, 20, 3, 1.0, 2.1, 2.1
18.8369782324, 2000, 20, 3, 1.0, 2.1, 2.1
13.290960149, 2000, 20, 3, 1.0, 2.1, 2.1
9.67314631545, 2000, 20, 3, 1.0, 2.1, 2.1
15.5249285105, 2000, 20, 3, 1.0, 2.1, 2.1
10.2711085571, 2000, 20, 3, 1.0, 2.1, 2.1
12.1689998071, 2000, 20, 3, 1.0, 2.1, 2.1
12.5943290707, 2000, 20, 3, 1.0, 2.1, 2.1
8.6019314245, 2000, 20, 3, 1.0, 2.1, 2.1
9.48268550438, 2000, 20, 3, 1.0, 2.1, 2.1
2.72222921797, 2000, 20, 3, 1.0, 2.1, 2.1
19.1524920554, 2000, 20, 3, 1.0, 2.1, 2.1
13.7569111086, 2000, 20, 3, 1.0, 2.1, 2.1
6.48548506202, 2000, 20, 3, 1.0, 2.1, 2.1
10.073400365, 2000, 20, 3, 1.0, 2.1, 2.1
12.5500420852, 2000, 20, 3, 1.0, 2.1, 2.1
19.2964754014, 2000, 20, 3, 1.0, 2.1, 2.1
8.11852353731, 2000, 20, 3, 1.0, 2.1, 2.1
17.7174957702, 2000, 20, 3, 1.0, 2.1, 2.1
15.4624571657, 2000, 20, 3, 1.0, 2.1, 2.1
8.8281029412, 2000, 20, 3, 1.0, 2.1, 2.1
20.7277648784, 2000, 20, 3, 1.0, 2.1, 2.1
8.23884011436, 2000, 20, 3, 1.0, 2.1, 2.1
5.22100194544, 2000, 20, 3, 1.0, 2.1, 2.1
16.2790014168, 2000, 20, 3, 1.0, 2.1, 2.1
5.38114574628, 2000, 20, 3, 1.0, 2.1, 2.1
14.2746702502, 2000, 20, 3, 1.0, 2.1, 2.1
4.13201540602, 2000, 20, 3, 1.0, 2.1, 2.1
19.9937369754, 2000, 20, 3, 1.0, 2.1, 2.1
13.7599302816, 2000, 20, 3, 1.0, 2.1, 2.1
24.2351824852, 2000, 20, 3, 1.0, 2.1, 2.1
12.2307911242, 2000, 20, 3, 1.0, 2.1, 2.1
26.0503486111, 2000, 20, 3, 1.0, 2.1, 2.1
8.78822078826, 2000, 20, 3, 1.0, 2.1, 2.1
12.9289857635, 2000, 20, 3, 1.0, 2.1, 2.1
12.5546353643, 2000, 20, 3, 1.0, 2.1, 2.1
11.418235653, 2000, 20, 3, 1.0, 2.1, 2.1
4.45153083211, 2000, 20, 3, 1.0, 2.1, 2.1
14.5059326369, 2000, 20, 3, 1.0, 2.1, 2.1
13.8420234114, 2000, 20, 3, 1.0, 2.1, 2.1
10.588900507, 2000, 20, 3, 1.0, 2.1, 2.1
18.6019119468, 2000, 20, 3, 1.0, 2.1, 2.1
11.6919349838, 2000, 20, 3, 1.0, 2.1, 2.1
26.4492898686, 2000, 20, 3, 1.0, 2.1, 2.1
4.2790898312, 2000, 20, 3, 1.0, 2.1, 2.1
25.6337151424, 2000, 20, 3, 1.0, 2.1, 2.1
7.79903003459, 2000, 20, 3, 1.0, 2.1, 2.1
12.8454400866, 2000, 20, 3, 1.0, 2.1, 2.1
4.28653754456, 2000, 20, 3, 1.0, 2.1, 2.1
18.821717335, 2000, 20, 3, 1.0, 2.1, 2.1
12.2549451653, 2000, 20, 3, 1.0, 2.1, 2.1
12.9856978517, 2000, 20, 3, 1.0, 2.1, 2.1
4.37470700153, 2000, 20, 3, 1.0, 2.1, 2.1
4.9528643326, 2000, 20, 3, 1.0, 2.1, 2.1
20.9542384739, 2000, 20, 3, 1.0, 2.1, 2.1
7.42423845084, 2000, 20, 3, 1.0, 2.1, 2.1
7.67881381423, 2000, 20, 3, 1.0, 2.1, 2.1
16.5157926034, 2000, 20, 3, 1.0, 2.1, 2.1
8.55796703736, 2000, 20, 3, 1.0, 2.1, 2.1
14.0736950362, 2000, 20, 3, 1.0, 2.1, 2.1
5.1958863408, 2000, 20, 3, 1.0, 2.1, 2.1
17.9892966412, 2000, 20, 3, 1.0, 2.1, 2.1
13.7569184956, 2000, 20, 3, 1.0, 2.1, 2.1
10.1972880284, 2000, 20, 3, 1.0, 2.1, 2.1
11.9998734745, 2000, 20, 3, 1.0, 2.1, 2.1
14.9785951838, 2000, 20, 3, 1.0, 2.1, 2.1
14.8534170442, 2000, 20, 3, 1.0, 2.1, 2.1
17.1243801781, 2000, 20, 3, 1.0, 2.1, 2.1
4.53737085661, 2000, 20, 3, 1.0, 2.1, 2.1
8.27039843605, 2000, 20, 3, 1.0, 2.1, 2.1
9.93087758367, 2000, 20, 3, 1.0, 2.1, 2.1
25.3208164776, 2000, 20, 3, 1.0, 2.1, 2.1
21.6580000291, 2000, 20, 3, 1.0, 2.1, 2.1
11.4467006611, 2000, 20, 3, 1.0, 2.1, 2.1
9.55468937154, 2000, 20, 3, 1.0, 2.1, 2.1
13.377375727, 2000, 20, 3, 1.0, 2.1, 2.1
14.9637825922, 2000, 20, 3, 1.0, 2.1, 2.1
10.259190537, 2000, 20, 3, 1.0, 2.1, 2.1
16.5166298952, 2000, 20, 3, 1.0, 2.1, 2.1
17.8478114129, 2000, 20, 3, 1.0, 2.1, 2.1
9.27486335143, 2000, 20, 3, 1.0, 2.1, 2.1
12.2262947083, 2000, 20, 3, 1.0, 2.1, 2.1
5.76021510778, 2000, 20, 3, 1.0, 2.1, 2.1
19.0697772667, 2000, 20, 3, 1.0, 2.1, 2.1
9.0612613507, 2000, 20, 3, 1.0, 2.1, 2.1
37.2956582271, 2000, 20, 3, 1.0, 2.1, 2.1
9.44517142007, 2000, 20, 3, 1.0, 2.1, 2.1
14.8635558083, 2000, 20, 3, 1.0, 2.1, 2.1
14.8885146523, 2000, 20, 3, 1.0, 2.1, 2.1
15.1152941382, 2000, 20, 3, 1.0, 2.1, 2.1
12.9613120235, 2000, 20, 3, 1.0, 2.1, 2.1
13.6544249581, 2000, 20, 3, 1.0, 2.1, 2.1
10.1346261059, 2000, 20, 3, 1.0, 2.1, 2.1
22.0223226721, 2000, 20, 3, 1.0, 2.1, 2.1
4.43752590353, 2000, 20, 3, 1.0, 2.1, 2.1
10.2729476169, 2000, 20, 3, 1.0, 2.1, 2.1
11.9382228355, 2000, 20, 3, 1.0, 2.1, 2.1
30.9455669097, 2000, 20, 3, 1.0, 2.1, 2.1
4.25077625593, 2000, 20, 3, 1.0, 2.1, 2.1
12.1440002995, 2000, 20, 3, 1.0, 2.1, 2.1
13.8066072507, 2000, 20, 3, 1.0, 2.1, 2.1
15.5799478939, 2000, 20, 3, 1.0, 2.1, 2.1
10.0756775924, 2000, 20, 3, 1.0, 2.1, 2.1
13.5372448528, 2000, 20, 3, 1.0, 2.1, 2.1
9.54060798967, 2000, 20, 3, 1.0, 2.1, 2.1
6.95084396885, 2000, 20, 3, 1.0, 2.1, 2.1
14.6225024075, 2000, 20, 3, 1.0, 2.1, 2.1
11.4207661338, 2000, 20, 3, 1.0, 2.1, 2.1
13.8245195061, 2000, 20, 3, 1.0, 2.1, 2.1
17.7046498573, 2000, 20, 3, 1.0, 2.1, 2.1
11.7856351836, 2000, 20, 3, 1.0, 2.1, 2.1
13.6871120982, 2000, 20, 3, 1.0, 2.1, 2.1
7.10328306995, 2000, 20, 3, 1.0, 2.1, 2.1
27.5407355005, 2000, 20, 3, 1.0, 2.1, 2.1
6.14446027805, 2000, 20, 3, 1.0, 2.1, 2.1
17.7821452427, 2000, 20, 3, 1.0, 2.1, 2.1
13.9174499767, 2000, 20, 3, 1.0, 2.1, 2.1
13.2346135498, 2000, 20, 3, 1.0, 2.1, 2.1
10.4477094431, 2000, 20, 3, 1.0, 2.1, 2.1
13.5908634159, 2000, 20, 3, 1.0, 2.1, 2.1
15.1116352843, 2000, 20, 3, 1.0, 2.1, 2.1
17.3465977549, 2000, 20, 3, 1.0, 2.1, 2.1
17.8507255334, 2000, 20, 3, 1.0, 2.1, 2.1
20.8973437017, 2000, 20, 3, 1.0, 2.1, 2.1
17.4391210654, 2000, 20, 3, 1.0, 2.1, 2.1
12.5568945654, 2000, 20, 3, 1.0, 2.1, 2.1
11.5271497017, 2000, 20, 3, 1.0, 2.1, 2.1
13.3465478886, 2000, 20, 3, 1.0, 2.1, 2.1
10.2930425327, 2000, 20, 3, 1.0, 2.1, 2.1
4.07123895247, 2000, 20, 3, 1.0, 2.1, 2.1
9.3014916584, 2000, 20, 3, 1.0, 2.1, 2.1
20.4204174089, 2000, 20, 3, 1.0, 2.1, 2.1
13.5898464584, 2000, 20, 3, 1.0, 2.1, 2.1
9.68258945656, 2000, 20, 3, 1.0, 2.1, 2.1
16.1839773446, 2000, 20, 3, 1.0, 2.1, 2.1
9.28729590289, 2000, 20, 3, 1.0, 2.1, 2.1
11.6718535286, 2000, 20, 3, 1.0, 2.1, 2.1
19.9438025943, 2000, 20, 3, 1.0, 2.1, 2.1
20.582036635, 2000, 20, 3, 1.0, 2.1, 2.1
13.4402435394, 2000, 20, 3, 1.0, 2.1, 2.1
19.1377381036, 2000, 20, 3, 1.0, 2.1, 2.1
19.1668568216, 2000, 20, 3, 1.0, 2.1, 2.1
18.0525186956, 2000, 20, 3, 1.0, 2.1, 2.1
6.72278814136, 2000, 20, 3, 1.0, 2.1, 2.1
