-5.292732024359866	6.518451392695599	6.404798138159052	1.5525120299832702	9.0	9.0	0.055811143496596216	3.0407012035053658	6.355684619555316	8.55819436887002	4.135961024048624	3.574245690027638	-1.9793833599144621	-2.58109313006973	9.0	8.397774393004896	8.868147242545664	-0.17137847442915444	
-0.6913945868899996	6.520348874553477	-0.5479991091530163	1.539697261239322	2.5352793774421016	5.243701872448341	8.999999515884765	5.249354002394012	3.7318362649836008	7.620747318493473	1.7789899123279653	1.177445339956292	5.307983680340104	4.746459476380744	1.1061913869695061	0.5046332282154777	7.346036828867714	-3.9027391327086893	
8.379077296490722	8.99742575521527	8.999831684006262	7.672276462230386	-5.352717640963909	5.764169706652993	8.999831684006262	8.793010600024964	-0.40571333213778527	1.5395539826446454	7.177488832526791	6.742768482089446	0.8751122212325742	0.27355623382997774	6.236278687387562	5.4720790492189355	-5.976575062303916	-4.291156475842778	
8.197499431970364	8.985079260647233	8.999946284776588	7.838333003073764	-4.248891220348803	5.733875418521	8.99994628477659	1.5393135287663	-3.125292638213079	6.872709480874784	8.999996830104251	8.438641289757818	3.24576790244166	2.644211912700941	7.832097350393163	7.230539141422366	-5.607407985111989	-4.463555455701709	
3.4476918049601686	6.522562497381987	5.212845791866497	1.5395910446484926	2.083128997934205	5.2343360504275225	1.1084488763192981	4.717928884624854	0.6558034162942965	6.619311463307142	4.073600986300409	3.510745778973039	2.7946810283724766	2.1951119687688365	-5.380677056423414	-5.982319194064669	-5.999720708090381	-4.3585677385927575	
8.063915715545608	8.850811972323116	8.999999766812197	1.5395600101890174	-4.794639069264972	5.735246372565673	8.999978024923822	7.0854388153074215	-3.4155739781290677	6.788712570960758	8.999999768754325	8.438554610286891	6.271379887439105	5.669898356176185	8.999999991869766	8.398441354810966	7.6288813469183285	8.773491018789853	
6.318232967925187	7.2150311630752935	-5.999999768364867	7.402396802674341	8.125977257102505	8.46791831038968	7.875021717983781	1.5395607694005626	5.159548682263557	8.999999768754096	4.4884281822173975	3.927110022104257	1.6404737162980325	1.0389722705581983	-1.7036471456260252	-2.3052682590728177	2.3657446502137525	3.6127234730532187	
-2.663615970834162	6.520368164589005	5.151583699396756	1.539613517028248	-1.3536293675084892	5.2437880224661875	8.534734866188929	8.939289084421475	8.914592105581592	8.486517552381908	-4.176452127178666	-4.778008164224381	2.154407248997021	1.5928904369146526	3.4440691560977665	2.8425125083061875	8.593708060101445	-5.535132570043518	
-0.23856967941756402	6.520352022679852	4.891076103354667	1.539611353914487	-4.385957403669741	5.243696523368953	8.999999768775277	8.999999768580857	8.462621652359175	7.571639271681272	1.3312321526163275	0.7296781601853883	5.60445540488074	5.042938041907588	-2.729044541856801	-3.3306035543460575	5.004457043959636	-3.9521661143114026	
6.269044035829367	7.177257340472483	-2.6568286809413997	6.020232125873434	7.474907124789457	7.368350740505463	8.489014576275876	1.539537425288457	-3.7805950115204308	5.836291211504902	-2.3132216144176883	-2.914777439981392	2.9068460523109962	2.3455062825557	3.0546012043384927	2.453022427087056	1.280333465760731	2.537698900561912	
8.204460977025041	8.990852776268966	8.996333086688365	1.5395547835784793	1.3655708694025677	5.735241218817944	-5.9977838854847825	8.447210537642418	8.996131810035976	8.997971718634751	8.999991163523623	8.438604968255218	-5.285515455444569	-5.887071511916168	-3.8161457943218	-4.4177019226978524	2.407981896155027	3.5518820892693075	
6.556475414125444	7.410177459076703	1.7505533328660192	1.5395687161784934	4.739198357107911	5.7296285171251995	1.2684867604050352	5.818044307436214	0.8959571117084391	6.85938034817184	4.215631010498303	3.6542466699343947	-1.0105324132325615	-1.6120882422063803	2.6555293609374466	2.0539711506346094	2.6414402949802245	3.8477262036037043	
7.964204073081385	8.753033681841409	3.534203322858934	1.5393171975258264	6.702740418682165	5.7359304364984	2.853519199851533	6.594552715041408	-1.5885827869534301	8.989378278839256	8.99999977660692	8.43861023879155	-5.398443081301905	-5.999999138761908	8.987570669552547	8.38601459612055	7.78780165526571	8.93281411974236	
-5.807585895915181	6.51973811317923	8.987823136467131	8.806075857271642	7.339866451046957	5.414338946720612	5.7479264724437495	1.5395167436036807	2.8659203610088007	8.999999767632264	-3.890231793681314	-4.452591556966584	-5.399762479691275	-5.999999768608007	-2.917562406817276	-3.519120569774657	8.669296419014003	-4.834525428930782	
7.879615394966139	8.73142323271672	4.5663665211819815	1.6665337825109656	-4.593337086417943	5.663511680943886	8.814694749456006	2.1308456231955635	-5.455467667554047	5.162930600154388	8.549330916728472	7.993723280035368	5.215703329459043	4.614163563138497	4.371042629239096	3.769376959633103	-5.999967631576033	-5.999971066852165	
6.749040285498232	7.579494208790429	3.2077793833854464	1.6092652156005762	2.2291899350734745	5.729315113883793	2.1546811308501415	2.3684012435405677	-2.1761577952929936	7.024185796552141	3.244511838550464	2.6830566240383877	0.6213339421872544	0.01986946716396787	-1.197952269299452	-1.7995098004740786	-3.116599423971064	-1.9317566188630426	
6.796650049338588	7.622612787045975	0.4139776152043666	1.5395508430057525	0.775368002751093	5.729893070772254	2.3456918683804204	8.935018484302873	7.949741024306956	6.600485147164145	0.752213486977956	0.15073880614965418	3.426839064580701	2.8653937384022736	2.673620760709106	2.0720603861287277	0.2426295977152666	1.4233116935699481	
7.990553017087276	8.994972640019366	7.46205440904388	3.4320982510860514	8.999246738551141	6.015835343754768	-5.951732234509777	1.5449473602435715	-2.068129292469226	8.590266313753656	5.871410070984126	5.369759384787599	1.6306901510505156	1.029139264861513	-1.1548174240857634	-1.75637365514432	8.540680059119751	-5.931509003475563	
-3.8987385428383003	6.520354255017173	5.262788941784155	1.6292399469136836	1.6168168955772426	5.243699551857503	6.826479566636067	2.269003344989674	1.403657379450034	7.694830152414896	3.6387614679860345	3.0772450304240575	-1.7254193713893864	-2.32697525950568	1.0504629503268665	0.44890492146831296	8.957162165582774	-5.817367079562567	
6.8399199665325945	7.662213781239414	8.999999845326702	6.106060843012774	-5.151893070244786	5.7303732979383355	6.20200173778284	1.5395639647831842	-0.2670424529679627	7.730902033174296	2.5692994581165713	2.0078791216689584	-0.5336736279364054	-1.1351993516249834	4.979474181131975	4.377917830077786	-5.60876833829863	-4.4315858094826615	
0.13643059691649473	6.492598163811866	7.172248407954411	1.5164615494978309	2.4339439972961117	5.1948663644172175	8.981377686980816	7.079050319110934	-1.5761905479317928	8.999999998999566	4.572080222091714	4.0095123786952644	-1.7190045442255668	-2.322041796846087	8.99999999732586	8.416427315199616	6.647568396091586	-4.814424200438058	
-5.999442974982217	6.520310450601549	2.2115743593308164	2.807642744251593	6.247772245447159	6.6598805362780595	6.234823762889626	1.563766856710572	3.6105999523247974	6.900483657481686	-0.2269548376263817	-0.8285108948820081	8.04075404978239	7.478889108178189	1.5193803476723167	0.9164555125881355	8.376968217364672	-4.751435033757954	
8.08984926039433	8.928656297375706	2.7925050160199483	1.5411511375520686	-1.5046061145052185	5.6793273213903195	3.4666451411795443	3.9558061572400973	1.0943143583136568	5.979509026014751	2.4355861253276174	1.8343869276579357	4.753529350646454	4.192842235686921	8.9876144133602	8.386040669881163	-5.985811801584574	-5.999760984479203	
-2.373424573445238	6.520359172534041	2.0812182352744273	1.5396186028398517	8.99999976909843	6.874876305773524	3.840351868942152	8.916163358906035	6.537669360247717	7.380921125728218	3.7960009825136183	3.234485324728306	-5.397376633046827	-5.998932690415604	-5.398433049374541	-5.999992641938302	7.558986436996564	-5.24079698396747	
8.212340304423474	8.998621006916412	8.996210136903239	8.9772767949941	8.999720840642732	6.2132430673105095	1.0902306962157837	1.539549102544746	-5.018486130385276	8.697451001687835	1.2455478981435677	0.6440709302897645	3.9329546898362135	3.3714888494703192	5.600903912453489	4.9993478239233085	7.59496946987098	8.738960984453042	
8.213752695430495	8.999999768753957	1.434475514676894	1.5395588025998235	-4.8861540865018815	5.735359887561062	6.809930276608512	8.910084655832431	8.280795755726952	6.813925407508913	-1.9545798819695035	-2.5561359317500956	4.748799260106555	4.187394064099239	1.4033436032195947	0.8017845679900599	2.892759720810206	4.036654949677946	
-5.3481382803608355	6.520105484067571	8.999985662047942	1.539587022891575	3.5953639260980914	5.244102211996921	0.4857197114540206	6.225786269177439	8.209520001834818	8.55902802038004	1.6437813804736985	1.0426707552114243	3.576239094851106	3.0144170116169704	8.98535555605545	8.383776590410847	8.486592975159112	-5.5757740736146095	
1.7549433833589294	6.517870437862509	-1.1548318730117888	2.212184206487434	-2.617069405559814	5.243821738606703	8.999996041113548	1.643657177615454	5.0093892032921605	8.52153987452353	0.7862760393564896	0.19182181478838967	1.4672121730758168	0.9006997078025485	4.45114697840655	3.8489986590208485	-5.999507686817638	-6.0	
5.885679006945663	7.049726600526897	8.999942776681989	6.842638434253562	2.0529676326204616	5.408614822036924	2.2918468654930084	1.529104711388225	-5.958656604226212	4.589883004186278	0.573970444730044	-0.03382438608151972	1.942163074004112	1.4272885375846505	-0.5690386244370078	-1.1706086896168895	-2.406602382649313	-4.901176818074294	
6.625430988327258	7.469778140345058	5.168719001369215	7.833709805839703	-0.10296287863062492	5.7275279458700545	4.029991931243037	1.5395485500603758	2.7525101044572473	8.0492544907894	1.7710119523990375	1.2096004513073266	-1.2573882376567829	-1.8589082775939652	4.439217702130815	3.8376592320486154	-5.131428580037143	-3.9337731879598232	
5.757199859165086	6.98795137156082	2.151921522417286	1.5917542291549562	6.2674465282707175	6.176455907207133	-5.86094304980232	2.343877420678247	3.626643886881487	6.841563421440856	-1.2666410055031534	-1.8492308271740594	-1.0792973714243068	-1.621272993421985	-1.8551311128083938	-2.456845143831702	8.315153608328192	8.407392115549559	
6.5032502139883075	7.365047522640829	1.9847696693903867	1.5395364993584577	8.76447415040308	8.823667622531197	-5.99999976860148	6.959541069098394	8.995803719099031	7.706631271929206	8.999999768753447	8.438670873349649	-4.445184920431686	-5.046740977891691	8.999942291397266	8.398352586892322	4.063144775813283	5.277115373904508	
6.830741305389839	7.864852546128043	-2.793358198899142	1.5347225057334075	4.915069164462796	5.452822534455679	1.806213198814116	8.148090809506808	7.4206297698076735	7.326133196569534	2.6856571442619455	2.084100233516649	8.928131914848203	8.421062981971428	-5.398350275254677	-5.999869448942469	-5.999841649504795	-5.999999999983773	
8.196015130982289	8.981760552780827	0.8436063173926307	1.592311896292375	3.140424021392093	5.735321552922883	8.980447924751159	2.4812887792231386	-5.991392793762642	8.524534107365385	1.760244403321935	1.1600242412667985	3.201582401628997	2.6389102676019576	6.591199798632813	5.98964369726864	-1.6975132124787589	-0.5516461564279371	
-2.5064000804983326	6.520348549195045	7.455182650499834	1.539676910826051	2.0938314796303032	5.243696856403204	4.658263606041627	5.3485831595113105	1.9600706242792771	7.154755225042065	8.999998488100578	8.438543094810905	-4.4662007266488715	-5.067756784108876	2.7197675050783445	2.1182053429057106	-0.20849638956547523	-5.857662366560986	
6.709264590742629	7.543859163231014	-5.356364778067641	1.6768162743599024	3.307200306709431	5.728897557481288	5.0314220653781785	2.1065983624930773	3.116351998840024	7.8978330625082975	-0.6098123984609671	-1.2113684558869275	8.443214047145267	7.88182535566534	0.2780874475926094	-0.3234708242132358	4.579896373486813	5.768423170117943	
8.198300123282788	8.999999999999497	8.99999999999979	1.561444353314001	4.52084802364705	5.666455330073729	5.904335927182451	8.99999799209972	-5.955371806724774	8.585293805737821	4.5846002551078495	3.980261035333415	8.999999999991495	8.508682233619288	-5.398212806316872	-5.99999999999999	-5.999999387608122	-5.9999039417306275	
2.8774247520263536	6.520622404758772	5.102859309956523	1.5388984443013314	-0.5946922727114314	5.244229778640399	6.57614859303459	8.552110550434943	0.9007310029099536	5.152679042523902	0.6802919916143635	0.0788155561822661	3.366154974662015	2.804998063215038	3.0896640479724446	2.487502481095259	-5.993908824413427	-4.387650101155304	
7.9956346331570725	8.999999463996716	2.959283284343398	1.539359967374832	-4.431478076723233	5.463821439740494	8.619027198696955	7.273187879438453	3.9632539696949713	7.975480301656836	1.4969497378066041	0.9953114417630928	-3.029093696451976	-3.6306469859844843	8.499279729537323	7.897722954733393	8.308261882496996	-5.271943003659993	
3.7883342705826664	6.643429014820001	-6.0	6.6131571800206785	8.247744942438953	9.0	9.0	1.5429036351791021	5.425513354763396	8.811280934532384	8.834556565674365	8.227839349521892	9.0	9.0	9.0	8.39496003126	-6.0	-3.1513283138432526	
7.992086276226031	8.996378307303994	6.89798251316007	2.164938637329394	1.0820863702657348	5.463885940443593	-1.4230395046185915	1.6567322213044173	-0.16120253294771736	8.252103287430131	-0.4048459467341914	-1.0064014120693425	4.800703866630423	4.299080997165259	0.15600753694167047	-0.44554890472246367	7.411815712925721	-1.4075182472877472	
8.005493689372647	8.980012228432566	7.740350654788811	2.010145268241809	-5.999999999999348	5.485969144924859	0.48966832115759207	1.7190706986109516	2.374050742749038	6.561224286704725	-2.411570260310338	-3.010265553792388	1.5229805740603455	1.022980677793191	8.999999999977565	8.394099474554748	5.433721470563954	6.049418788261017	
6.6210188196726065	7.465939774990057	8.93779348361418	1.5397683955886965	-5.244462866096676	5.727449230595502	-0.6722922892593663	4.831700759874478	4.310879784255942	6.534210721217601	-2.161359797129753	-2.762910418600682	1.6883239159593604	1.1269359034332167	-0.6252243982207393	-1.2267863886215054	-3.02493652601162	-1.8267603590672623	
7.590263986396522	8.38311983168183	1.6530359595916106	8.99999988436018	4.4181432820055715	5.733128536874258	7.815571071163651	1.5393145767200354	0.032420260299337755	8.999999770835922	8.296023415718699	7.73463098586517	-0.24228816582597723	-0.843844223174604	2.1001636975757947	1.4986076240893365	-4.722253325165559	-3.573538887456164	
7.96944275752913	8.998292993047926	1.8609461210800449	1.5380638268132456	4.047571142739894	5.442503059289226	8.976118780272019	8.743477735263063	-3.765807884669916	6.524407610751412	2.8763642874723914	2.2814956367102504	4.607134119137774	4.105148976989071	0.6721675114794703	0.06833040457538075	-5.969975487418155	-5.853803430546457	
6.960259521708501	7.773811963727102	2.3597754719531174	1.539998589933722	-5.301540734579069	5.731536051835013	8.93441391862602	4.529141968805057	1.0938587175455297	6.618407575857255	-0.6301562279808177	-1.1915485074630663	-5.3925764670817	-5.994131830705017	2.9631526754323705	2.361592864346436	-0.552288660810353	0.6167452870074666	
8.219186597148166	8.999999950130778	8.99998492296479	1.539562942344019	1.568504006601616	5.736059520658557	8.99998492296479	8.903692346840403	-5.90366202498454	8.850811390263008	-5.377317829211322	-5.957093725094566	-5.382057448656224	-5.961826946104981	8.999999848523245	8.398443767503624	-5.999995097826661	-4.841533071279653	
-5.75739785148758	6.51721220402389	8.959181010489685	1.5363320089156343	7.573250364715296	8.083970502177241	-1.764290326924633	8.984175415820225	8.994514397788329	5.034419572268106	-5.393704327273905	-5.995613575843488	8.991778296183924	8.434695953324269	-5.396238447686594	-5.999969107434232	3.2044877719164173	-5.943330748404166	
-5.982923776603599	6.5155354938318215	8.999554251979115	1.5395888554830703	7.3308469838522345	6.285343296603326	8.876036708622497	8.982945695757117	-1.7156879732375643	6.330571686842717	-5.420142894669307	-5.999999768607521	-5.420142894668714	-5.999999768607812	-4.372384021159935	-4.97398162144671	8.494802774625498	-5.941673721113591	
8.999548537061107	7.843697036580339	-1.7596128666409978	1.5652377842544025	8.999361934344082	7.81209601806116	7.900396313789587	8.714697810393876	-1.3392258771389631	8.999841137964985	7.7578881272088065	7.285457434243979	-5.398804886327449	-5.999999761020944	8.999999469754103	8.402032131667056	-5.966188620751202	-4.9175557874871	
8.2191177836942	8.999989788857286	8.999998978947138	1.5395630074625277	-5.95814517650537	5.736001152531909	8.995008144449056	8.957764530659619	1.205536874669619	8.374326100319951	8.998595770782018	8.419003626524505	8.993716100105168	8.413816251923317	7.3167681489577046	6.715212021001296	-5.999657137257065	-4.841200951882222	
6.669483825108973	7.508506786837936	2.6756362521916586	1.5396861654860805	-0.8087473685952729	5.7282013629800765	3.458996855803072	5.0386385845415536	2.174444030027022	6.500910017386563	-0.41445044575505374	-0.9758361196913441	-4.630948432424901	-5.232502150742127	3.8706053988246776	3.2690444163401082	1.9893944747912702	3.1820598058068796	
-0.5816574247948036	6.517337850937469	2.8589085524734266	3.6650835681079386	8.116957996034156	7.798308832985581	1.035233485032296	1.540763774971592	2.6222328666328636	6.676621402024921	4.864364451810388	4.3031879491019005	3.0166791386058183	2.4155223455203156	-0.8896788291434419	-1.4924585565374482	1.4834095658663173	-3.8864587461957654	
6.577999459850789	7.676341907712059	5.036078272302534	2.079231980602305	-2.764131427521989	5.524509217990657	-0.7088246334245154	1.6684880671850673	0.1353355373120655	3.469033152445812	8.994927904676683	8.671973751817145	5.061509587079573	4.468793407180305	-2.010650754143725	-2.617959499463853	3.911973818498117	1.574691426507024	
8.205117256847807	8.99148584522002	8.998648001792228	1.539559426046126	8.736182482712836	8.95395507899445	-2.7956700041809093	5.8102241806710655	-4.477564367412458	5.517608125170339	-2.265864565958076	-2.8272223057506336	-5.367726932110117	-5.969252096037312	-3.0781274878044247	-3.679731130721272	-5.991645615123407	-4.84742943811583	
8.212538234678302	8.998790324307844	7.175826075806789	1.5395594871872014	-5.020439673663235	5.73535924503161	8.998432602856264	7.477437133930165	-0.9801579481418194	6.781180745416645	-5.398444678695393	-5.999997916602034	-1.240958824741492	-1.8023653808728426	-5.214555153298599	-5.8161138076870635	7.569361306467409	8.71325843505149	
7.105049966291325	7.7462795446129995	8.953589208769673	8.99999971945871	4.779884802365141	8.999998810104488	-5.687759285743193	7.342595561127293	8.929099482300225	3.1371184020333818	3.4298595202981375	2.9951487521413043	-4.9060624938581325	-5.5076185506675115	8.972530599009941	8.20832855131012	5.767151186580151	7.4710041005929995	
7.513856560365564	8.306841221927753	-0.16970692876124893	1.544242809807117	3.7037746211394023	5.735321890127082	-0.9995574294151384	3.5088084892384526	3.5961611416443873	6.695448228233396	4.806444632494001	4.245049177775567	0.8761298893541047	0.27457834386528646	2.5075232059489956	1.9059601558978194	-0.5770887415862216	0.5729689999073146	
2.148268621804844	6.51283472486527	3.713026293486312	1.5350251192674635	2.9264599526933583	5.250836614987723	-3.2061293527781967	4.453612777191562	8.98844959125301	8.974673839939493	4.068714790104428	3.507637931227194	2.312615594083775	1.7123445664569203	2.3794966124481025	1.7766052493297861	-4.612113406950602	-2.0693599284079482	
7.995637315011763	8.999999768754268	-0.6691220841525869	1.5393516281336144	-5.145483607232448	5.463718865898185	8.999999633771463	8.999999768734586	8.736987953384048	7.061084786400755	6.2254995126095345	5.6240961877120235	8.992323450940141	8.490425347679873	-5.397893955544786	-5.999459096079806	7.252110488455262	-5.999999996472378	
-2.5129332993651565	6.509877347158326	8.645828814480817	1.9670432949262295	6.235925142305568	5.331153841982728	0.5677582529840617	1.7328872778772446	-2.7094051988833825	6.834277460020651	4.803197114275484	4.232476880492515	4.387268601109541	3.7965772467022774	4.878683286734548	4.2776147313183674	8.996725666510782	-4.8252619524776	
-2.971101776783982	6.5203577757562705	7.856851989130213	1.5396369661295735	8.977653128528562	7.30532423580912	8.201239312553389	5.9256117102829435	-5.999987514114765	6.919853191736774	-0.8157986107990025	-1.4173540196288021	3.95567475169209	3.394160318756663	0.5470172594637033	-0.0545489840280462	0.9277376103690385	-5.908588009381974	
-3.7555561963593433	6.520341974394542	5.325373955627002	1.5614239890307964	4.603247286193536	5.245852059565923	2.869252516334189	2.8494424032796495	1.944041505779631	6.9554266253431685	2.7229567159358155	2.1214006787067863	8.999995684421133	8.438535278499264	-3.960216129341873	-4.561782878445722	7.902371787319511	-5.200845202692234	
-4.476161460168669	6.402218199358645	5.000503629462491	8.995904114887095	1.5048454185944715	5.478788714734744	8.540436099936864	8.993251040275783	8.99688771543509	1.8424713144257217	1.027422725394814	0.4258924142057321	4.720239346663041	4.266735469700976	-4.8047593007752285	-5.734934412835069	8.929295082797529	-4.804935880289058	
6.662441304402652	7.502291817260955	8.99737028918237	1.5395856444652356	-1.6019967926121508	5.728096337027166	-4.605106755837751	5.589036008651373	7.7554193331123304	8.99524871723008	0.1671052836343252	-0.4344501459282002	4.954013243137407	4.39262421597938	-2.4195557628542073	-3.0211141463281255	6.71185503541018	7.905267551713065	
2.758965493252605	6.553584309219094	1.8847375704228364	6.0898559026561045	6.787909706837587	6.186108933616069	8.998539091527338	1.5400069381369326	-5.778224030085868	6.430426351061472	-5.370284284850504	-5.972477983056544	-3.9356537169719497	-4.537428389527741	-5.39075684642185	-5.993725461411684	0.9665338321090804	5.4730244452658585	
-5.999999995854816	6.629527103212071	8.78624063067446	8.393255872410807	8.99999999942577	8.99999999942549	5.343817189173786	1.539443466115853	3.230639118147769	6.943752437931481	8.998234096675061	8.99909830458909	8.999999566771773	8.390771082084088	-5.9979812143286395	-5.9997170523756775	5.722782925341157	-5.810365295830694	
6.552078895178861	7.40632516584399	3.347924795876702	1.539545384770256	8.847652377934121	8.552067500286583	-1.2650406567019372	8.673720122656102	2.565415410896385	6.022499983524655	3.8259730421258666	3.2645131119977506	1.37405319438549	0.7726328507455698	8.996818213374635	8.39524733111008	-0.23625932461014187	0.9708663049057336	
-1.790080988929975	6.519903948473184	8.998316125344159	1.53930045908385	8.999995773432834	6.445725336439462	-5.993538621712136	7.856041750428902	8.999999640847921	8.999775540846118	3.433706638373211	2.832150334025158	8.998057970275116	8.436503498472367	-1.444394771492628	-2.0459518530158762	8.999994888721064	-1.3406862345052906	
7.799361981528609	8.588506937106045	8.78886543235399	3.9332669519442263	8.112916598283118	8.208737300529657	-3.3397449306793465	1.541314079951242	-5.595409818673031	5.640291888735652	3.534828799079632	2.9334381337588376	5.90055150542452	5.3390995541207715	2.6207150413723603	2.019122201026617	4.404973663617664	5.5517552327854425	
3.446988949629011	6.558335719692529	8.186265332035607	7.707786221514043	3.391252204947781	5.551601650944599	8.446877099333927	1.5392468997528752	-5.708725540049626	8.709009659680648	8.914321158010168	8.338211166051797	-4.985734719293212	-5.5872907827178455	-5.099716570734461	-5.701272671656043	-2.149332314338916	1.1978961004489248	
6.792941978651887	7.619256675228943	8.458679577800112	1.5464106589632465	4.958610869828153	5.729908404530306	0.06299879888026894	3.3444502401348384	-5.353056430198289	8.826276696943415	2.8587669973868053	2.2572771055305054	5.622886597905147	5.0614458156518065	0.628499830676037	0.026943749997816013	5.33992189554894	6.520870780704502	
-0.3813166316063734	6.393996757162489	7.870371325733569	7.788987316686098	-5.860910415263219	5.182782333922614	8.999999995073045	8.999999995538392	7.123394337658151	1.5374221893013633	-5.3836375916755035	-5.986391066409578	5.962220520953766	5.508292884490729	2.080738618414763	1.1517974045545154	5.877421756757956	-0.41316917070248405	
6.5425178676889555	7.398275797705253	6.143560696183835	1.539552838989093	-4.951645017026841	5.72609885636936	8.999995859617387	6.2839548781192285	-1.5125497034511461	6.420127279722093	6.148426372093192	5.587167638101292	1.1769068229917252	0.5753511762272234	6.066760580225077	5.4651986028000685	-4.606764299017033	-3.3986502886046597	
8.188441614673016	8.974917565392266	-5.062745001408164	1.557153305483312	5.220610925420585	5.823806969501277	2.332907474210149	2.9408656550237566	2.462705266800029	5.991306685336012	6.186392790087977	5.624846401612643	-5.1784895949592835	-5.780045652419117	-0.37157062852902456	-0.9731597759020225	4.346218640398973	5.49172623723757	
-1.3088043267455678	6.520349531662886	-5.8891958829781	1.53961081181028	6.624563715031682	5.365531228438503	8.998652909156945	7.69484282385962	8.81504475999366	8.26617118325903	5.339258810048708	4.777743881455347	-5.386941943207226	-5.988498000666446	2.010220098535381	1.4086574881075071	2.8059518537692885	-5.334628615122271	
-0.3628269986162618	6.520331032085231	8.999960430323371	1.555716249370156	8.999999300204486	5.546197809974052	1.812590648206923	2.9779458694002994	-5.998717718224365	8.996935201762275	-5.3222812715000325	-5.923837156882379	0.028539011410964044	-0.5329779423136864	-5.398443954871743	-5.999999816321603	8.99323293789488	-5.514654350861158	
-5.38039552237741	6.520354132237811	7.189792929257518	1.5396132536981755	1.3458504568627312	5.24369868162141	8.999999768598409	7.474069357370723	4.143565515727346	7.6671932094207556	-3.1439211225608505	-3.745477180020833	8.99999984117972	8.43853691450564	5.717749939951872	5.1161920228400675	8.426861287164849	-3.0521298784211695	
6.692840392994066	7.529213241922037	2.8553690401051295	1.541263083664945	-0.8195170881683671	5.728540841196718	2.067784156394696	3.944146467688089	2.333314568909749	6.532756838926623	6.131059449103359	5.569667004714669	2.535510620806818	1.933964322315326	1.5769254241870794	0.9753646829925495	0.6953956760296061	1.885610745120963	
7.4963661892704785	8.336662429095604	-0.9379156696760171	1.5425345171753113	-0.47826637026132257	5.666763387952631	8.041297090722642	4.179380947259057	1.6602803469634209	8.200205598533058	-5.191916450504998	-5.793385272645647	-1.0442768098974469	-1.5827987848794827	8.907339989621565	8.305783770864293	8.125521429250927	8.902453058001083	
8.209161820773673	9.0	8.892627609393841	1.682433415105617	-6.0	5.731203674299692	9.0	2.092251770292769	-5.722863923386372	8.020917569287189	-5.39903265992	-6.0	8.997405539188584	8.43261673311977	9.0	9.0	2.3028074157700438	3.4493594132321963	
7.766414049495525	8.555688924532538	4.4448921041609	8.688534925225579	0.4501472420574686	5.734915525869672	4.788498454967211	1.539560541882473	3.6962555157784127	8.773637634822814	3.7371987156813766	3.1757971180563143	-4.567133313897903	-5.168689371166624	4.142372555657296	3.5408126921092933	-3.641765424293677	-2.495098531849131	
6.644168290571606	7.486206627647785	6.291176199438691	6.831434403305483	-0.7278461598027883	5.727817108537522	5.321738282697396	1.5395498741977445	-1.4227140354886068	6.667643778489854	-2.6202559572164983	-3.2218118720491304	2.8105530425710175	2.249166698355829	2.8354293010592624	2.2338698922830336	0.19563270520555065	1.3910833552563293	
-5.277341368788397	6.520351463289499	5.11700206902681	1.5753832072879517	1.6912017674433333	5.243700163590054	7.9393132772940636	2.6416482941444492	2.8822010685747603	8.517421640100192	-5.319908740585977	-5.921454617306573	-1.7189910078902235	-2.280513870801077	4.3909159427552975	3.7893591778325675	2.8730856036642614	-3.8216674817383387	
8.123011046061325	8.909895698480154	6.282288143422445	1.540034224363251	2.408634944937541	5.735176426960766	3.1452764209678232	4.500948441673893	-5.516935902230671	5.902355481532005	2.719081853905843	2.117537611981822	6.231625632475735	5.670284075524425	-0.2946979522459978	-0.8962735415236063	-5.827664915003976	-4.68352581106185	
-4.9760043199376724	6.5203496089611175	2.360900530650012	1.5396204888828402	2.91021934974637	5.243706993073408	8.999999768754723	6.232215829699477	5.758720158490776	7.664064073106225	3.5581970638436164	2.956641302515081	8.663149494008916	8.10165843846363	-1.3043726953854122	-1.9059312473551104	8.999483788513787	-4.381576606002351	
7.209428772066342	8.010808498409144	-0.8605438659498299	1.5395293261914471	8.964476475233043	8.909254192016085	8.635815248445198	7.368129462182232	-4.479087053760118	5.788495978358478	4.57734188681534	4.015981243856167	-5.3941514996938045	-5.995707557149683	8.99999960608644	8.39841814532416	7.764643375608069	8.922401137996186	
6.5681693097251355	7.417647652313358	8.967316886011309	1.538404266792396	0.8365897468696515	5.720836298306434	8.667125968849636	8.975515155826324	-4.725701123121708	8.807218735250071	-5.3984424324760125	-5.999998489934819	5.19273690694104	4.6378525420302115	8.292913181041266	7.691357096081493	-5.999999765017149	-4.845705949679774	
-3.5967624640282567	6.515661032901004	4.852257516967477	1.537532931394499	7.675196294365069	6.5161867546009	0.3850008669172338	4.45660244693169	4.16267956234703	6.601319262007609	1.5226974434371137	0.9211662768457751	4.018121196491043	3.457049730688837	2.557868272571282	1.9564079076997576	5.377420373543064	-5.703031144104358	
8.213853556345615	8.999999254896805	-5.98518064064999	1.5398087916165828	0.4063808611576878	5.735458782414192	8.99999978802067	4.782462646870828	6.2740135692466605	8.997463827680347	-0.7529613395795431	-1.314384063666207	-4.034019345035308	-4.635555152188991	-5.39287070291298	-5.9944272607636755	-5.9996445634745195	-4.855756158447899	
5.802492633740767	6.8723891553751955	-5.999999768561211	4.435952998997331	6.52243507772056	6.834776339189416	5.097859184227071	1.5400718230093187	5.114281822534361	8.999999768754432	-1.1968019421113532	-1.7978147486975402	0.6589741866790249	0.0973633024512992	-0.45565391241631303	-1.057269075893461	-4.724275244269636	-3.3123184304551136	
8.213609657656493	8.999850996701637	7.268597897227519	6.482325855875814	1.6302580690986446	5.735365147014232	-0.9919347556715126	1.5395647528100334	1.014693301646214	6.524240387992725	8.999974265311707	8.438711550227431	-5.323358883914427	-5.924914941374429	8.316713004327111	7.715150764700802	2.0266477335525543	3.1705547297716414	
7.740927681381258	8.530371901494815	0.1516783567773743	1.5830137961352468	-2.605142554715094	5.734823113825888	4.963197790623761	2.5608084542907985	1.9438907704535335	5.931673004786154	7.619614617002153	7.058358700138088	2.505557700613954	1.9040019401104225	2.8218300008445123	2.2202508642000893	7.854295033805199	8.999749117661324	
-5.771051146385377	6.520327540709914	8.718457578445255	1.5396109806463754	8.1758321348125	6.9311668230109795	8.999999993675551	6.1092386716739995	-4.671669646003871	6.497352926883655	-5.219652600233856	-5.821208655705035	2.0655190610446503	1.5040094032665436	-4.793020102371589	-5.394603130269743	0.8639581994812637	-5.999996786410974	
8.213744420505025	8.999998674598295	8.999990321625269	8.977447936409543	1.1435606657856994	5.735353353923291	2.944922619809118	1.5395589539238834	0.7835316937083636	8.979518762683213	-5.331925132046329	-5.93348118950633	7.441214476637622	6.879809429791388	-4.506648970445406	-5.108205047058351	-5.884123353524277	-4.740290170156705	
4.4730796293585495	6.608238224354023	-5.4568261738218595	1.9027192797502135	8.981838576233548	7.789718233338981	2.8366484591043566	1.809608184739493	2.0989877496830722	6.956883090591626	-0.05461831939062911	-0.5922037443919574	-2.6901230938161698	-3.292120779141165	-5.126935345735147	-5.750853423961894	8.375121161933603	8.943427445808982	
8.998542074876797	7.142734861360275	0.4075276214784713	1.5509944865526704	1.4834530824035257	8.20728781504576	3.0892128557326846	2.5918925470604037	-0.821137850012736	5.825038158726478	-3.2839140962932407	-3.8647614806247006	-0.7230421372343905	-1.195373698137713	2.1537780185310726	1.5348248023800197	-3.448655757130846	-2.4225060827048344	
8.056862543477976	8.67662892447412	2.4384442362378564	7.551089422869385	-2.5434012139073867	5.7639429759041505	5.83657462783111	8.990863666465069	6.589191342296932	1.5412739800200717	-3.768531896673226	-4.370084597408095	0.8632305700418739	0.4285069617963444	1.812062556672676	1.0478647631409261	1.4738054048984406	3.1604142538731175	
-2.226069037948026	6.506281238435378	8.999371589456231	1.750783619280675	-1.5771294399782132	5.232490149331676	8.65097718507581	1.9373456096332822	-5.998889664879417	4.576082536427407	2.8446727661575792	2.2383804560360403	8.999999831182087	8.440959276482804	1.7995161749628412	1.19543840368459	0.43442675655719576	-5.986859503575351	
8.107314728805312	8.895284283598743	7.999556710046653	2.5759933370513917	-5.265836059325987	5.733818395976991	1.901921433374512	1.581180706046851	0.7260372433903175	6.828845774227403	3.300600228528136	2.699070107555375	6.475788497967324	5.914377625958764	8.455859703480732	7.854301000482209	0.7488008445955519	1.8931032602553266	
