2.67079340208	1.80306999929	6.13988478116	5.12297803945	8.9985894006	8.99601757703	8.99394568395	-0.414647550369	1.19450307502	8.9984330052	-3.07017870194	-4.39932441988	8.85874730999	4.87505405233	
3.41494820641	3.22792604564	6.20731025768	0.120161222923	7.544139219	8.61768959517	8.21335019616	4.29152282802	0.879721164853	6.48073111414	2.41581491992	8.28297749661	2.31838636887	7.27510121629	
1.55473319659	1.80816291816	5.88479151803	0.228521020503	1.80315264818	8.49288687703	8.99104275482	5.33174146221	0.891925532109	-0.283695348439	-5.99820903819	-5.86659056917	0.213868594746	-5.14099511341	
3.40222315534	3.22793367419	6.20737974556	0.120322487492	0.846439738601	7.50640309111	7.52257550905	5.81358166349	6.24930090109	4.03824740519	-0.176353752423	5.69081513173	3.08665548668	8.043335729	
3.31350149972	3.18726875907	6.81312635562	1.01850598479	1.21665959122	8.44187806465	8.18187172926	4.44150596358	1.20921072314	0.157917769867	-5.36160501848	0.456776350305	-5.99599495181	-1.69596649999	
2.45427448239	3.09435156725	6.66053247422	3.19334154766	2.47737611758	8.98973777879	8.97983286043	2.56710325979	0.844762703835	0.0914629974542	-1.47506844027	4.24677741155	-5.96339098754	-3.02438075855	
0.960020591862	3.13322968762	6.82870627507	0.934406249289	2.22401207246	7.33055939236	8.1506752302	8.96522383177	5.83715921189	0.155842600146	0.66841160808	6.43698496597	-5.99999973319	-2.54659574699	
8.97416861585	8.99982056048	8.99944272116	4.54970375452	3.30419105715	8.99959480913	4.49716740753	0.495532891366	0.513948829983	-0.611615559401	-5.98123673488	-6.0	5.60004567859	-2.51634848975	
8.99999646155	8.26280168161	8.03471274991	2.76422823253	0.932477771149	8.44812622768	5.03326024024	5.97980070961	8.49593670865	2.60895586605	-0.171171342535	6.77634867462	7.63829641272	-1.27595469246	
0.835125855315	1.80674133266	5.9754556091	0.469400474738	8.98476072956	8.99291155771	4.6625864417	-0.34489837703	2.84897746591	8.84764188185	8.31359389031	-5.76718098164	-5.23191947804	-4.05609763142	
4.61190074257	3.10041992356	6.50891538088	0.111372277316	4.22776388683	8.96933528042	8.85530030887	4.9890293088	2.81110349799	6.28249116535	3.27272223807	8.99998787869	5.94296831209	-5.9886984971	
0.796269642978	3.10403007619	6.5866823411	0.103707866328	3.63204351532	5.36581604448	8.9956750996	7.73478914787	7.990449515	8.1539495242	-5.99989913928	-0.264231544549	8.38039188559	-5.67264809945	
0.836806586134	1.81052663736	5.97520888231	0.469208514367	8.98763206599	8.73561341762	4.66431700017	-0.344527248915	2.72817062724	8.98093251219	2.19910768488	6.22044613434	6.45467248569	-5.45644137096	
8.99195573927	8.99902558923	8.88867145256	7.98618776337	0.494680530093	6.26414078622	8.99981525757	4.36894870536	3.20237482293	-0.917212933115	-5.99283229048	-6.0	7.13162490931	1.73420739355	
2.13493619106	3.09787465566	6.47051332414	0.108527390202	0.786520556993	6.48506662272	8.22175506382	8.67623833464	8.99999997753	4.69139708903	-4.00681361467	1.72401084236	-2.94654255088	1.66540828275	
0.831307916538	1.80674041468	5.97549298478	0.469417479618	2.99578288021	8.99864931276	8.70278721815	7.8943840985	3.85408923103	-0.344861798246	6.3577783636	-5.21835688535	-4.8656004778	-2.71065578643	
0.883704099772	3.1804340535	6.32133405965	0.107544037341	6.07323483572	7.70602253095	4.88043703453	2.56755863996	4.36896467065	5.46003838358	-0.321061630174	5.50258524081	-4.04662505898	0.870270798353	
0.931669652373	1.80190574593	8.99993682128	8.14835981318	3.04049058712	8.98873892457	8.99999999979	4.21970846693	8.99999999099	4.36373266532	4.69792138199	8.68305681747	5.87681198142	-5.11345505888	
0.793782505244	3.09641049571	6.57884289278	0.10135128595	4.82456645604	5.36418820861	8.99964069491	8.9978601393	8.80306507608	8.90146678352	-0.505777890533	5.2214669231	-5.98064961028	-6.0	
0.984012138792	3.09128151558	6.6585585101	0.10477879139	1.39363840961	8.99162957899	8.35542112925	4.28549723763	8.99764463192	6.39329799275	-3.987720721	1.74099157364	-5.96310000314	-5.9029677651	
8.51087652966	8.99763415092	7.36001193082	0.21226269425	8.73500941644	8.99901896921	7.31202117943	3.90534179361	0.337296990852	6.36409990513	1.77682475526	8.99963394397	-5.99128400081	-5.54356857472	
0.718804123072	1.81286027793	5.72143675506	-0.387232464619	2.41094845767	5.79587088489	5.83427046438	3.62803775514	3.5402529362	3.78559860365	1.64370049212	5.66717046744	8.72784600078	-6.0	
2.69365796346	7.22194487831	5.9665873449	-1.18862861618	2.59578278851	5.40773811593	8.99239088772	5.17380951282	0.858944114778	0.966083189924	3.48532064058	7.93088113723	1.8626193753	5.03018124879	
3.40322093583	3.15219246889	6.78224211302	1.00195615295	1.11015436539	8.45016371971	5.68481164618	1.98480573363	1.32978838206	0.23856600684	-5.99999997489	-0.217983476193	-4.01886782945	-5.93169030105	
1.16644468129	1.80334702831	8.99822588283	3.99377877693	1.54113207927	7.48247100988	4.93435747442	-0.112740028584	8.99951293203	8.99985541923	-3.31230676216	0.68530866195	2.48976407074	8.44946975515	
1.93460478055	1.80432089426	6.03480720635	0.624728859884	3.2745945454	8.19970030451	4.76527955315	-0.363517618774	1.35925104928	3.57410759655	-5.99356500642	-2.87743807093	2.56415309338	1.42265191954	
0.918378342225	3.12631154731	6.60079374669	0.112889132386	5.25370499281	5.44754829265	8.85775854353	5.47219230924	3.78378681389	7.71003705098	-3.79957628261	1.96103463383	-3.40142436297	1.04412023264	
3.34473095414	3.2279000795	6.20738050514	0.120126797012	7.72990471235	7.47474261914	8.99999988206	5.0784690355	2.07015653719	8.92950682624	-5.74890589483	0.118235173826	1.27792220644	6.23462639057	
4.41072515201	3.2271365175	6.21705072272	0.143903908045	0.844907825746	8.62038278192	7.89100011431	8.03115651969	5.55973088178	1.3805920448	-5.39818775851	0.467999583733	-5.99999967278	-1.04664020529	
3.72771244687	3.09313800153	6.50269112502	0.109083206335	7.1834763317	8.09300059357	8.99562663674	5.128643207	2.56872141451	8.99236323544	-3.19448059943	2.52512018043	-1.10124962455	3.42739434759	
3.48387827684	3.22797794462	6.20721438863	0.120148261439	0.887384273972	7.58683597158	8.9999997688	6.09567287675	8.99999976862	8.02638779942	-5.99980014556	-0.132590764542	2.97646992306	7.9331995092	
1.25955079789	2.02171409543	6.17406715852	4.55630266136	2.72978854027	8.94214376653	8.99999976314	1.49871413386	1.11145225976	-0.182543270684	-5.82120720969	-1.4548454731	6.69222287534	-1.24483833969	
3.54535693048	3.22782778811	6.20896831905	0.12439972528	0.846163672192	7.6701765479	8.96506491369	7.30763414724	4.40296645361	2.11724943221	3.09010658089	8.95713480481	-2.52895287065	2.42724244649	
0.68908109007	1.81256929559	5.78232427454	-0.385066900093	8.98832127691	8.80368952775	4.34956393873	6.2580314819	8.98323856754	8.71361198431	4.27317131783	8.30164011524	7.24138733012	4.5397432493	
0.876297406955	3.16677748159	6.33990951095	0.104476329252	8.98646407732	8.99999725048	8.97548671413	8.81313726791	4.69662763571	5.28111826453	-4.82187784993	0.986958912881	-5.49598724477	-0.645971466059	
4.73523067578	3.22446745265	6.19729424908	0.137164783041	0.861793713004	8.67170095319	5.54160131991	2.95233228727	6.5107996053	5.11465495268	1.4382786341	7.30680021647	2.21843131703	6.96959297921	
1.55519722811	1.80374873477	6.12855851195	4.62466351518	8.91456724653	8.12599207946	8.49402564596	-0.41250892702	1.16177346614	8.62204609983	6.88063464015	7.27912099762	8.86777646708	1.64745596218	
1.74981907852	3.09929755521	6.52066724796	0.113553381463	1.28999184366	6.17724660119	6.37191311493	2.70436156742	2.16409368009	2.44400232794	2.34254360708	8.06944532416	7.76444182204	8.96583492641	
0.77078056433	1.81175769653	5.73403887595	-0.383069984658	1.56481117325	6.09447957609	4.72717230605	3.08914994584	4.30583040785	2.89993753727	-4.1821150873	-0.484459403643	-3.81463655679	-1.31668065863	
7.51439267315	8.03213009856	6.16707835284	0.359388255042	2.92030123808	8.91166053208	7.55932963291	3.66467988045	0.838703789421	0.505704925818	1.8500309352	8.99987002967	-0.343924811033	4.72726836745	
1.9842932731	3.03080216841	6.6734643199	0.0869319341785	1.23857558167	8.87074519485	8.96022092845	3.29008452861	8.99816215986	8.99834566914	-4.59978863007	1.04261688372	5.54269756917	8.9994182007	
1.6732727414	1.81283131706	5.73787949762	-0.372027375287	1.56980222548	7.31203314524	7.08912609113	3.56658968838	0.963202201882	1.12104709783	-2.8236884763	1.19986632316	1.05896663692	-5.99805395246	
3.50489858515	8.30413154881	6.15680643016	-1.19151653635	8.99996420014	8.97495675055	8.85792034298	4.9508759474	0.837497244319	3.79306006109	-5.99803794571	-1.13365556276	5.46483894136	-2.57133944465	
0.862533815153	3.18787999081	6.38519908471	4.0812788849	3.81101050456	8.98908378777	8.99999515749	8.69752458035	8.99715629878	0.588818638369	-3.05320483215	2.77841868522	1.75982491796	6.63443478348	
1.35145351395	1.80718403838	5.97503988904	0.40279739936	1.16742744094	7.56419520405	4.65705960454	0.159846159932	2.77532528634	2.44833073495	-5.83325417739	-3.04288700262	5.18013450663	7.13306957303	
3.99602729084	3.09204821135	6.69946151835	0.79142658732	0.868570862966	8.9490793563	6.28356626387	8.77847918316	7.46375186485	0.195895330919	-5.9959129704	-0.27583873962	5.59542100587	8.75078455804	
3.65390321268	3.22801869718	6.20712043279	0.120234283601	3.65283357435	7.76041561802	7.80403006565	3.88227366837	2.93595875278	5.74143047489	3.13275760403	8.99999935305	4.01574754315	8.9724444481	
0.703533694304	1.81209946381	5.73368572541	-0.387025056135	8.02344394789	6.17798174617	8.95764377522	8.9576193359	4.56601763538	7.83287353602	-5.99983247564	-4.57731998001	-3.95665043466	1.85750344967	
0.855209185802	3.08711978212	6.63980340629	0.44940557021	4.01433477491	8.38852637843	4.86532700001	0.331313402491	8.39933869823	8.99999919613	-5.11418264186	0.603960509967	2.76371362421	7.26544212879	
4.2496261919	8.98038265949	6.10207091367	-1.19152169691	0.932387327057	3.77837598141	6.87664889431	3.99816361663	5.98307162129	5.05012709175	0.982681924778	5.36715315973	4.16604992569	0.776920009458	
1.53073292021	3.0888983102	6.69114784682	0.871334826205	4.61879378232	8.97572092212	4.99680791443	0.181567202157	1.02335665338	2.26414270388	3.28003275559	8.99999999806	4.75069591173	8.99998275419	
2.58215764965	2.02556017281	6.08867243383	0.611762425061	2.46858420779	8.94486989466	4.80168032963	-0.261310065994	1.06948898301	2.2008563892	-2.31136333478	2.13629616287	1.28095528772	-5.19433804621	
4.03189304144	3.14435384613	6.76543103716	0.940080314253	0.873236017485	8.89772812121	4.96268676011	4.90442553583	8.99984331396	4.25446242503	3.07896654142	8.8528332617	-5.93169623875	-5.99999252602	
2.75250676639	3.19549622008	6.22710147415	0.115095784392	5.70666265788	8.87809816926	7.16264368411	3.2470741007	0.845456204708	3.73383468066	-4.31464142973	1.51890163289	-5.99627222328	-1.11695636438	
0.796089951522	3.10402856409	6.58840893697	0.111355976452	5.48887781786	8.99999984616	8.98839428416	8.69454776202	4.43817052869	1.85143125138	-5.9999999319	-0.264301404645	-5.99314423464	-5.99615089403	
8.99983834328	6.45534554498	5.669501342	1.11161554063	0.726145854762	8.99983945387	8.99999987136	5.89972019266	0.981308704536	-0.930822720744	-5.71982573266	-4.05074361044	-3.84227893779	2.75051759498	
8.63913551773	8.99999999116	6.23891728307	0.526684817713	0.85073862251	7.2780742112	7.86083682937	7.57542297814	4.60657410646	0.30369219215	0.301366958546	7.42082756589	-5.09677672384	-0.0432403889038	
7.14139024833	7.66900014418	8.06181395518	2.77737680746	0.934018014106	7.20182365635	5.17602362919	6.65662020943	7.07612573052	0.654480866965	-0.511249603034	6.4578574392	5.26468275238	1.21309989087	
3.83197725043	3.13615250501	6.5489368387	0.132460642947	4.36143758051	8.94732118099	5.62682314904	1.71750854782	0.845746421815	3.71842638616	-5.99959259791	-0.234637101807	-5.9999702358	-2.78175335939	
0.795421702451	3.10396809096	6.58747961034	0.107425004643	5.7935425459	8.99940173851	7.45952863036	8.81190631897	6.08415073769	2.15889753821	3.26437800857	8.99999977143	-5.92133891444	-4.84014675355	
1.33972489853	1.80353431582	8.97007718283	4.00110767569	2.33682042524	8.73995164455	6.12990423653	2.29624042447	1.12474775528	-0.384595719723	-5.80957421062	-2.61738882499	-5.92690629755	3.9165383875	
0.689711819471	1.82212063218	5.78256720372	-0.38101052569	4.9988642664	6.17151744557	4.64470568281	8.21741681279	8.99303844354	5.68450517983	-5.9350330895	-3.63661867039	8.79936023673	0.33801468039	
0.89382648454	3.14749569611	6.36495207268	0.212924242976	3.14280502708	7.57183592122	4.89278924355	1.28159892231	4.65105943905	4.22858069423	3.21300461079	8.99999902581	4.04709562108	8.93157548518	
0.949558200705	1.80635177328	5.99426605797	0.520781891279	5.45199176891	7.60683116558	4.69289918859	-0.353911712272	4.78193051884	8.75834730417	-5.9934903872	-3.45299942561	3.08581611472	-2.72583944864	
3.68495053159	3.22735837746	6.21431948976	0.137227590046	1.93448007254	8.34146103476	8.99999970561	5.11099135383	1.0228655711	1.51903044917	-5.98620341974	-0.119734259601	-2.21753778575	2.73713562112	
3.18986136451	3.22753143889	6.21028362424	0.126333035081	4.59148701271	7.88942330095	5.9082497508	1.95321581911	0.98379603938	4.16613111227	0.070443891946	5.93719066638	-4.48487915283	0.471037673558	
3.46596302817	3.22793723575	6.20748766617	0.120743867167	2.46630547659	7.68720466871	8.60936718587	4.69789611672	1.47681277666	2.97073794946	-1.64549043767	4.22167573979	0.690158592084	5.6468244283	
1.33266124782	8.99845325868	8.97944743726	-1.19110151733	1.05157050564	3.87809797016	8.99998708955	6.48677357511	2.91509652827	1.59716492041	0.878418029466	8.6770948023	2.82926971405	-5.08830072977	
0.814776233618	3.08236180399	6.60360360482	0.252472681776	4.27230914279	8.99999907405	7.89199416313	8.95103158869	5.82714865296	0.595960737816	2.40985776603	8.12384958013	-5.99092006778	-5.83708146538	
4.64319077302	3.22715135021	6.21663917694	0.143326836002	0.856341785012	8.85309337747	7.51118331814	5.16405502534	3.07342410139	1.39290485975	1.2592019456	7.12541043792	-5.87984934472	-0.925783846809	
4.65583162845	3.2272607969	6.21542985855	0.14044935594	0.999363029948	8.88041824187	6.08685569337	2.66135056201	2.03806251416	1.5656502818	0.15371621196	6.02005156553	4.0456833293	8.99999997089	
3.9401743086	1.81181711375	5.73102555331	-0.387123982374	2.36755250292	8.99999994648	7.38466932997	3.75263948582	3.24372190473	4.89620820557	-5.656262976	-4.20496234155	2.02923027968	8.67352618205	
1.59577281576	1.85497630559	5.98681391464	0.475536772938	0.913869571714	7.68331468777	4.70911347377	7.51241447535	8.94994347909	1.13049131285	0.850361322669	5.04225582135	5.67168436597	-5.53999947023	
0.794837909418	3.10395179956	6.58679034925	0.103705914752	8.24580905191	8.9990086245	4.72978821749	4.29079216868	8.67637742401	8.99731982347	3.26026786723	8.99586071733	-5.95944447505	-5.68633621348	
0.883431753901	3.18051244812	6.32091476497	0.106438188091	5.79809606823	8.01101019486	4.88830627908	5.88886203932	7.32024482031	4.51805070815	1.29431250075	7.11804631756	1.76487152892	6.68201737819	
8.8332455352	8.31481959857	8.01898863853	2.75324600295	0.934280976799	8.23237953203	5.55144493185	8.99810452529	8.64153221718	0.250320547965	-5.16650751661	1.78355723659	-5.99824826219	-2.88379402003	
1.60557973567	3.16474386384	6.3199651197	0.117541194809	4.52548275205	5.63512307556	8.19092003117	4.39555984596	1.80211854421	5.42787367166	-4.66638484023	1.13772718071	-4.41952953082	0.435125852866	
0.841813862047	3.10647205286	6.58281049994	0.105085962356	2.04109399203	5.39697200306	6.90701978033	4.23492360891	8.73777009962	8.7265953197	-2.78878051909	2.94916408128	-5.99492989652	-6.0	
8.99783351482	8.26271427734	8.04996826675	2.79880806016	1.51693037481	8.99063500023	8.96387722922	5.04568442834	1.08987506013	0.0918636123988	-5.99999312033	0.951331921449	1.17275183378	4.94422609214	
4.10445137082	3.14476985587	6.76712183003	0.942162390064	0.877718307483	8.97249002736	5.04969679913	2.56465450819	3.21827714905	0.901184415418	-1.42442664928	4.34990775673	5.57563726822	-5.90648039674	
4.65705319372	3.11570577738	6.26670288556	0.102073919471	2.40031603849	8.92207555884	8.99999976875	5.12628680727	3.13938967766	4.66664441352	2.94172067946	8.69439262108	3.46469500013	8.43956434571	
3.78308153826	1.8235796756	5.77510780317	-0.380493157556	0.704960349748	8.89574248272	5.59512611151	3.51208270728	4.91788578015	3.3338802537	-5.97428105106	-1.90575489478	2.36103357768	5.17140961758	
0.703844920476	1.81203475305	5.73541461228	-0.385734285766	4.68023655749	8.49455332812	7.41917636174	8.66267284289	5.59447413001	1.95777344938	-5.94173235252	-4.09625615563	-0.00417072126836	-6.0	
0.870735509773	3.10132543007	6.70774868676	0.562058658204	3.89158091365	8.91655916387	5.77310054116	8.99970193747	8.16851867427	0.326573215404	1.63183733533	7.36644523515	-5.99814864111	-4.4538574969	
0.701980774639	1.81198908842	5.7405910358	-0.38723868008	2.8904828302	5.77428256797	7.79698449992	8.95311215714	8.95307358765	6.33799867859	4.87268576779	8.9343980117	-4.1855237443	-1.27545351832	
3.85683697176	3.22746345921	6.21347033535	0.135442632704	5.68297948337	8.26790870773	5.56741823758	1.56639738179	1.22231653093	5.82514011528	-3.84409769339	2.02248310827	4.04510805516	8.99999976876	
2.52587372649	8.93052109522	8.99792833451	0.0890989087242	4.8207052611	6.58191986776	8.26924783913	3.26000743986	0.931328935872	3.23364994976	-3.06129007681	8.19907650595	1.28047866632	6.32350870834	
4.12618295147	3.14430753362	6.76567907813	0.940433038813	1.21082771872	8.99204334258	4.96266848098	0.426207657303	8.92965479239	8.99999976874	3.22618812822	8.99999787814	7.79507668745	-4.19636623616	
4.13247450516	3.14429008482	6.76563785927	0.940345039966	6.49638535357	8.99973833827	4.9626614227	0.158940555785	3.37623972245	8.99805207326	3.22610958152	8.99991546319	-5.8750782718	-5.99999999483	
4.13413795068	3.14430648268	6.76568004649	0.940446102414	1.28342044527	8.99999973386	4.96267192676	0.372765989342	8.80360104392	8.99999976976	-5.06976559726	0.704055847646	7.55290019515	-5.29393487931	
4.10527206847	3.22729955282	6.21559269896	0.140618173774	8.24502822081	8.37225604914	5.46694769939	1.44226780719	1.67000225822	8.99999976875	-0.147122064362	5.71925609989	4.04524339261	8.99952383547	
0.745638075534	1.8176754973	8.73448552265	-0.379997277524	7.99929216474	8.99922828967	7.54945580078	8.99576728612	6.9559743798	8.99633375255	-5.99972041278	-6.0	2.62082675073	5.03522597236	
3.4319241483	3.22791696957	6.20751593534	0.120686918771	4.56000276849	8.95392497821	7.44491537698	3.52227266412	0.860714070589	3.15885469185	-1.79706650986	4.07008156033	-4.96272623638	-0.0061219948689	
0.964574986644	3.16833894555	6.33714186823	0.154484683871	8.91903779483	6.35705533171	4.96694723665	1.05710345618	1.88556006405	8.82868286092	0.334618329101	6.14457170828	-5.99720725652	-1.12624174626	
2.41371276071	1.81839287482	5.98311806242	0.501867253498	2.49297555504	8.87723138159	4.70412290331	-0.319293197932	1.04425328353	2.23006590292	-3.90335777218	-2.36174669401	-4.63715839451	1.79456695123	
2.0056753186	3.57699853039	8.99998486055	7.58626305847	2.60770610565	6.6517708282	8.99999965812	0.147891535956	2.89677156337	4.18588346714	-5.99999999648	0.212671373432	7.89952227169	-2.95087049528	
1.87406248354	3.19861025909	6.38300876506	0.186119427086	0.837343682483	6.30615783377	5.1127859113	2.93878375732	8.95759039445	7.00186603309	-0.0493387695017	5.7804185517	4.09516057186	8.8917888887	
1.37498248193	8.99999994849	8.99990096985	-1.13306006791	1.16653322309	5.09447397299	4.80032062306	0.226124532763	8.9999999998	8.6316879312	8.27381729943	-4.02306676071	2.66416297915	-0.31692415729	
3.34397392506	3.18453345781	6.50061999331	0.696143458391	0.903895910335	8.16781200265	4.99578354789	6.17800257878	8.77213923717	2.80569566647	-5.15296676258	0.667316703789	3.82835745851	8.43797932913	
2.99241771555	1.80378158574	6.10588210227	4.62188917648	0.874009726581	8.99982129606	8.83176510921	8.9994535897	8.99982507944	-0.111526522735	-5.6397595491	-3.57288172056	2.8368887127	0.776669123663	
