47.1284913078, 2000, 20, 3, 1.0, 2.1, 2.1
20.5644609417, 2000, 20, 3, 1.0, 2.1, 2.1
44.686261366, 2000, 20, 3, 1.0, 2.1, 2.1
20.0295537111, 2000, 20, 3, 1.0, 2.1, 2.1
20.5053377633, 2000, 20, 3, 1.0, 2.1, 2.1
22.7207545649, 2000, 20, 3, 1.0, 2.1, 2.1
20.6356363884, 2000, 20, 3, 1.0, 2.1, 2.1
106.930491839, 2000, 20, 3, 1.0, 2.1, 2.1
26.4504061723, 2000, 20, 3, 1.0, 2.1, 2.1
44.6128186052, 2000, 20, 3, 1.0, 2.1, 2.1
20.7732720226, 2000, 20, 3, 1.0, 2.1, 2.1
45.4974415554, 2000, 20, 3, 1.0, 2.1, 2.1
44.6447040968, 2000, 20, 3, 1.0, 2.1, 2.1
108.052272756, 2000, 20, 3, 1.0, 2.1, 2.1
34.4251776686, 2000, 20, 3, 1.0, 2.1, 2.1
44.5959239464, 2000, 20, 3, 1.0, 2.1, 2.1
22.9379005692, 2000, 20, 3, 1.0, 2.1, 2.1
55.8317001626, 2000, 20, 3, 1.0, 2.1, 2.1
20.5625604933, 2000, 20, 3, 1.0, 2.1, 2.1
26.1631561126, 2000, 20, 3, 1.0, 2.1, 2.1
34.5627232315, 2000, 20, 3, 1.0, 2.1, 2.1
45.2308917066, 2000, 20, 3, 1.0, 2.1, 2.1
104.468979575, 2000, 20, 3, 1.0, 2.1, 2.1
22.7174153707, 2000, 20, 3, 1.0, 2.1, 2.1
54.2526606178, 2000, 20, 3, 1.0, 2.1, 2.1
44.6305643096, 2000, 20, 3, 1.0, 2.1, 2.1
34.36022462, 2000, 20, 3, 1.0, 2.1, 2.1
21.2645438895, 2000, 20, 3, 1.0, 2.1, 2.1
26.7209827539, 2000, 20, 3, 1.0, 2.1, 2.1
20.7349017721, 2000, 20, 3, 1.0, 2.1, 2.1
19.7875436754, 2000, 20, 3, 1.0, 2.1, 2.1
47.1208034326, 2000, 20, 3, 1.0, 2.1, 2.1
19.7420625008, 2000, 20, 3, 1.0, 2.1, 2.1
45.224534845, 2000, 20, 3, 1.0, 2.1, 2.1
31.0606470714, 2000, 20, 3, 1.0, 2.1, 2.1
25.8869557876, 2000, 20, 3, 1.0, 2.1, 2.1
47.1218275056, 2000, 20, 3, 1.0, 2.1, 2.1
20.7027299121, 2000, 20, 3, 1.0, 2.1, 2.1
45.224467247, 2000, 20, 3, 1.0, 2.1, 2.1
48.9781389933, 2000, 20, 3, 1.0, 2.1, 2.1
26.1790348429, 2000, 20, 3, 1.0, 2.1, 2.1
45.2496584523, 2000, 20, 3, 1.0, 2.1, 2.1
104.469445487, 2000, 20, 3, 1.0, 2.1, 2.1
32.2084888918, 2000, 20, 3, 1.0, 2.1, 2.1
44.6147991266, 2000, 20, 3, 1.0, 2.1, 2.1
20.3080689617, 2000, 20, 3, 1.0, 2.1, 2.1
20.5791224555, 2000, 20, 3, 1.0, 2.1, 2.1
45.2230470144, 2000, 20, 3, 1.0, 2.1, 2.1
44.594717968, 2000, 20, 3, 1.0, 2.1, 2.1
104.501839223, 2000, 20, 3, 1.0, 2.1, 2.1
20.2431165225, 2000, 20, 3, 1.0, 2.1, 2.1
44.6295774191, 2000, 20, 3, 1.0, 2.1, 2.1
20.3769648392, 2000, 20, 3, 1.0, 2.1, 2.1
20.7957304937, 2000, 20, 3, 1.0, 2.1, 2.1
20.5746370773, 2000, 20, 3, 1.0, 2.1, 2.1
97.7281934788, 2000, 20, 3, 1.0, 2.1, 2.1
35.4394673233, 2000, 20, 3, 1.0, 2.1, 2.1
97.7749889051, 2000, 20, 3, 1.0, 2.1, 2.1
20.7305018863, 2000, 20, 3, 1.0, 2.1, 2.1
45.2227791261, 2000, 20, 3, 1.0, 2.1, 2.1
54.2525484054, 2000, 20, 3, 1.0, 2.1, 2.1
45.2233592027, 2000, 20, 3, 1.0, 2.1, 2.1
19.9004325062, 2000, 20, 3, 1.0, 2.1, 2.1
44.5952808205, 2000, 20, 3, 1.0, 2.1, 2.1
19.8348887677, 2000, 20, 3, 1.0, 2.1, 2.1
21.6111721625, 2000, 20, 3, 1.0, 2.1, 2.1
19.9361149188, 2000, 20, 3, 1.0, 2.1, 2.1
117.277973582, 2000, 20, 3, 1.0, 2.1, 2.1
20.4953631732, 2000, 20, 3, 1.0, 2.1, 2.1
26.5840813525, 2000, 20, 3, 1.0, 2.1, 2.1
27.2522163337, 2000, 20, 3, 1.0, 2.1, 2.1
45.2752861406, 2000, 20, 3, 1.0, 2.1, 2.1
44.6047446771, 2000, 20, 3, 1.0, 2.1, 2.1
20.5645997998, 2000, 20, 3, 1.0, 2.1, 2.1
45.2225702935, 2000, 20, 3, 1.0, 2.1, 2.1
26.4497682281, 2000, 20, 3, 1.0, 2.1, 2.1
21.5980639612, 2000, 20, 3, 1.0, 2.1, 2.1
20.5804697043, 2000, 20, 3, 1.0, 2.1, 2.1
36.617894629, 2000, 20, 3, 1.0, 2.1, 2.1
29.0440159169, 2000, 20, 3, 1.0, 2.1, 2.1
20.7614587588, 2000, 20, 3, 1.0, 2.1, 2.1
45.2734281768, 2000, 20, 3, 1.0, 2.1, 2.1
45.2202674828, 2000, 20, 3, 1.0, 2.1, 2.1
22.929363604, 2000, 20, 3, 1.0, 2.1, 2.1
45.2233478609, 2000, 20, 3, 1.0, 2.1, 2.1
30.8620041389, 2000, 20, 3, 1.0, 2.1, 2.1
34.311695836, 2000, 20, 3, 1.0, 2.1, 2.1
20.4429815516, 2000, 20, 3, 1.0, 2.1, 2.1
22.6674965934, 2000, 20, 3, 1.0, 2.1, 2.1
20.4027743363, 2000, 20, 3, 1.0, 2.1, 2.1
19.8484877033, 2000, 20, 3, 1.0, 2.1, 2.1
60.4147328414, 2000, 20, 3, 1.0, 2.1, 2.1
19.7666831434, 2000, 20, 3, 1.0, 2.1, 2.1
20.5492225955, 2000, 20, 3, 1.0, 2.1, 2.1
44.6080823935, 2000, 20, 3, 1.0, 2.1, 2.1
31.3817448267, 2000, 20, 3, 1.0, 2.1, 2.1
29.7980987813, 2000, 20, 3, 1.0, 2.1, 2.1
117.277616425, 2000, 20, 3, 1.0, 2.1, 2.1
20.4203922901, 2000, 20, 3, 1.0, 2.1, 2.1
47.1240624902, 2000, 20, 3, 1.0, 2.1, 2.1
