4.34047237556	7.9077085587	-3.66083480155	-6.0	0.426989844121	0.955524273822	9.0	3.44259886573	2.35812247602	-6.0	-4.96791299859	-2.39087959283	8.6683427372	-2.02190485247	3.4730950704	-0.647986080541	
1.82645866027	4.87442139989	9.0	4.4895295264	2.12737974161	7.59205509276	8.99892810226	1.07748816329	8.2981894638	-5.50306864718	4.36532822009	9.0	4.81596318143	9.0	-5.87601196026	-2.96829041754	
6.87568514037	8.00433183148	-1.19348390122	-4.07862694898	2.46956661248	3.67151920099	9.0	5.87808831932	1.15126895505	-0.646465286723	0.617343354298	-0.0289014149579	2.01720449779	4.21954658941	7.25991496534	6.33642367917	
5.43966006743	9.0	4.69321706634	5.30446092633	7.01875517301	5.21891712208	9.0	2.77393891098	-2.73040839555	9.0	9.0	3.90483052028	5.45456424606	-3.23187251803	7.91613430795	9.0	
4.02723785144	5.52730715858	0.984032898966	-2.26255130327	0.836765497778	2.95827336352	6.85227864563	2.58762702756	0.970410628029	-0.00951251542593	3.29807020434	0.701127631922	-0.373618148505	2.86920463902	7.76223206986	1.28746092863	
2.53825316267	6.00339167473	8.42165585864	-4.28709642176	7.45620284295	1.08571265128	-2.9204429177	8.99959108273	6.86549615081	5.86688103822	8.59796936916	-6.0	-5.08295549307	6.41389798976	9.0	-0.64120894352	
5.55900181416	8.90616496852	-0.460564039662	-2.87596197191	6.21313395177	1.13719328031	8.72322874367	9.0	2.20177132467	2.92376618522	-5.81549035372	-6.0	-6.0	-6.0	8.78133096789	7.4712365014	
8.15274933433	8.67380628563	6.85132227368	-4.01621947478	-4.07273459957	4.38429229702	3.25299445286	1.26183373053	3.96852499179	4.69966271493	-5.54534192243	-1.26285779651	3.69620303209	1.77457764571	2.87174051016	-6.0	
6.75853712149	9.0	0.125160680878	-2.82093124483	0.451802702709	2.24563904649	5.65614023078	0.874194807722	4.84871362004	7.04364665711	-3.68135070746	0.541652481957	-2.93288511353	2.13632606198	-4.08809330137	0.760432787619	
8.11848621775	8.41387808103	3.12176658501	-2.93579634833	2.10962301055	5.36339618619	2.09284231732	0.79766230099	2.16008629609	4.38755238905	3.44199740878	7.66989222374	-2.68676865874	4.12538463578	-2.86837563543	-5.37361159492	
-5.97254362966	4.49917229441	5.61840176197	-4.81713176887	5.10743995739	3.50035819004	4.87349821456	2.64876610515	2.66329689615	-3.96270574297	5.34085821907	-4.85786008049	0.273385806774	4.5374520854	-6.0	2.65290784058	
-5.2113905594	4.42924436386	3.63298428444	-6.0	9.0	1.82025540059	5.65560885218	9.0	1.07339264782	-0.743904094402	8.49479007453	-3.77373373932	9.0	6.40785860863	7.06276147435	-3.90224237728	
2.54411742129	4.91539332377	2.32664591522	-5.50418754982	1.09316239097	3.30599317374	1.30033368442	0.90365846121	2.33218943777	6.26529488332	-1.60803747931	3.03286082221	-1.85014319518	2.08522649402	-5.2332073135	6.3031181947	
4.69488015783	8.14675350554	8.91413784345	1.41367245903	3.24537792663	1.06990494747	1.73595531918	4.16356747541	8.72305394232	-2.43265908649	6.48857568657	2.25486618768	3.85805232029	8.09306896011	-5.89479832058	1.37228078837	
3.19849642749	5.00943182981	4.58485203027	1.03050473999	5.67560689604	3.89741505075	9.0	8.62036598437	0.691786278982	4.65500234643	-4.79598650067	-1.24212829412	1.02837262046	-3.96953400793	9.0	3.94696643547	
7.64931102478	4.54659613266	4.375447596	0.831135062	9.0	9.0	5.75788399261	8.58289624701	-2.86423430184	-1.07638419181	-6.0	-2.94948682589	-1.57281518815	9.0	-2.71817807718	2.73653816759	
5.47705357081	8.96401881222	8.52116542731	-5.99954664886	-5.22866861641	1.02095511225	7.98872938699	8.97690989028	5.44050287456	1.91319443428	9.0	-5.97049821215	-2.66274262942	2.781079246	-1.50805565206	8.95562483569	
8.99860736315	8.63108428707	5.15789957011	-1.91587593353	-6.0	4.84318754675	8.22072911514	1.02220164744	7.49975352194	2.24162852255	1.67079222734	-6.0	-4.70109764973	3.35626171124	-5.99904960091	9.0	
5.53419276232	8.96928163068	4.17584097992	5.05148679479	6.46945767248	4.97933144849	9.0	2.34876552763	-5.63167268035	3.77373299011	-5.74672119822	5.40930482849	5.96901713411	2.20207937945	-2.63026433205	8.96998689041	
-3.35791225043	4.51943889493	8.99965520839	1.28704178688	3.57322245936	2.05337710014	5.04450993702	2.60371744755	6.09358672412	8.66663306658	8.30086697917	4.22541648232	-1.77462028342	2.49859453825	-4.58123812666	-1.84672119948	
3.57887502184	6.54738583977	4.67602301876	5.19997513916	1.86770102638	2.27647251217	8.96440665305	1.19827960081	3.94702232805	7.33837662842	-5.99736253955	0.320187098311	8.81624096419	-4.03676287361	-2.95227066933	6.66639979874	
2.10174758082	5.71846965354	2.797880905	-1.44952696022	4.10910801313	2.40726146908	4.48275971498	2.8339340511	2.63479890145	5.31753226604	2.88181215307	7.33285627807	8.48185635615	2.92824779098	4.7580877104	4.73314945782	
1.53083134461	5.27399120002	3.8160712223	-3.63792874833	0.453038867232	1.13674858256	9.0	8.28297788233	1.74833598267	-2.43363904914	-3.88529660146	6.24689365267	8.45145061316	8.99864214402	0.680180348701	4.47658263377	
0.956536790426	4.48846283907	1.3640426287	-6.0	-0.0114611402075	1.90308919927	2.97505911417	1.13240746274	3.4824366788	5.54471220288	1.49569531916	-3.72000129782	1.66716438633	5.65208370571	6.791138129	3.27950986172	
8.01880201805	9.0	4.10013444023	4.72951947175	5.48396854174	8.13895394713	9.0	1.00438098358	-3.13166433842	8.76697978544	9.0	-1.64674404614	8.87353169901	-2.12127517178	6.37527982771	-5.64156744619	
-2.25504494763	4.57453272389	9.0	-0.0576640566443	9.0	7.89120570838	2.42208730337	2.13583221419	5.69656609045	4.98628675204	1.35039705939	5.40923842022	6.2002562236	3.0573281463	0.506915116259	1.11288053118	
5.3188247641	9.0	7.07263010893	2.70696301798	-1.4335940061	1.09420605797	6.67536328078	1.06023916923	-3.09032578079	3.7442801719	-6.0	1.44125333453	4.5876822581	4.63127309361	3.93159594431	2.81640131208	
1.03234536497	4.35721591947	-0.57919625263	-4.06472903782	7.80611080259	4.25080945324	6.96933962788	6.80540839555	0.981625128708	-5.35927990608	3.76787596647	3.19023373776	-4.30128304221	-1.75222280204	1.36367229384	5.07918942963	
1.41853522461	4.83852952654	3.78506943338	0.589266098574	0.938563083992	1.3844233935	8.37247726042	3.94685254365	1.26630494714	1.73158248318	-2.94262241349	-4.90628518807	2.70733343276	3.21950826417	-5.8232980408	3.27913865375	
8.72285139634	4.80212794238	4.65930480724	0.938994055845	5.24966005465	9.0	8.93584211539	9.0	-5.3843910498	4.05175853015	8.75566844443	-5.64431061887	-2.79971260299	9.0	-5.86839847164	4.80862505086	
8.57303485374	8.46152582798	8.69127689563	-0.819852678022	-1.98757249955	4.61857522271	1.79876335221	1.01806021758	5.57467743575	-5.74403237483	-1.16219642633	-4.97121921158	-3.16833061979	4.68693519922	-1.81565225	9.0	
5.41993559722	9.0	9.0	6.08072559494	2.91796604807	1.23479287794	9.0	6.32985707715	-0.154484045067	-2.03819812877	0.0417051000058	4.25584343835	2.57044555246	1.08727183834	-3.36230326524	1.2119217733	
6.42503853346	8.36968516288	5.01811460897	-2.37770251533	4.13475069343	3.22927527276	6.45284441913	8.99912247819	1.27471036133	0.120800339334	-1.83536798044	2.85960114969	-5.64975597626	0.911182974606	1.52302792781	1.92524985717	
7.79362493632	5.58246136449	6.98839315483	2.28861095285	3.25791242919	9.0	3.65170674349	1.02678966915	5.16286824355	8.27280120747	3.34502494862	-6.0	-6.0	7.48063402616	-2.519547492	-6.0	
0.57043011232	4.68888895712	4.77163786985	-0.266949473508	8.873104965	8.72119236572	4.18053681484	1.42451519651	6.02332198196	4.63468894618	2.07115881139	6.18496480079	-1.93796410639	-5.03458375556	7.99833213509	0.276162577603	
4.25557296396	8.54302331343	5.79686565944	-2.99094351853	8.3595950632	5.24992869067	0.485221544917	4.26819545808	3.20137559562	7.82246398203	-1.09540164551	4.00743153908	6.5209530041	8.24866297323	-3.15423292988	1.00346849392	
-2.67736524817	8.84323111449	8.93512613729	-5.9914983592	2.76615190056	4.50830945834	4.97501878189	2.843578754	1.00616741663	9.0	-6.0	2.70893397348	2.27560708721	0.523873521178	6.63280934086	-2.69761284414	
-5.04214750608	4.95203114359	9.0	-6.0	-3.79577728494	1.34548449435	5.64359242632	1.69504678394	6.58774266276	2.09047402309	1.80353778242	2.28208338187	8.26101479192	9.0	5.08116112679	2.65228441743	
-0.512509268086	4.44522658041	2.18549245633	-6.0	9.0	8.78884889384	1.75293486277	1.42757306558	3.13892090245	4.0409465953	9.0	4.89957135487	-1.160286445	5.13855611332	0.850151894543	0.475696426227	
0.343965679965	4.56942739087	1.09772465521	-0.114889336783	3.85944359887	1.06478784059	9.0	4.95779028066	3.73297814519	2.72376117757	2.45331710929	-2.25155028827	3.96469936204	0.633000267868	0.0559408361772	6.89637729249	
4.267429985	4.51641690213	5.01418435787	2.1147999587	2.6230428871	8.03087373511	7.70242967811	1.00189250256	3.72608991061	4.26803911419	-6.0	-2.34112010511	5.18630692733	1.97115768749	-3.40572322817	-6.0	
0.776253945778	4.47484214071	0.806937871319	-6.0	-3.98011877425	3.23278358688	8.92453081925	1.02406385168	4.68807370471	3.41481828733	9.0	1.41325487961	-2.30988466301	0.766825375551	0.78355915379	4.65772192782	
9.0	8.99336416341	9.0	5.91814164606	0.377126128151	4.41584933208	5.52841278159	0.845967715255	0.355276248241	6.00018695735	4.79914728357	9.0	2.13279824537	-1.10211844873	7.81219003331	8.48883626679	
5.10044827035	6.98543631695	3.95112854415	-6.0	-4.98882099704	2.41799675663	4.02427669004	0.914012339246	8.7442396922	1.58040889775	1.74664566402	5.92377783741	1.85626184608	0.81161045268	-5.22536366949	6.90534607038	
2.57140614578	4.62391589332	3.48125677555	-0.241197141537	-0.160611436463	2.6972324509	6.03805360655	0.998286399285	9.0	0.502716596952	8.79430247425	7.5095849995	2.26665242232	6.78837408553	5.95689388083	-0.907096521918	
2.32902927633	4.79640637772	8.95282425788	5.20900288014	-0.445942297575	5.03880391044	8.9986211851	1.09958401682	-6.0	2.84458635526	8.93230882462	2.6598030879	4.36156688073	8.88210840572	6.85675907609	4.98747645163	
2.92574545782	4.36802629971	-0.409347372091	-6.0	-2.17145393027	6.15967894817	9.0	1.02136571058	8.89578179775	8.5158070599	1.10810057859	-5.95155799697	8.65759619021	2.1848658952	4.05201356041	0.199044623876	
-6.0	4.84296512095	9.0	-6.0	-2.55920031292	5.45146893019	9.0	1.22649949351	8.9994803178	1.40620796663	-0.42505175203	3.93936486032	9.0	8.06932383249	0.399932019127	-6.0	
-6.0	4.63621645005	7.47761505141	-2.73409617685	0.983704590576	1.09989695611	9.0	4.69358895543	5.45787043873	-6.0	1.62323296151	5.5381577994	9.0	-6.0	9.0	-6.0	
-6.0	4.49765363186	2.70197768868	-5.99966383224	1.26974051205	3.63210513599	9.0	1.02450249236	5.46711635443	3.34848407171	-5.65465223329	-2.28142753095	-6.0	0.465038777842	7.54163708429	9.0	
3.06279022106	4.44140204884	-0.521954358097	-5.94209698538	9.0	8.79839905841	8.65022282285	9.0	0.913429816913	-6.0	8.76486875933	-3.56715785818	1.84795716634	9.0	4.51123406759	-5.41881887699	
1.84960638843	4.55106872567	-1.7338751681	-1.59605691305	3.31294784354	4.86391219136	9.0	0.879789927224	5.28202584663	1.06076185757	4.00320505987	8.00292688951	9.0	9.0	-0.511289548569	-1.7725863883	
3.18710481007	4.42332615305	-0.664278061856	-4.78152650582	1.88302050924	6.98847119833	7.00599667462	0.982816732219	4.8157135041	-2.65631457596	0.481951543304	4.73940367942	-0.911327594455	0.260614761771	-0.284195431917	-3.82341199991	
1.19848552592	4.58574277771	0.397755123864	-5.64174970378	2.52952469253	3.17701769087	2.90657742733	1.11513894755	6.32241447603	4.1567595565	1.04086668235	-0.394180455081	-6.0	1.05079928447	-3.90906790419	-0.885605596111	
2.38811243539	4.52296948254	7.93982273184	-0.442197330398	-5.98329691965	4.43858277328	8.99112154104	1.02098172517	4.72667458664	4.06312808452	1.79362733114	-4.76618005073	6.25970212294	2.06533743671	-0.268042545458	4.75545964726	
-3.59359620892	4.50788833362	0.500917027781	-5.77936717142	6.40524940088	1.04049389862	9.0	8.74606499429	2.37296736709	5.48359409226	9.0	-0.701805609942	9.0	-0.120942771933	1.19556118077	6.13338648071	
1.27961684242	4.87488446031	5.64144641289	2.88573057937	-0.311933476508	1.19139252598	7.52976497829	1.33711634636	-3.38605916738	-1.04950018446	9.0	8.73357314963	5.0452668785	9.0	1.2647448644	0.162735324613	
0.717179433315	4.89469767589	8.51259636371	7.74120343834	7.16794789532	7.81716618614	9.0	1.24958346211	-6.0	-6.0	0.680289542475	5.03680630718	8.23845299784	1.22876780166	4.94275958271	1.68501035558	
5.32222361896	8.8424539923	4.90750352356	-2.81739117942	-0.683966622889	0.929835851451	4.95827616496	3.69239097624	9.0	3.55729919463	-1.93091809065	-1.62960491171	4.75313434864	8.98040742793	-0.980042024607	2.84113309086	
5.33560804855	9.0	9.0	-6.0	2.0495131339	0.923482534687	0.51454954407	9.0	9.0	4.92221714637	4.50874073738	9.0	-6.0	-6.0	1.56077591829	-3.37992211248	
-4.99258619611	4.79010951659	4.19876867831	-5.96525858643	4.55103205595	1.22206388925	9.0	8.81265137185	5.13978719705	-4.01545672651	1.0812348596	5.36545253641	-1.09723705773	-2.84496428001	2.12378966603	-2.78393474589	
4.92927714527	5.99345147126	4.30492885617	3.01528157735	6.13953081658	8.87450754051	7.09958902096	0.888337772872	2.08979375153	6.98424892982	-5.92752631802	-5.40311573231	1.90428323367	5.59512325221	-3.43256179372	1.44957550301	
1.47339309675	4.69069444917	4.07880678733	1.95865406634	4.01707154781	4.59649529945	6.5433347368	1.19431650345	2.0944827462	-0.883770187929	1.53488270358	0.667130087914	3.09706754189	2.78328607458	1.0959038609	8.99664065743	
4.33978985273	5.2290487082	6.99831349461	7.4431068393	1.69033588141	4.56673434111	8.99208573846	1.12875602872	8.9984865844	1.44687789147	-0.183835209801	4.23913972896	-0.309433885177	-5.6950369752	-0.700579230617	8.2023231798	
2.61570130384	6.42708668264	8.94694957703	8.9863867934	8.17397556767	1.67942479363	8.93956884684	7.71239428107	-3.09430040306	-5.06253239357	0.0810583379255	4.62885659159	8.99996841515	2.06489051197	-6.0	2.26375085161	
9.0	9.0	-0.132495446686	-5.98625490298	2.38193271855	5.89144095462	2.47288562956	1.02109199828	5.43680309666	8.57338212465	1.24858263748	-6.0	4.03663025844	9.0	9.0	-5.96488012486	
-1.88933654693	4.55998541356	0.488545326833	-5.99997621158	0.0374186988299	2.26186886932	7.16128258496	1.1419385068	8.96213992737	2.07728139427	1.67285710844	5.3707505138	-0.11545420665	5.36976518941	4.77932028835	-2.40964590165	
4.03825361102	4.92503737089	6.15880196664	-4.59416058252	-1.01669086528	9.0	5.00449590416	1.17199298248	3.09296474936	-5.01660990808	1.98693579996	6.69278559102	8.31577627796	-0.597745878271	4.20987302181	-3.44294384026	
0.406110631285	4.68820087638	-3.8069497639	-4.25533530919	8.86415470324	1.29319280754	9.0	9.0	4.41626131715	7.007689604	-0.113738733933	-6.0	-5.75804317388	-2.10958734812	6.4550626002	9.0	
1.0144219535	4.40298802555	0.285762142183	-6.0	7.02388548125	4.18935231797	2.29666943458	4.30365656573	0.939982400376	-3.18801460685	-4.96222447546	6.39335965147	4.19644526572	6.07465238519	7.02233741794	7.47543972357	
5.42211779319	8.81568395956	3.50422681507	4.3776744667	7.07606201665	4.13778922872	9.0	3.90156207257	7.42388900876	-5.15798653906	-4.77194824608	2.19584264299	-1.76878617854	-6.0	-6.0	4.01858029714	
2.99626580012	6.61587286315	6.76265091849	-1.09042575241	3.98563233757	3.1309728436	0.791902056664	1.99341021755	6.96087184786	4.81856455378	-5.99239591129	8.45415413353	8.71455881449	2.45145183823	2.70889832419	5.9671390034	
8.99835476144	6.38034849183	-0.845351107983	-2.2483660474	2.69576544227	8.99965987251	7.01696788744	0.995698945068	3.00060322702	-5.94588453919	3.0107539871	-5.73952651171	8.98440021167	8.75376816765	8.81756344287	4.37820359504	
2.32447836241	4.69413049435	3.42176816372	-2.59244649531	-1.1689366726	2.75044178299	6.12451840882	2.02197278542	1.13841095816	-5.89076586565	3.33495472008	6.7871868572	0.748333271143	2.10615498405	5.00753553008	-3.7529574548	
9.0	8.7649083224	7.99697024494	8.87087759285	5.29745911493	8.92695979269	9.0	1.01376798586	3.78563577409	-6.0	5.06895864136	9.0	-4.1412218919	7.85793060642	9.0	-3.35912594639	
1.60816752526	4.69143873507	8.58285971201	-5.27409253335	-2.22190396242	9.0	5.43439820826	1.17381011799	8.50789848246	2.12496641664	3.07307249801	7.16575281738	9.0	-0.798477246883	4.80779583548	3.66150163896	
0.819891929547	4.50805056515	7.49029096315	-4.74294363049	-6.0	1.55003983361	3.89114165457	1.00680454986	9.0	0.314517167325	6.39114147227	-5.99032288993	2.06680981013	6.83130652864	1.18325997366	-4.19442321844	
-3.14685106093	4.68775639911	4.43429506673	-5.91429160997	-0.169076285424	2.40200048119	8.87820929762	4.79357623127	1.0725679789	2.41142709397	5.20372976077	1.37106818287	2.15941005065	6.54746851331	5.35915984343	1.82600855705	
7.68752163208	6.14635155095	3.95131743742	4.73549056199	3.85965488395	9.0	9.0	0.882172270318	3.42672742593	5.21638608795	5.62707218454	8.87086185126	0.0625390261946	4.14003555048	1.22707380375	2.93186814656	
4.24594251629	7.69102479611	-6.0	-5.68030321986	8.47482505263	1.38928933158	9.0	8.50597310663	9.0	-6.0	8.62786423736	8.44727972024	-5.99567635662	8.60519429056	5.70407366345	-3.57936914895	
0.512844848297	4.47418548024	0.937132173512	-2.97340660739	7.72242018796	7.73850469108	9.0	5.10200033507	0.993189124791	1.81039991601	8.65586304863	-2.13310104799	-5.94929149714	-3.36248918175	-6.0	2.77715015692	
8.88801373028	9.0	8.81862336625	9.0	2.49438416063	6.19677146285	9.0	1.1187652512	1.6254679829	-5.74324257202	-4.16807275549	-5.9875087541	1.33740061881	9.0	5.7513046563	9.0	
-1.36758658448	5.02207202929	9.0	4.45256881081	9.0	1.92203474939	6.64191869942	8.07335988317	0.597079581115	-6.0	2.07092608288	9.0	3.89841889178	-1.02681494719	9.0	9.0	
5.68105322728	6.04978965083	7.69413396157	-0.686001982642	3.24620302808	6.47813908768	-0.257570362358	0.804063646274	7.03154585899	3.33056972317	-1.96427582172	-3.61194907834	0.549450208585	7.79620133642	3.90981621787	7.16716082699	
8.96977193029	8.80063676128	8.99968590783	7.72042023677	0.218406158304	4.60122215607	7.63792206034	0.88370300832	-6.0	6.40064809819	-2.07526063286	1.87764721075	1.56087114066	4.33350211147	-5.58074675393	-6.0	
5.54820279579	9.0	1.07783959417	-6.0	6.29488189584	1.02219495491	3.89716291226	9.0	9.0	7.80021884583	-4.04979190305	-5.99407127011	2.35620384523	6.58807100343	-3.42404513724	9.0	
5.47024263429	8.98479246453	4.2661303104	5.06541284259	9.0	2.05460128541	9.0	7.96186758619	-3.96011602651	-6.0	9.0	1.47219440758	9.0	9.0	7.64816426977	0.789249230191	
1.42234576405	4.49379912514	9.0	9.0	6.23197557005	7.32150356999	9.0	0.971486151337	-6.0	8.19225446643	8.90672144799	1.40239360372	9.0	6.34166611229	9.0	4.01354038979	
-1.36346051971	4.59854209982	7.45029738534	-0.642322139168	5.80301901193	9.0	5.70194252345	0.981564858672	9.0	2.01578710533	9.0	9.0	2.31097211493	9.0	2.88870048919	8.3224470668	
-6.0	4.81490954995	4.18302882217	-6.0	9.0	9.0	5.80294434512	1.37836124452	2.78069371629	-6.0	-2.65517734489	2.07261559233	8.59291173351	5.68735140052	-6.0	-6.0	
4.86476693156	8.22141170163	6.63998728616	2.11351189895	-2.67684950133	1.19827155356	8.04253573016	1.56453688368	3.44063688688	2.77005542229	5.65481773099	9.0	-5.86865243514	1.44367017181	2.23193581054	2.88829369081	
5.32215877601	8.77496788927	8.99103478435	8.84877465438	8.99999925361	5.62699016556	7.96784237416	4.32826534335	7.73924914008	-2.82845360466	2.40823485113	6.71520395237	6.64963968005	-1.37226441202	-5.99351399003	5.94994099629	
9.0	4.66898095429	0.418480384214	-6.0	-6.0	9.0	9.0	0.878052053873	9.0	-6.0	3.84097121227	8.18244480392	-6.0	9.0	8.99996051068	9.0	
1.34509090253	5.86013242384	6.53894071806	3.50357787317	4.61290762374	0.999981518833	8.44222073615	6.71017255682	3.78678925527	8.70945416298	-6.0	-3.22831230068	-1.79127544295	0.219804757237	6.11096927422	7.10689676899	
4.82206647492	9.0	9.0	3.13294542149	8.99522341195	1.67890228821	3.19020018985	8.41896522992	4.17445124036	-5.04829582129	3.86763524587	8.84581491563	7.97913478687	5.76412901157	4.28928141129	2.52829551352	
-1.41512063155	4.35883878477	1.8892951743	-3.59949996074	-0.400454752112	1.39098875993	6.95514699279	1.08053888974	4.81720208655	-2.34385208864	0.855423187801	-0.137246999424	5.19008308708	8.27628126024	2.80880723594	5.31844506926	
0.599333877905	4.43680226744	9.0	5.18720988813	4.3427064493	8.69635468976	8.99318878111	0.7579525646	-3.10515607569	0.330098166003	9.0	8.6692135788	2.91030002548	8.95972079868	9.0	8.43503819181	
8.77258494993	5.27591272594	1.77872794404	0.832932303724	5.79438947753	8.88502706995	7.40211049949	4.89408481866	-4.66081065731	-0.702915248477	-4.60573075746	8.2395031416	8.45267592062	0.665248093643	1.26079133382	7.5391375218	
-3.08906393891	4.36830744462	6.83216262311	-4.99915434552	2.58182788827	1.4701334486	0.469975226738	2.17275140528	6.22926403298	-1.34954387679	-2.07276807899	2.06795169836	3.6472478996	0.724814286697	-1.58752416936	-3.32102652402	
8.56733437018	4.62668419478	4.73853371386	2.31857616169	0.908421959402	8.99164935605	6.54411947313	1.00171342582	0.716301383872	-0.186187059598	5.76555553508	6.40556675638	-5.02795607239	-2.74861433949	2.79254571054	6.51760835478	
