6.17889514553	8.98794340489	4.38049689616	5.22862463404	6.23138972514	6.84658998489	9.0	0.986341982336	-6.0	1.87549141845	9.0	-4.22910187709	-5.72515531816	-3.0534920012	-0.593336204371	7.53723736214	
9.0	8.90988298593	3.91775159874	1.02241309438	9.0	9.0	9.0	8.18959305465	-4.55748396685	8.39507180546	-6.0	-6.0	8.09478041898	0.405964085429	9.0	8.29038541364	
-1.11154979486	4.51937991025	3.88470386975	-5.97310156887	0.860051201421	2.15620051104	1.92037668784	1.08556664276	2.26364362055	-2.19707894115	-0.751216343631	-4.74512777228	6.23572329291	8.61981615688	2.42212087966	2.31493549435	
3.47321461132	5.0264050976	6.34319285491	5.69997497759	0.11917293709	3.34089891745	9.0	1.07436757701	4.87299827177	9.0	1.21934628728	0.0891167432675	2.51847824788	9.0	-5.99987727355	8.88321833962	
1.12303978133	4.85497119707	8.96487119479	-4.2290920245	-6.0	0.954575469769	4.69647156059	3.34624906737	6.21565767532	7.17339127726	1.35953678652	8.94097652145	5.63287614269	-4.41289434672	7.80316758295	6.60658945575	
1.65642531254	4.63944307346	6.03799695731	4.84234118217	3.61185733435	5.1061655131	7.97133695671	0.94423073033	-4.45206659062	-5.21933870331	-5.04104830724	-0.893672635394	1.75040959888	-0.233967650757	6.68850908756	0.51176629964	
7.40964069179	7.13239934079	1.93093706547	-1.48573220848	2.43679836812	5.95895088012	4.771751692	1.22388342104	1.11636697982	2.97046550191	-2.96065031045	0.514892642071	0.246056280811	-0.387082192963	-6.0	-5.76749629268	
5.71319329164	7.3158137716	5.16535754877	-1.77957056471	-3.639987691	3.16585205931	6.52884694372	1.19265126631	4.21271070834	2.51355831601	3.37225922594	7.73334513373	8.61089363523	1.17297351496	7.99863409046	-1.49612388963	
6.98162219047	4.47977738299	3.76924366541	0.902843351575	6.49993823449	7.93255386445	7.29394019056	7.45972976814	-5.58157312988	-3.75366253464	1.89854767829	-1.4522990939	4.74064688197	3.03615815079	-5.40304988536	3.36457789512	
1.76604454499	4.7239908106	4.81213638301	-5.08010194555	-1.17275033542	4.05366676825	3.27934913858	1.19831282394	1.90179266375	0.525368934864	-4.70738200848	-3.6885387191	3.72753912397	5.18233168459	1.43823367222	-1.34289955886	
2.23486699224	5.49842763589	2.74095656737	-0.767993227666	1.95329344483	1.20043445207	5.50035852557	2.70015676056	1.27116959196	-0.997293572755	3.27591718564	-4.99000111143	5.9567608029	8.93913566895	2.84510673525	-0.876024518975	
4.42279501455	4.99094148335	5.59034093292	-3.43478642233	2.89264788242	7.97936367771	1.67508780843	1.23875242346	1.35947577514	-0.367674545068	-5.30092448041	-4.33536153187	-1.52524328905	6.26773492157	-2.75336361908	-1.68295661103	
-6.0	4.4735836787	9.0	-6.0	6.33002552705	5.57223402264	0.360934459576	1.84918751653	9.0	9.0	-1.83158036605	-6.0	0.00876874654773	4.31202157058	-2.71449214755	9.0	
2.91611265863	5.49469681544	9.0	-6.0	4.36314940015	9.0	-2.8391934254	1.14385092216	4.35159797273	-6.0	3.53375618553	8.70087004615	-1.91000090652	-4.21999513769	-0.0383472805217	2.49701686229	
7.8009378686	4.73525638459	8.95042471065	0.159798533978	-5.70459413254	8.05457147221	6.56547538224	1.06023014032	6.4308470693	8.92479251784	4.66144579004	8.71020430501	-5.81244383559	6.24243470116	7.58372937556	3.94800447775	
2.59035382399	5.92627954881	8.08053301123	1.03290546532	1.0080365483	1.54357656539	1.87155806409	1.26904927409	4.04353789501	5.52244983888	0.0618175685916	6.82656662875	8.62294360654	7.71050387793	3.32741395262	5.3528006868	
6.13168124666	8.83639777018	7.18765325565	4.24924808205	2.23989594213	3.28944448542	5.55041817279	1.01840620021	-6.0	0.653040646094	1.24011378787	5.97174141867	6.76652834285	6.18323528944	-5.86808932821	1.30760173122	
-1.48501337364	4.51788118906	1.66851783757	-5.68800161537	-0.35172667075	1.59941033015	8.04330062683	3.64982755329	1.15638040735	4.34219248511	8.70838664816	4.68884170437	8.92121125001	-5.90798400706	2.07831392378	-2.98137506624	
-6.0	4.78338101046	3.8150446376	-5.53289854556	1.54118021551	1.039887782	9.0	4.17274883164	3.06672191785	3.51035201198	-5.99412650495	-1.48646041272	4.46167680224	-6.0	-5.33608213375	-2.54739861464	
-2.77232494034	4.69603787103	9.0	-6.0	2.39582778665	3.54338063331	-1.50691027605	1.15469885634	9.0	0.993009637049	2.75862491483	6.78969293205	7.82695591166	-6.0	-6.0	1.11781674565	
2.34980539918	6.02752926814	9.0	9.0	8.99824128515	1.31363910492	8.9080376259	9.0	-6.0	8.48461977711	-4.84008139498	8.23002819187	8.78261384444	0.102678657061	9.0	5.72067721097	
-0.40238806155	4.495913035	9.0	5.81117220836	3.78164808346	1.03660894092	7.41318311935	4.60619617251	5.6339782264	9.0	-4.6762035773	-0.425749291465	-3.85215322968	0.359782992977	-6.0	1.3926779032	
1.05106549705	4.45329645739	-0.170774418346	-6.0	2.10263075047	8.83192404642	9.0	0.950782790928	8.01182045606	8.83501490807	4.95577008286	8.8375337446	-1.86896870945	9.0	3.66171522591	2.32023138663	
9.0	8.6178787873	8.97019266887	-5.34307708928	-6.0	4.75024386893	0.872539227975	1.02167628276	9.0	8.54386973651	8.21424606706	-6.0	3.46011361908	-6.0	-5.86545689044	9.0	
0.670547876391	4.66348945363	4.96878392487	-4.64381667106	-1.77225013292	7.82791216376	9.0	1.16358875494	8.94967546631	-0.170844040611	4.59254698516	9.0	-6.0	2.86254726955	8.75109066172	2.42374598652	
8.03027448833	7.00297456737	5.04762884458	4.51660729285	0.468609433913	5.76957497383	8.65705187326	1.09000869642	-5.48395733481	7.69340363296	4.44091169003	-5.09242026435	-1.55935712437	-4.08348002482	-5.09193432613	9.0	
6.9513573709	9.0	0.309679545384	-2.59868725463	-1.9141570938	2.46116690377	8.34956993799	1.03763598875	4.07547071078	7.18132403296	2.70605288158	0.27733881335	-0.924185164594	-6.0	4.80583588492	-6.0	
5.90311248046	8.95373708303	7.79233669883	1.4728851449	-5.82440213347	1.31924710394	9.0	1.32986358039	7.14346448217	-0.541994120245	9.0	-5.53955472834	8.64519634106	-3.26923898376	2.17692245877	2.558112071	
3.94781001492	7.35432506472	7.86791618212	5.17904233672	1.60018636202	1.05637813638	8.6342324453	4.58585497639	6.31954945234	-4.14345321292	3.97289113818	6.91119501501	1.15820705565	7.928285489	7.78248599634	5.77789269213	
3.75682495001	7.32166661259	-0.145630547645	-6.0	1.89439039642	0.881386757789	7.48230989345	7.00656784253	7.71603812764	-6.0	2.80330055088	4.82657697158	0.17778752375	-0.423375028643	1.62700187555	9.0	
1.5809169382	4.79420155532	8.63472521031	5.87739047997	3.93886086118	4.36185858832	5.834419721	1.16213293875	1.59276660134	-6.0	4.49630623168	-5.5949913061	1.49506986629	6.30253047836	-3.61032732219	-5.73492716148	
3.48621908135	5.03353454007	3.8726818532	-4.2227594483	2.02772163095	4.28536217373	0.529730843934	1.05239490602	1.31695379256	2.32432506667	-2.12447017086	2.17908264504	0.808737753489	4.05823317008	7.86969898788	3.01628270637	
4.16852440557	4.46602497748	8.999812443	8.38655501701	4.49439243933	8.25099182475	8.02950998873	0.846963717205	8.58608196875	4.63541015437	-2.35215297385	1.7081824854	-4.31377498251	4.46917352818	0.593712775864	2.68232632573	
5.5271340979	8.72298225151	3.58233506089	-6.0	-0.588939242656	1.29485213602	0.557042930621	1.2815669574	3.40337347491	1.31574400653	-0.827113994183	2.99793838277	1.34458300684	-3.69574905633	-0.378946214157	-2.58443584428	
5.74728865433	4.75509472747	4.86947095521	-3.5870354468	-5.08022847012	8.421612804	9.0	1.15731903333	8.12367322471	-5.95636275959	-6.0	9.0	3.58280769298	9.0	2.83303298579	4.24848073013	
2.37007539411	8.89475598686	9.0	-2.43943709774	-1.6513636012	4.24065159175	8.66002659547	3.88709465397	1.02187612917	8.99832945727	9.0	8.99999533116	4.3219008721	-6.0	1.01803565335	7.07720499651	
4.82196825322	7.19288782575	2.28023430727	1.06652609362	7.84574276382	9.0	7.31205886207	1.06393158859	3.16605568671	-0.165855250653	-4.69144493299	-3.07699152963	6.46595966599	0.994955764464	4.76841654691	5.04991150519	
4.29639471429	7.75448790391	-3.92937739744	-5.19269480154	2.25259903982	1.0397023728	7.79703094943	3.0430389562	3.31147807778	-4.09511223589	8.99576443092	9.0	9.0	6.99689709805	-6.0	0.942295496832	
5.21116422375	8.57291355123	-4.32263459216	-6.0	1.46502591804	1.66584406383	7.30625574248	1.66465097762	7.56103585377	-4.10245729974	1.71490291089	5.95039531778	6.15860621051	4.09048562066	9.0	-0.210695073974	
-3.67209813958	4.88434436353	0.391611290926	-5.16124667528	2.83546744704	1.43496508897	8.56825653384	3.10127074231	9.0	-0.075459366012	2.31210886734	6.76859900851	8.99514649807	3.83996948967	0.797669601288	-0.677472963651	
-2.02377528195	4.47341553356	4.62086027502	-6.0	-0.50621544435	1.20083655816	2.87976674789	1.50051346778	4.57865857374	-3.69028359032	1.49837094199	-3.07746110829	4.59286728204	9.0	-5.53525890715	-6.0	
0.587206029519	4.54459781463	2.11951519281	-6.0	-1.36978874812	1.44025428586	9.0	6.39074327158	1.05997657241	-3.29064862565	-5.95700352602	-1.77705355946	-5.11751471623	-5.96789021551	9.0	9.0	
-2.43566264403	4.82536807804	9.0	0.742585793431	3.86966697476	9.0	9.0	1.12019555718	9.0	2.70728130286	-4.46061626083	-0.173583458067	-6.0	-6.0	8.89294975482	9.0	
2.83647189594	6.61473176679	7.11519028485	1.38747514923	7.47616748607	6.57803300923	3.02809066104	2.06320458372	2.6280986438	-0.601496907771	-1.11700282134	3.43840114083	4.8857807653	0.253854899672	3.5054815421	0.171465240468	
4.75343205806	8.26439363706	3.70275425079	4.62638140832	8.9723464583	2.29846864073	9.0	7.56085425215	5.0691156143	8.16769644177	9.0	-5.96334127706	9.0	0.752542212175	-5.98451285791	8.77185075722	
0.666536822569	4.76951203867	-5.05237032399	-5.74167030815	2.71511024535	1.02168546956	8.99484307039	3.40489764226	3.96278789257	6.77748507694	9.0	-6.0	-5.22103775651	-3.98639881405	8.99861339753	7.42670605126	
7.40032611514	5.59836309918	-5.54539051146	-5.96638496521	3.46327251476	8.97526196433	8.0810216266	1.03469714697	4.47647746712	8.14104561281	-5.99996311623	-4.9764985382	9.0	8.98540789101	3.57470399365	-5.75024222262	
-3.07053748876	8.39273464695	9.0	-4.9091365805	6.5281886208	9.0	5.29408415911	1.47194275857	1.21413188224	-1.99714960238	0.0269880271394	8.24596940958	9.0	2.03391281656	9.0	-6.0	
3.43458541632	4.62193745622	-4.55581977619	-6.0	4.71400329352	9.0	9.0	1.13493927586	5.42933066661	-1.45062833755	9.0	9.0	-0.457804127242	9.0	9.0	9.0	
7.76694280317	4.3402819547	7.49504953213	-2.30786208747	-2.24999019768	8.99984875452	2.50868141957	0.773861371755	3.99186540993	-3.33462544649	-1.26623683714	3.0505138244	8.9999959716	3.72066382862	1.52779050111	-4.05604938877	
5.24628527384	9.0	9.0	2.31950266893	8.99912154693	6.51555241801	2.13634769508	3.6383815666	8.99886783895	0.526853421052	0.981355534134	5.49390037928	-6.0	0.00605541882224	1.89413987476	2.22838187925	
0.756262099415	5.04677369724	9.0	-5.99639777773	5.18590400625	1.14321874097	-2.49913113771	8.50068697336	9.0	-5.24688595397	0.0401532243357	0.83208852585	8.93265585294	8.91026166522	9.0	8.16990170751	
3.70511374237	6.91240674148	9.0	0.179054331665	9.0	8.58153715785	-0.656024906308	1.58021047221	9.0	-6.0	8.99971668624	-5.62038247308	-1.33965409337	-5.99945710876	8.67831397137	9.0	
-5.8822229599	4.36768024576	0.436763544191	-5.38975477064	4.51983761462	3.35874414996	9.0	2.08118688919	8.1643288005	6.01857414324	-0.123638562472	3.9380553441	5.39175592917	-3.67405879357	-5.93352160817	-6.0	
2.52028420589	6.19731417459	9.0	3.2729865341	-3.87731606259	0.950808248494	9.0	2.3718388305	6.36558291014	3.04826863824	-6.0	-1.98263125834	9.0	5.56681845265	5.88818376306	1.37792160347	
-4.71766147254	4.51796213416	4.26311717618	-5.90261145205	0.728095624223	2.08606184707	6.46151497948	2.23691774085	1.09400683217	-6.0	7.88479569863	-6.0	-1.52001386475	2.73866963808	-6.0	-6.0	
5.39225824985	8.17091506334	-5.99374680209	-6.0	5.42345838918	6.14195394562	8.18402450863	1.01844696333	4.25503466818	-3.95004655132	9.0	0.532350359136	-4.91437002451	-1.28967057122	2.97322686996	2.48781705001	
1.28463070178	4.42356630189	0.804250424623	-6.0	-5.61481482628	2.3870668717	9.0	0.935115558	5.10169783879	-1.67384492661	1.61347882977	-6.0	9.0	9.0	9.0	8.91514763626	
5.54057082404	9.0	8.43164040236	9.0	9.0	8.37765942134	9.0	1.77624050455	3.8542037228	9.0	0.62857866964	4.27719493847	1.77082249657	5.65058415494	-0.652575786023	-5.69249415937	
9.0	5.44764607049	4.62549325588	3.8561834407	1.56806690153	8.99997058639	7.99918028636	1.13369195742	-4.97383358501	-5.47565475233	-0.241546395847	-1.42520436152	4.4200828339	-6.0	5.1852327593	1.8971754997	
6.57875568031	9.0	4.18191887066	0.873479087092	5.09317832569	2.05757747933	8.95089496547	8.9986683707	-6.0	1.47034203364	7.99190627178	-1.89100724183	5.79174523506	6.27196178702	8.99103510959	1.28817311857	
8.98311158325	5.08664077822	2.15515064437	-5.87128600868	0.887023471444	9.0	9.0	8.99816123161	1.20170030046	-6.0	3.40291240085	7.76063952871	9.0	9.0	9.0	-6.0	
5.52210702202	8.80628055355	8.04570409141	6.43864352309	9.0	8.35104839072	6.58104277153	1.74285632479	6.71519138627	9.0	5.01158100053	8.99913212271	-6.0	-5.83119711101	-6.0	-5.95247308552	
9.0	4.83385916512	2.18741088734	-1.07730337364	1.17634822218	9.0	7.10431794221	3.01276883887	1.10654561939	2.95858967983	6.57631769764	-2.29163898956	5.7670154722	2.64002304482	-0.920249565809	9.0	
-0.295259996435	4.44991423616	8.79252212268	7.94801280465	8.839234567	1.2076100725	9.0	8.9102412341	-1.45615264312	-5.19637098272	0.240328864019	0.565287155403	2.96012489777	4.45356531531	4.48603464978	3.62044824843	
3.47958882164	6.82816417904	1.1069710834	-4.50356777476	8.98870746738	8.99813352535	2.78439120989	1.35370031229	8.25549698337	2.76596042781	7.74909795938	6.50136227327	8.75549253811	8.05971813795	9.0	-6.0	
3.03187767855	6.73350080561	9.0	6.5784769088	2.0330256964	1.06422836161	8.98840885483	4.79046358221	7.85510549266	-0.817111123954	0.499969375859	4.90469947255	8.72309535796	1.74114876546	6.0334792617	-6.0	
9.0	9.0	3.2376006116	-0.900032414777	-3.84425160569	4.56962163914	9.0	1.01794951304	8.91862048874	0.637302456712	-4.8849381594	4.94568567546	1.05801069803	9.0	2.27931640347	9.0	
-3.40806368146	4.36779122581	-0.809995690315	-4.96680086487	3.69144226953	2.91434368959	8.5089544315	1.87113329174	8.99521720655	8.97698303627	6.79343332634	-4.40601379058	8.73503966448	-1.74808898476	-5.97820175866	-4.64508000891	
8.24744134288	5.015059965	4.57673941574	1.05387875791	0.651816849866	7.88747063042	6.11538402946	1.9007156891	-2.65331287282	-1.38310521227	3.73665001104	-6.0	-2.82490529392	0.404194472553	2.69187276532	4.44802868915	
-5.92522069489	4.42153351019	8.12901496393	-6.0	-0.362097033827	1.0673435679	2.72902548831	1.30508356398	8.61251811915	2.42220445327	1.20194730176	6.33679731947	2.2017653136	-2.72690967796	4.64676196905	6.09692280926	
3.53523103479	4.87022140935	4.20731364686	-0.179554616277	9.0	8.9955462469	8.33996539945	7.59824510532	1.14107384803	1.72004953076	4.17708025521	-6.0	-0.956601065204	8.86847542334	7.39683597977	8.31076691398	
-5.37178570067	4.6817738116	0.0542168367148	-6.0	9.0	2.20391373112	9.0	8.04955980551	9.0	7.88845718833	-0.572624505409	3.6401787478	6.20643223218	2.92230728865	-3.81157626142	2.30319581583	
2.44116591047	5.06794877535	3.60375190561	0.825091588945	3.87242266802	3.94459205378	5.53013547957	1.95379732929	-4.45586013388	4.65913588316	3.4032240141	0.79936194045	1.33184779189	0.144598170906	2.48628095726	6.24823990006	
9.0	9.0	8.72234005802	9.0	5.54807785376	8.99997515261	8.54838609393	1.02262720689	-1.80684740401	9.0	8.66823312518	-6.0	-6.0	1.98487906906	-6.0	-5.85560799542	
-4.18938679485	4.38244019935	4.01174002132	-6.0	-0.157089443797	0.920843084597	5.2400381238	1.87750639657	4.46728315782	2.68556760989	0.989211007676	1.61640027542	-6.0	5.13453002687	8.34708196691	2.9655984258	
-0.800974699176	4.75519147854	1.22507821705	-5.01743867368	-0.538603256125	4.25769539983	9.0	1.20102868158	8.99638971112	8.36304382459	-5.20907656229	-1.41905907443	-5.65402445376	-5.9831469224	-0.745654238215	6.34583480047	
9.0	8.99563372896	3.69365618402	-4.0211536931	5.29391590861	9.0	0.818246606275	1.03731423901	2.28825238768	-4.66044246421	0.931649984006	5.05364742823	-5.97235097414	8.98733806435	9.0	9.0	
3.98396012389	6.75558864926	3.86894534897	-6.0	-1.24785825876	1.5996999862	0.701439931396	1.15531024321	4.48794293748	5.17180367526	8.95006616519	-6.0	4.44060088935	-3.99822687968	1.73763009617	7.23449036347	
4.79760000062	7.46972811374	2.54935484368	1.64640228739	1.88310127689	2.78252979663	7.60765931608	1.11250369867	4.07643478826	4.04967413339	5.99051702872	0.62164944223	-5.64535765218	8.0749389774	8.82802367097	-4.97247366722	
0.919522817263	4.81429058914	4.50683854674	1.46086981641	2.88492044585	1.05700069862	7.60777671775	4.81224620035	0.243068504671	4.23316191899	6.49316146019	-3.79309854976	1.81727537133	-3.83203038649	8.90418247814	9.0	
-6.0	4.31876952124	7.85259401537	-5.83130328165	8.99886008067	1.25597358008	1.68636445044	9.0	8.70413955561	8.5200578788	4.02327678107	-5.34191579273	1.7676832307	5.03602153115	4.90540528884	2.68390355153	
3.4298758309	5.26525203687	2.59017195881	-4.63883707777	-0.286517750235	2.99891756146	2.6826494123	1.08151286812	5.46698295915	9.0	0.216649209019	5.20548444504	5.20068133117	0.736311291444	-4.44352004835	4.48115489061	
3.79962310039	6.5505333186	4.70804272796	-6.0	-2.47689592315	1.87134463219	1.28655281721	1.18845142905	2.19921453265	4.04248375877	7.00533673962	-4.45501293117	8.90335584	8.38860698035	9.0	-5.89050796633	
3.31873342177	6.85099072667	4.70735899733	5.32877777504	7.24785015389	5.5229518077	8.91334065438	2.62139823197	-5.5104487464	6.61849455513	-2.30953542102	1.18755769161	8.97149369921	2.26917463149	-5.48770051832	-0.381431254671	
9.0	5.73913687425	-1.58017592788	-5.4517838843	0.445051948533	7.77384829635	7.27601022807	3.25957894731	1.03384809306	-5.52788002787	8.54489380544	0.744835502357	-5.99768574095	2.44054479972	5.93139745851	0.810428445499	
-5.22163114998	4.3219982498	8.76556399627	-4.84907293536	-5.27627973928	1.28413383369	7.443592205	1.09881540633	8.90626858372	4.93741167817	4.74562483677	8.56449185218	-5.71309663399	-0.168602559405	-3.94411516961	-4.04522451464	
0.769684500917	4.65696547983	4.57636780482	0.864879321628	4.4909995302	2.42063649872	6.92914901148	4.91068793117	0.0899542285098	1.53820650368	8.91344180358	-0.950537708722	0.936344901333	-0.392786388721	-1.58815720983	-2.31271596435	
0.709626155671	4.48749977417	9.0	9.0	1.15636438122	1.53736958344	9.0	1.15169415843	3.09581629535	9.0	0.637051739368	0.409282209252	9.0	9.0	5.08069683449	-6.0	
9.0	9.0	9.0	-5.12873098593	5.54826254704	9.0	-5.85961939199	1.0214913684	8.67998734891	5.60052002374	-6.0	-6.0	-2.16602584458	1.68382644835	8.81190860711	-6.0	
1.59710185862	5.18891825311	8.8642233588	9.0	9.0	9.0	8.99941095172	1.38698041776	-6.0	-6.0	-0.756501605733	3.6125504967	5.01920523364	-5.42744241593	-5.99736136881	-6.0	
5.32278715391	8.66923688395	8.99999517043	-3.91820931698	8.89936950191	1.30281212476	-4.43288220722	8.93953323493	8.95027656242	6.00557249976	8.89319542989	0.84812113187	1.22495263155	-3.74324612566	-6.0	5.30729019314	
4.25308751595	7.70526268646	9.0	9.0	7.57886897323	1.11079335193	9.0	8.21998816287	-0.187442071286	-6.0	0.954809732775	1.90062868373	4.76763834571	9.0	-5.99990897922	5.70365537875	
3.29060571354	6.88736259187	3.90960845481	0.721043928203	3.49736417963	1.78154937096	5.43358550061	2.93279605855	9.0	-2.43019943713	-0.687922284017	0.354294392709	4.94234710728	9.0	5.10320349362	9.0	
0.737090995378	5.21635942775	3.82964712893	-5.96597824912	6.86045033861	8.72680236119	8.19627313483	7.79945710503	1.16475752019	5.38750162309	0.112180148786	4.87742274023	-1.65404854647	-6.0	-2.92901348744	-1.40256260531	
8.98745560541	8.1912214586	1.37872380376	-1.78734272434	-2.19058181924	5.12768602561	8.10428384898	0.958152588885	8.54329062089	1.14312812705	4.86429970042	8.99990536039	-4.21789112277	-5.79722407031	2.70877020103	-3.43303342069	
4.96094789644	4.82442706539	-0.353634767282	-5.32058716836	4.45224491903	8.98234579702	4.4274057505	1.17097931276	8.11470378066	0.962460893647	-5.23743604373	6.01828688723	9.0	9.0	9.0	4.50563511007	
3.95102280409	7.53987057191	-0.164467646123	-2.57722188422	6.38064360216	1.19484532829	8.84591153349	9.0	2.21741712903	-0.749131838336	-2.05085899404	-4.99996825458	-5.73718637538	-0.740931152459	-1.60734142387	1.41694776706	
8.86217489181	8.80078860468	9.0	1.02015548549	1.6809701142	9.0	9.0	5.94013185674	-5.89075485158	-5.61149565104	-6.0	-6.0	8.27059138537	8.96829215507	9.0	1.0850144152	
-2.57606666333	4.45148887295	7.32418611346	2.69121849963	6.99824799282	1.02014510554	9.0	8.88686174869	5.50788492442	-1.21874503418	5.15929115432	-6.0	-3.80062664021	4.97559262285	8.83286549282	9.0	
9.0	5.16650207764	8.26067718674	0.975213381591	-6.0	9.0	9.0	1.21393695474	6.54092617459	-6.0	4.57668131707	9.0	-0.37190038832	9.0	-5.98244283273	-6.0	
2.96118800509	6.3858585581	2.21060481819	0.905126190866	2.49071327152	1.05816424519	7.21517207742	2.71550578718	2.94768171923	0.713795825873	7.38696765931	-2.15925257612	4.91527553196	-1.4402648906	-0.210865354075	-5.65867727232	
8.98062663355	8.99576475463	4.17955674178	5.113586114	5.36702531463	8.87343116372	9.0	0.892255218326	-1.87824538632	6.23538176298	6.93612911092	-0.784823109435	7.96298027472	8.76708313019	7.87108171303	-5.99487039772	
2.91593114539	5.97549971338	4.03186382258	4.61548464289	7.50358077608	7.67575142317	9.0	1.24219261667	5.12363757878	8.36405600304	7.7322525162	4.71144638671	4.61689205521	2.51993884885	4.25187993685	1.48096525401	
4.761509409	8.17197621668	4.94529161306	2.17866320417	0.320541622931	1.10405750315	7.02559007796	1.73524922996	-5.91958881339	5.48481305788	-1.68828182865	-3.63059674283	1.45084204291	4.87469820674	-3.64816483362	4.47252201458	
2.15880796331	5.15127309988	9.0	5.36766333403	3.29350736862	4.03915012739	5.32497525091	1.16014360574	2.79407090856	-5.36275829898	2.89170457062	7.23493308766	1.51523547057	0.548119180887	8.74496522007	-1.25948931418	
-5.77658656953	4.47439321282	7.41812955231	-5.94137238213	3.51224666403	7.89324006781	6.09068950164	1.02229009248	8.88850364125	-1.60691157552	4.11505847369	2.22628983044	-6.0	-3.16365877688	-6.0	3.87428667544	
-0.526001248565	4.70145454771	-1.37041312301	-6.0	5.56294103817	9.0	9.0	1.1334326776	5.97824745282	4.25278505391	1.49603216312	-0.319095263001	2.04423970215	8.9644029216	9.0	9.0	
-0.614227779009	4.35877237071	7.2343835481	1.53569674226	5.51068393169	4.42208898424	4.00595003026	2.02006765881	9.0	2.63961552408	1.27574529361	5.32988220145	1.02198816862	-5.88732761352	3.06855537483	-5.44290667682	
8.98697132143	4.85138412909	9.0	3.41550004218	-4.8997664402	9.0	9.0	1.02361469352	5.18146069278	-5.2217512078	-5.97508480113	-6.0	8.25804813146	-0.737324872755	7.58303829753	8.99974695753	
5.54754708116	9.0	9.0	9.0	6.77187986376	2.3641316885	8.291067441	5.44993295339	8.97207319003	1.1194548665	4.73409451941	-3.64644395931	-5.99378498541	2.5354661602	-1.69810613613	-6.0	
-4.53125868162	4.41161590981	6.29906226691	-2.3282989676	6.32653056551	8.30115071891	6.97011988826	0.915557342692	7.86320024486	-3.55962183562	9.0	0.923401102452	3.08153895795	7.30920963061	3.85065703342	-2.2652007025	
-0.540006492149	4.47240046927	9.0	-2.14113667813	0.110929095666	4.95836435348	3.53564323087	1.02077466724	8.68793241292	-5.84261569986	-5.99188384614	-6.0	-1.79189120996	6.32740462158	-6.0	8.99450715412	
2.23657489429	5.68209657036	4.80648689097	-6.0	-5.73266470491	1.05571754378	5.36741717502	2.14416155591	9.0	-4.85439684336	-5.9848394855	-6.0	-0.220179542127	4.04537223054	-4.55337341712	8.14204149402	
5.42978857477	9.0	8.64588891767	9.0	9.0	1.29513655332	9.0	8.99888397862	9.0	9.0	1.49124492228	8.97149695123	9.0	2.40044051938	-6.0	8.24596995056	
-0.759945889253	4.52498183392	8.01675453131	4.72932980699	6.32726757643	8.50489723966	8.99281161613	1.02307798594	-3.67145363787	-5.99950232243	7.1201406065	-5.07057595815	4.73923250676	7.43691485737	-6.0	-5.99522151075	
3.86778498806	7.31358831637	7.10120235158	3.85159377145	1.17499016844	1.09734811412	9.0	5.20084707216	8.99931813074	9.0	5.00628288573	9.0	-6.0	4.34823805677	0.438045024737	1.9920746255	
4.89120971357	9.0	-1.66210677969	-6.0	-1.83664849038	1.18943285166	9.0	2.3876085463	3.81996797206	8.27904646146	-6.0	8.08256518918	8.71413401687	0.987997773115	4.05304167858	7.53606987998	
1.90119217093	4.51783720656	9.0	0.910462365386	-1.66914418286	2.5761593655	3.64728511714	0.958375350362	8.30005318924	9.0	-5.62585103871	-1.65066119244	1.09483597979	0.80778112788	-5.81137874086	-4.73419490828	
5.53323837432	8.99097459607	9.0	-4.04228859972	0.0659810977997	0.990176494915	-2.13686334953	2.7028140929	8.98903145612	-6.0	9.0	-5.99227897922	1.84832736415	8.95234740553	4.87863685059	0.818482153287	
8.81234723763	9.0	9.0	9.0	5.63081659131	8.97242855427	8.46224209327	1.14361935422	-6.0	-6.0	-5.95407970388	0.592228094431	8.52564416808	8.99637050879	4.5070884695	1.37203753372	
1.84270348997	5.36810127111	8.03275897211	-5.9482312945	4.91142269562	1.09897446733	-1.56392637745	9.0	6.54474263749	-3.42778685926	9.0	3.83814700131	-3.49210054152	5.78039253638	8.93139594514	-0.213416363934	
4.36467567596	4.73480090796	5.31732401761	-0.619758752816	2.51011972859	5.9917760625	2.85053720365	1.15718955066	2.13893623811	-5.97187504767	8.7704947126	-0.709030857424	-1.71473508611	8.76097638109	4.66144385085	-6.0	
-6.0	4.47120786191	1.98963688235	-6.0	5.83883066575	3.59354720048	7.30653190827	3.27364812357	3.07057747383	-4.85436569397	7.56432559879	3.71189356145	7.85460872928	4.85696900693	-2.6198994507	9.0	
0.195254273939	4.5289215541	7.74906383233	4.59067326132	6.03221757949	8.89865153003	8.85936412376	1.02410053843	-5.28564028598	7.26809325189	4.50422057722	-2.60584219321	5.3303736075	-4.47949404707	-5.08396355028	-3.08789311255	
3.11666238072	4.87288780863	-1.48695006462	-6.0	2.34677342066	9.0	8.99880417731	1.1749087411	5.32706850381	3.83361301664	3.75518670249	8.08151530072	-4.79342481427	3.01446707513	0.523591839705	-4.18682482021	
0.0205199703244	4.46750559768	-0.991408780555	-4.18950358045	1.49785223709	1.70372699802	6.3362274434	1.23260721557	5.34008724517	-1.52978704668	1.78464264165	8.06826402729	6.51911226974	9.0	3.78222562617	5.01803412412	
0.91082734769	4.77876422372	8.68213734263	9.0	9.0	6.08004220834	9.0	4.05249107917	3.77962851962	8.99918797269	-4.42622839098	-0.301299925371	8.99992868724	-5.80822003781	8.9998635315	-5.83155328087	
-5.06426375202	4.692682313	7.9850634496	2.39023887259	8.48262471647	7.45011149623	9.0	2.06843230093	6.44650118003	-6.0	-0.769726821327	3.85716321557	-6.0	-5.16554811545	6.2999091487	-5.22098408715	
5.65348449791	9.0	9.0	-5.51593628194	7.66177672892	1.22133151458	-5.91913955141	7.89484983157	8.59968131539	9.0	4.85000774927	-6.0	8.87679359936	-4.02814043324	-5.96009059509	1.25032145631	
-1.02085655717	4.59805051924	4.08170388597	-3.83006612706	0.455592041142	0.924660840823	8.11361746154	6.23441234056	3.9712740235	4.60240977001	0.222259267944	4.48518484441	7.61624453153	4.17967547197	-2.10077000007	1.25940033512	
6.37048463703	8.20787809417	3.98057201297	-5.8444304063	9.0	3.43284502833	-0.657404238924	8.98043033861	0.948371166221	4.72515164151	-6.0	-1.5997307742	5.85310461485	3.90263826613	3.37113256102	-1.91449113438	
1.69840766685	5.12309000497	-5.98679283145	-5.36564268359	9.0	8.56969410896	9.0	1.58864707846	9.0	6.50801196885	9.0	3.88416152173	-3.64585312462	0.733314726794	-5.26783083809	3.17290882595	
3.933958783	4.6280463044	3.6325876037	0.864495134619	3.85635645949	4.78255984423	9.0	6.45893140722	0.0744903900438	2.71571006129	8.67432578623	-6.0	3.83500061736	1.85937577778	-0.182128389611	-2.86637166379	
2.8106281263	5.01891873993	3.3801760685	0.25153425179	4.70868476475	6.64594892649	6.00001756788	1.0377981716	7.63529756701	0.609155141089	1.85345214467	6.4975192112	1.0539837655	2.84298742023	-0.847640950325	-6.0	
-5.60593248628	4.55071593493	8.80066997631	-5.92706676691	0.327562806369	1.06301539109	2.13620608187	2.10480270678	6.21386976175	9.0	-5.96473913373	-4.47318030752	2.05053217564	3.46128715363	4.84169293581	5.4473649609	
-0.192270127763	4.36655534159	3.00870568921	-3.33491704805	2.19288376617	0.919047537274	3.87186652516	3.13026440492	2.27536526976	4.36635281273	0.904216318798	0.220655505612	1.93972821829	4.73787788517	2.99862154539	4.63362491946	
4.28755107626	5.06499840973	5.24953089234	-2.05788960236	8.54158700525	9.0	2.45174839048	4.83865590639	1.26732590896	-6.0	4.67055973265	9.0	8.99996697536	8.84680429515	9.0	0.207444421171	
8.79336701158	8.99506428696	9.0	6.00986562919	0.673626257269	4.6551817546	5.90019451983	1.12206954608	9.0	-5.76270229629	-5.88194032332	-1.64531671402	-6.0	1.14659003027	3.36259401249	9.0	
9.0	7.14637680761	4.78996078035	5.60570722744	1.87537561144	7.30873216817	9.0	0.809854094435	-0.687858113335	8.86987798432	0.133636873722	3.84810021264	8.97824860987	2.79869885131	2.32924933242	-6.0	
-0.590850712617	4.3736755212	3.99809783839	3.02968316074	3.41083696739	1.85486591888	8.85118376237	2.55207214111	9.0	9.0	8.4163316049	-2.48826332197	-4.56601850885	4.82430899908	2.12008542023	-2.61292923117	
0.844373895078	4.80185163098	-5.97690491102	-6.0	8.88907178975	8.38781203281	9.0	1.68368249064	4.78665601997	5.79319775568	-3.64191857798	-4.74005123719	1.91371105725	-3.95658432635	-0.871224121311	7.81742006567	
-1.92737630934	4.54709803577	8.99049554448	-6.0	-2.40227981614	7.54329803197	6.33652120342	1.01852688311	9.0	-6.0	-4.08755714213	-3.20716155226	5.10283019599	9.0	4.3587057375	1.23463982448	
-6.0	4.44987444603	8.42240706229	-4.84813366805	1.72703783331	8.56527911207	8.91318899765	1.03042812265	8.55228124695	-6.0	4.81683695011	-1.29540276573	-6.0	-6.0	-6.0	8.7091384752	
1.2213001638	4.51706026487	3.71846164792	-4.83086998999	3.69558648135	9.0	4.83469116402	1.02487730772	9.0	1.77800638333	-5.39569792171	0.745044811791	3.26163948644	6.66747010588	4.28536942949	2.2939646204	
-0.182451283676	4.3404734688	9.0	-5.42958535896	0.933028962451	6.10029492314	-0.17585292771	0.857187083529	9.0	6.3428347645	-5.99953544708	2.31330588132	-2.09951471228	0.875371239519	-5.99999974966	8.59966926674	
5.44677303058	8.99024735004	8.20383296846	4.4843295745	6.87065650019	6.7643261859	5.1678003547	1.49078043629	5.98002459188	9.0	-1.11562338245	3.45025658458	-0.970639267909	3.17415237863	0.452243559532	0.411196225365	
5.51103480252	9.0	4.18607168006	3.95614020287	1.84764601011	0.91673094216	9.0	2.75065827623	3.24153482123	-6.0	5.55326133118	2.74459452564	8.2906938174	-2.92763923941	9.0	8.85910778213	
5.57511572	8.13991438535	9.0	4.95325495733	-3.78868215305	2.11064290067	9.0	0.823042877373	3.72726126604	1.01557193382	-5.2772542698	-0.98043261909	1.37153893293	3.69359937305	-2.34273749886	-4.03681469051	
9.0	8.99997302414	-6.0	-6.0	5.5204744705	9.0	8.32678236995	1.03572552003	8.96393755695	-6.0	-6.0	-1.85515307379	8.63629079426	2.38962965752	-6.0	-4.65681816472	
-0.908343697049	4.55419015844	8.96161327698	-6.0	5.05341759429	1.03611378207	-0.685432469547	9.0	5.53646511858	-6.0	8.96241520758	3.54209971669	5.72468453883	9.0	2.15224383033	-0.471979324514	
-0.283498717544	4.38805694127	8.70898283737	-5.86126085128	-5.94354735784	1.0343325443	3.42481859178	2.54973346898	9.0	-1.66327982367	4.90472132392	-6.0	8.92713434231	-4.5611135237	-5.8192853656	3.69609889386	
0.716125136129	4.69922803144	8.99475842578	-0.425076276409	1.34566380498	0.949965723436	6.82186720063	8.99957199622	7.62906740499	7.96804661716	9.0	-6.0	7.32501677587	9.0	3.98041822142	-1.75861063622	
4.7755973959	8.51170649166	9.0	1.14493182699	9.0	1.42117351026	1.13159582221	9.0	9.0	0.928707479927	1.50861849666	6.16935171328	8.91855997075	-5.95122389928	-1.0008552675	-1.87948777304	
-1.82053752204	4.51463458889	9.0	-1.55085155708	3.41107660828	3.48704659415	1.10746184719	1.31526173122	8.47639421195	-4.16235675005	4.18281998271	3.83203120355	-3.90576580316	5.31144826613	9.0	0.519515241228	
8.5696104211	4.54806840419	8.89660722153	-2.26799786701	-5.99984392117	9.0	4.43387184422	0.974562812132	9.0	-5.58890198909	4.98905900551	9.0	-3.07205264953	-5.99996588621	-6.0	-0.78346405952	
-1.99260937726	4.49574669106	4.12782777592	-6.0	4.80424553838	9.0	6.02220866373	1.66809423066	1.12681807666	1.9066465375	1.2025061051	-5.99743446549	-4.3495868949	-1.70088576302	-6.0	3.63633001718	
1.98194833243	4.68443383346	-2.69476943548	-5.91400966324	8.18095499877	6.64627541158	8.4586197092	6.83682182004	1.05464124375	0.901296534427	-0.667192839176	-6.0	-5.78369928484	0.967336866507	-1.02506706259	-6.0	
0.464844922615	4.76619998446	8.0311887551	-5.085424709	7.57822128354	4.4362252494	-4.07650925683	4.038064008	4.22565528198	1.99904742844	-5.96900761121	-2.11178350019	8.80853014332	8.68812848204	8.93752889987	8.19960324366	
3.08731691238	6.49982664217	4.01433306377	-1.41162333408	8.74478656794	6.59612230358	2.91326574334	3.19377653462	7.07273659344	6.77179482103	0.927931679663	4.86828642807	-0.0784974832319	-0.316579255906	-3.41763662546	3.712158842	
3.99244004685	7.66677110009	5.88660261084	0.0219812190523	0.940139608399	1.31739567905	4.013982622	1.91367060106	3.65705157986	6.26106024123	-2.74374454401	1.87603429808	0.795323351834	-5.1052973382	7.94964941409	2.86276045522	
-6.0	4.92668147946	9.0	-5.99982946992	3.01466172629	3.6087438005	1.47037421788	1.26909286469	5.14236579275	-5.67321128016	-3.87239149413	0.15866204323	-5.9998845535	0.607498910989	1.42364519958	-6.0	
5.45283191939	9.0	-0.0160442752272	-5.96951679176	1.21859012385	1.24114046502	9.0	7.63235926042	3.58714935861	4.28269693123	-5.45754373987	-1.18088345211	2.28117264221	-6.0	9.0	3.3105811982	
2.16934998507	4.39035609819	9.0	5.9117238153	3.9022301394	8.94789955209	9.0	0.995439788766	0.268127799503	-4.13325853292	-2.2332524495	2.05230444614	3.77962212433	-6.0	-2.67833979607	1.37611462341	
4.42114488504	8.15127949255	7.71518832281	6.96543021807	4.79376093095	4.05486587208	8.01420771723	1.9009507248	-0.74374481262	-5.25680194211	1.39721814518	6.11399263257	5.22439454741	2.33056652297	9.0	-3.72801619869	
5.85471734895	9.0	-2.2743955513	-5.32143923146	9.0	2.05407087224	5.91756105336	8.950975954	1.20635113412	-3.68669550404	8.99849070479	8.95317475483	8.90601798854	1.35822250739	8.89832643517	-5.45111566718	
5.71116196475	4.36803907292	8.99999556776	-0.282435291174	-0.130479849521	9.0	3.32219142616	1.02138529927	9.0	4.2821687594	-2.26805592468	-5.49898316736	9.0	8.47784339773	5.91728328432	9.0	
2.74124221702	6.17048844415	9.0	-3.24394760289	1.31792594983	1.11161685415	-3.06080485389	2.16432983768	7.77936688146	9.0	8.73176987628	2.75209291823	2.44978136053	6.7150619452	-5.03247529715	-5.43739953655	
-5.98477276937	4.63133151088	9.0	0.54181420974	2.32563149703	1.12784383621	8.99947386256	4.36388382575	8.53327709027	-5.9971073405	4.50996548514	9.0	8.99852095352	-5.90648208591	-2.76241985788	-5.3623538662	
-6.0	4.93124713417	7.17528999214	-3.78711174826	6.49691437737	1.22953024945	7.43393616296	8.94083863093	8.74842206688	-4.02827402627	8.99934117561	3.7156977012	3.72415043138	5.65987959663	6.28815204517	8.58704113763	
5.23105634808	7.18756971633	-1.2679561383	-0.446460994555	5.25785077286	6.75059406033	9.0	0.987910957159	5.36173231286	3.86357220395	2.18386594433	-2.8084370784	2.20129463155	2.47803151692	5.68599039281	-1.53137768174	
8.35289061014	8.98037275312	2.96989245589	0.33355993702	1.74149596508	4.79846318973	5.97706408976	1.05848887297	1.69672256293	-5.33910178501	2.28503128447	-6.0	4.92961747208	9.0	6.92131916847	9.0	
3.58591951298	7.4949308849	8.73782165497	2.62071185142	3.56654222518	1.42160498933	3.40339371339	3.79487720275	5.05897469436	9.0	-4.0423094355	-0.0569995679772	-4.77707579121	-5.59110633976	-3.23727435368	8.48153402941	
-3.69744139996	4.46041946281	9.0	-6.0	8.9352169375	5.05539290746	-2.04626869821	4.88329235496	9.0	9.0	8.89302537047	2.37418127349	-2.19874042516	3.82128327396	-0.409609062903	1.03346946384	
5.3999793267	8.76150043256	-3.54658475194	-6.0	6.37893307621	1.15047391146	8.3808199054	8.78021754828	2.08422333973	0.989972791049	4.70199450954	-1.30231206723	8.71153330351	-1.23767500961	7.90805709264	2.91824771061	
-0.378957669776	4.48848699747	1.37088733638	-4.30607328815	-1.43889360094	1.05110178183	8.48824246	3.01193866405	2.2666420306	-6.0	-4.43615560893	-5.62353672808	6.68676574282	-1.26740268959	-5.71120352079	-4.25703454679	
2.6684324964	6.11179734473	1.40155608299	1.00579166935	6.46719097945	1.24280624051	8.20252192332	6.49645725264	7.06072883378	4.91547250105	4.31310377302	8.40691515158	-5.98173173263	-0.0676302068001	8.09680727468	8.82108190471	
-2.88626822061	4.83036819842	9.0	2.31766365719	9.0	8.29780559435	6.1163523	1.88440689482	9.0	-5.68882319382	7.29804201413	4.81573529642	-6.0	5.52772625203	7.49853852214	0.980917533103	
9.0	7.44288129468	8.16156053491	8.77682622583	1.28115892843	6.37595353236	8.97068924467	1.02242727864	8.42049509332	7.006567808	8.96584430752	6.34761531815	2.21611509181	-5.97269927606	9.0	1.43236631073	
1.97876273299	4.94363912838	-3.97913622307	-5.87447871776	2.18306258879	2.7846475813	6.61847775063	1.05294438105	4.5216103464	4.99442846913	1.40095555117	5.27889478307	-6.0	-4.90404555349	1.24938984764	-4.67303945269	
4.33745201691	7.4333461634	3.19002885201	-1.60646716474	-4.66369657726	1.29356225371	9.0	1.09966753559	4.77590291045	-3.41997256576	-2.55339935203	1.71467098906	-1.00310281516	1.71959147999	2.23925622572	4.47627468035	
4.82728210867	8.26148662888	3.28955246223	-4.44413222879	-0.309748995998	1.16550574079	2.83626277711	1.87116126785	6.52837338663	-4.20519157809	-4.38342905988	8.68817057224	9.0	-1.78562705059	-3.87183597206	7.6895456502	
1.26814933916	4.47698087996	3.76800509438	0.807080429404	6.0501557872	4.24973209943	7.56469738509	5.2759054156	-5.95947926238	3.86495528844	3.05697420882	-4.11028568333	8.88979120649	2.97081365889	-4.2456869278	-0.645584539831	
-0.758258264315	4.68970626176	4.03246837504	-6.0	7.18219681137	1.86458463925	0.531057261843	6.6527430093	9.0	-3.35769594536	-5.94640695904	-1.79707787381	-1.57900610627	0.150836395509	-3.66696946079	-5.94219249206	
4.67324173452	6.5017284843	7.35307223081	3.88135734632	2.00273524365	3.75936127207	4.93227245623	1.09973098473	8.19234390218	5.03592559869	1.62013296144	5.66702887238	-2.03496986277	-5.58647151987	1.02069705079	-5.24825253926	
-1.74439106326	4.60842627574	4.97042002986	-0.832383654774	6.02518759019	1.70976989968	9.0	9.0	1.09367794245	-0.0715383503517	-5.56153742721	-6.0	7.44922708092	8.6155713739	-1.7683923939	-0.937226995059	
0.688824108278	4.49651611299	4.46820797786	3.9076995326	4.05918026485	0.931545319228	8.69044917795	4.75845529774	-3.10193994737	0.553942266483	3.86434402622	3.31302431847	1.4445178301	4.1868768115	8.82490011221	-2.10864799667	
8.78899888346	5.46144819455	-2.01403085154	-2.70295953749	0.578133975899	8.05163199444	8.03753629811	0.856822962024	4.49389232103	8.25351701919	-1.73772803514	-0.0044642044078	-3.87698869438	-3.43952618152	-2.61847673562	6.7747386814	
8.95375596791	7.44506397243	3.70150921645	-0.0679156075021	2.55773852537	5.99022579747	5.50177589746	3.4581766437	0.971590684925	-2.8231368653	-3.1557870581	0.648621326385	6.35830843072	-0.552100608391	-5.2571769619	0.707285724859	
6.12516115417	9.0	9.0	-5.16488980968	8.68818018713	8.98123494542	-6.0	1.20081304554	9.0	-5.62428505628	-5.91023019208	-6.0	-2.14383867744	-6.0	-6.0	-5.78265825653	
1.97818108672	5.6432332521	0.76337801009	-6.0	9.0	7.92852038467	1.95459141457	2.30595308153	9.0	4.01711461138	3.00763909448	7.51134394326	-2.54257849678	-0.166672243619	3.4770233523	5.63397199265	
2.63272339367	6.10518962506	3.19017463435	-4.16127981272	-2.9442547797	1.13500175141	8.24737794648	4.22587831	6.29068351033	-5.7301943237	-3.84471487653	-6.0	3.37054654119	1.19456790001	3.60240858157	0.321749062778	
2.06969872943	5.48977780517	5.83291638496	-2.00664047071	3.75048471036	1.14630790306	0.953393727902	4.13822911601	4.98190861308	2.52297651467	2.88534306436	7.01553629165	-1.15789816501	1.95549323793	0.558778458471	1.71644543166	
3.77837197075	5.30288756392	8.87322823899	-6.0	-5.41411641368	8.99818191372	6.08912775985	1.16812405692	4.75014925502	8.56332511806	-0.64684795463	4.38939179119	8.92872063007	9.0	9.0	-6.0	
5.47101154408	9.0	6.20273159678	2.78540844612	0.632227043442	1.07273355398	9.0	4.52868988885	9.0	1.79269469573	0.257465225434	4.30826223294	9.0	-6.0	-0.38188803061	-6.0	
2.31763148827	6.01253596396	-4.19172306952	-5.63744974241	1.86946357998	1.19346193135	9.0	3.64928243052	3.10451562004	-5.03709808345	8.44879335846	-0.863735925037	8.34448434803	4.90378434757	-3.65816132536	8.76696453993	
1.94290483223	5.34113875374	5.67452454325	1.15843023836	8.98554989815	8.99941830423	8.90718406933	6.21952184199	-0.886434050547	-3.66885079024	-4.54247163992	7.29107042188	5.31095564022	8.98414746241	-3.40689397679	4.29541027519	
1.78406879972	5.11628484123	3.79649643336	1.18553157224	3.2247520439	1.24662493936	7.08463058707	4.69611018195	0.92106006743	0.719193461424	6.52797839226	7.43096300327	8.27963543108	5.80674237678	-3.20862341326	-1.15713559358	
6.00252221511	4.54787636161	7.49881453658	4.72476033045	0.435031118658	8.99662613644	9.0	0.971966773617	-1.48680752485	-0.747176172769	4.83453512029	9.0	6.54199287336	-5.81538835784	-5.63459235545	-3.75651923532	
2.14786906207	5.51910403377	-5.16671810181	-6.0	4.94245367353	3.90302626109	7.53132553068	2.18680223879	3.6742406603	1.31274926971	8.99561031787	6.91348020671	-1.0445569301	-0.0319005125083	-5.95760527569	-5.96861951908	
