1.3554997702298672, 2000, 20, 3, 1.0, 2.1, 2.1
1.2098280430205357, 2000, 20, 3, 1.0, 2.1, 2.1
1.2098268726218786, 2000, 20, 3, 1.0, 2.1, 2.1
1.2208255822309242, 2000, 20, 3, 1.0, 2.1, 2.1
1.2098348362022262, 2000, 20, 3, 1.0, 2.1, 2.1
1.2098330455872437, 2000, 20, 3, 1.0, 2.1, 2.1
1.349668930872948, 2000, 20, 3, 1.0, 2.1, 2.1
1.2098293422697952, 2000, 20, 3, 1.0, 2.1, 2.1
1.2098349047882564, 2000, 20, 3, 1.0, 2.1, 2.1
1.2098304377307874, 2000, 20, 3, 1.0, 2.1, 2.1
1.2098271724196497, 2000, 20, 3, 1.0, 2.1, 2.1
1.2108388946179671, 2000, 20, 3, 1.0, 2.1, 2.1
1.2098329260383507, 2000, 20, 3, 1.0, 2.1, 2.1
1.2098267591219845, 2000, 20, 3, 1.0, 2.1, 2.1
1.349729143661806, 2000, 20, 3, 1.0, 2.1, 2.1
1.3483372753639546, 2000, 20, 3, 1.0, 2.1, 2.1
1.2098269151079253, 2000, 20, 3, 1.0, 2.1, 2.1
1.2098287484407027, 2000, 20, 3, 1.0, 2.1, 2.1
1.2098269327009148, 2000, 20, 3, 1.0, 2.1, 2.1
1.2098267365984314, 2000, 20, 3, 1.0, 2.1, 2.1
1.2102371583875398, 2000, 20, 3, 1.0, 2.1, 2.1
1.2110519412584504, 2000, 20, 3, 1.0, 2.1, 2.1
1.2099123183541955, 2000, 20, 3, 1.0, 2.1, 2.1
1.343524000828531, 2000, 20, 3, 1.0, 2.1, 2.1
1.209827127668384, 2000, 20, 3, 1.0, 2.1, 2.1
1.209827231005237, 2000, 20, 3, 1.0, 2.1, 2.1
1.2098335694976503, 2000, 20, 3, 1.0, 2.1, 2.1
1.3475153925508239, 2000, 20, 3, 1.0, 2.1, 2.1
1.2098269053941348, 2000, 20, 3, 1.0, 2.1, 2.1
1.3481806935555947, 2000, 20, 3, 1.0, 2.1, 2.1
1.359895260001025, 2000, 20, 3, 1.0, 2.1, 2.1
1.2098402573144809, 2000, 20, 3, 1.0, 2.1, 2.1
1.209853749141225, 2000, 20, 3, 1.0, 2.1, 2.1
1.2098273248150495, 2000, 20, 3, 1.0, 2.1, 2.1
1.209826763666468, 2000, 20, 3, 1.0, 2.1, 2.1
1.2098329134712442, 2000, 20, 3, 1.0, 2.1, 2.1
1.3485482951502963, 2000, 20, 3, 1.0, 2.1, 2.1
1.2098289076340274, 2000, 20, 3, 1.0, 2.1, 2.1
1.209827953350389, 2000, 20, 3, 1.0, 2.1, 2.1
1.210849755254588, 2000, 20, 3, 1.0, 2.1, 2.1
1.209826909027282, 2000, 20, 3, 1.0, 2.1, 2.1
1.2098293532152782, 2000, 20, 3, 1.0, 2.1, 2.1
1.209838712728455, 2000, 20, 3, 1.0, 2.1, 2.1
1.3487259373231117, 2000, 20, 3, 1.0, 2.1, 2.1
1.210787536112109, 2000, 20, 3, 1.0, 2.1, 2.1
1.2098273023193773, 2000, 20, 3, 1.0, 2.1, 2.1
1.2098363196821778, 2000, 20, 3, 1.0, 2.1, 2.1
1.2101291698831844, 2000, 20, 3, 1.0, 2.1, 2.1
1.2098269198334297, 2000, 20, 3, 1.0, 2.1, 2.1
1.3485976217124342, 2000, 20, 3, 1.0, 2.1, 2.1
1.2098282638915967, 2000, 20, 3, 1.0, 2.1, 2.1
1.2100981428875939, 2000, 20, 3, 1.0, 2.1, 2.1
1.3607981783747436, 2000, 20, 3, 1.0, 2.1, 2.1
1.209827641534114, 2000, 20, 3, 1.0, 2.1, 2.1
1.2098279951854203, 2000, 20, 3, 1.0, 2.1, 2.1
1.2100453132134354, 2000, 20, 3, 1.0, 2.1, 2.1
1.3485722352511342, 2000, 20, 3, 1.0, 2.1, 2.1
1.209827102830165, 2000, 20, 3, 1.0, 2.1, 2.1
1.3497068748060996, 2000, 20, 3, 1.0, 2.1, 2.1
1.2098268772637117, 2000, 20, 3, 1.0, 2.1, 2.1
1.2129740536472018, 2000, 20, 3, 1.0, 2.1, 2.1
1.2098272383498772, 2000, 20, 3, 1.0, 2.1, 2.1
1.2098287819647089, 2000, 20, 3, 1.0, 2.1, 2.1
1.209827331019809, 2000, 20, 3, 1.0, 2.1, 2.1
1.3481805648243708, 2000, 20, 3, 1.0, 2.1, 2.1
1.2098919979051843, 2000, 20, 3, 1.0, 2.1, 2.1
1.2106242560202636, 2000, 20, 3, 1.0, 2.1, 2.1
1.3481206679901252, 2000, 20, 3, 1.0, 2.1, 2.1
1.2098267458403604, 2000, 20, 3, 1.0, 2.1, 2.1
1.2098274562835134, 2000, 20, 3, 1.0, 2.1, 2.1
1.210106879060135, 2000, 20, 3, 1.0, 2.1, 2.1
1.3482068892274828, 2000, 20, 3, 1.0, 2.1, 2.1
1.3492341710827618, 2000, 20, 3, 1.0, 2.1, 2.1
1.3497068326626216, 2000, 20, 3, 1.0, 2.1, 2.1
1.2098270564408742, 2000, 20, 3, 1.0, 2.1, 2.1
1.209826823281068, 2000, 20, 3, 1.0, 2.1, 2.1
1.2098307403119812, 2000, 20, 3, 1.0, 2.1, 2.1
1.2164678860328395, 2000, 20, 3, 1.0, 2.1, 2.1
1.3482908914881713, 2000, 20, 3, 1.0, 2.1, 2.1
1.209831797170508, 2000, 20, 3, 1.0, 2.1, 2.1
1.3482068849718236, 2000, 20, 3, 1.0, 2.1, 2.1
1.2098272217238315, 2000, 20, 3, 1.0, 2.1, 2.1
1.209838587916579, 2000, 20, 3, 1.0, 2.1, 2.1
1.2098278224704986, 2000, 20, 3, 1.0, 2.1, 2.1
1.2098440687666658, 2000, 20, 3, 1.0, 2.1, 2.1
1.2098268410760258, 2000, 20, 3, 1.0, 2.1, 2.1
1.2098318539192663, 2000, 20, 3, 1.0, 2.1, 2.1
1.349706857990035, 2000, 20, 3, 1.0, 2.1, 2.1
1.2100031142360543, 2000, 20, 3, 1.0, 2.1, 2.1
1.2098422692714785, 2000, 20, 3, 1.0, 2.1, 2.1
1.2098360113383555, 2000, 20, 3, 1.0, 2.1, 2.1
1.2098315706529557, 2000, 20, 3, 1.0, 2.1, 2.1
1.2098276205584626, 2000, 20, 3, 1.0, 2.1, 2.1
1.2098297266830385, 2000, 20, 3, 1.0, 2.1, 2.1
1.2098643787497592, 2000, 20, 3, 1.0, 2.1, 2.1
1.2098744310497584, 2000, 20, 3, 1.0, 2.1, 2.1
1.209826769406092, 2000, 20, 3, 1.0, 2.1, 2.1
1.2098728539917805, 2000, 20, 3, 1.0, 2.1, 2.1
1.2098281080000541, 2000, 20, 3, 1.0, 2.1, 2.1
1.209827122814996, 2000, 20, 3, 1.0, 2.1, 2.1
