8.673476651915582, 2000, 20, 3, 1.0, 2.1, 2.1
8.675515600535412, 2000, 20, 3, 1.0, 2.1, 2.1
8.673365214648515, 2000, 20, 3, 1.0, 2.1, 2.1
8.673372028926714, 2000, 20, 3, 1.0, 2.1, 2.1
8.673333763585662, 2000, 20, 3, 1.0, 2.1, 2.1
8.673335721597143, 2000, 20, 3, 1.0, 2.1, 2.1
8.673329195529893, 2000, 20, 3, 1.0, 2.1, 2.1
8.673711488367806, 2000, 20, 3, 1.0, 2.1, 2.1
8.673328564970655, 2000, 20, 3, 1.0, 2.1, 2.1
8.673340094770627, 2000, 20, 3, 1.0, 2.1, 2.1
8.67333467581523, 2000, 20, 3, 1.0, 2.1, 2.1
8.684864857899118, 2000, 20, 3, 1.0, 2.1, 2.1
8.673384090543594, 2000, 20, 3, 1.0, 2.1, 2.1
8.673331896601855, 2000, 20, 3, 1.0, 2.1, 2.1
8.67357273175448, 2000, 20, 3, 1.0, 2.1, 2.1
8.675432387249979, 2000, 20, 3, 1.0, 2.1, 2.1
8.673659989502058, 2000, 20, 3, 1.0, 2.1, 2.1
8.673348092422101, 2000, 20, 3, 1.0, 2.1, 2.1
8.673345012690145, 2000, 20, 3, 1.0, 2.1, 2.1
23.047872391639846, 2000, 20, 3, 1.0, 2.1, 2.1
8.673328491849055, 2000, 20, 3, 1.0, 2.1, 2.1
8.673541724219694, 2000, 20, 3, 1.0, 2.1, 2.1
8.673422556532802, 2000, 20, 3, 1.0, 2.1, 2.1
19.80334483314759, 2000, 20, 3, 1.0, 2.1, 2.1
8.673328937614137, 2000, 20, 3, 1.0, 2.1, 2.1
8.673370201600557, 2000, 20, 3, 1.0, 2.1, 2.1
8.673329350750654, 2000, 20, 3, 1.0, 2.1, 2.1
8.673348590693292, 2000, 20, 3, 1.0, 2.1, 2.1
8.674240345526684, 2000, 20, 3, 1.0, 2.1, 2.1
8.673673696116863, 2000, 20, 3, 1.0, 2.1, 2.1
8.673379003465536, 2000, 20, 3, 1.0, 2.1, 2.1
8.673469072588555, 2000, 20, 3, 1.0, 2.1, 2.1
8.67334187080266, 2000, 20, 3, 1.0, 2.1, 2.1
8.67334975228096, 2000, 20, 3, 1.0, 2.1, 2.1
8.673696243035698, 2000, 20, 3, 1.0, 2.1, 2.1
8.6733345618791, 2000, 20, 3, 1.0, 2.1, 2.1
8.673330914692432, 2000, 20, 3, 1.0, 2.1, 2.1
8.687166023517575, 2000, 20, 3, 1.0, 2.1, 2.1
8.673353717384572, 2000, 20, 3, 1.0, 2.1, 2.1
8.673462528177216, 2000, 20, 3, 1.0, 2.1, 2.1
8.673407418414422, 2000, 20, 3, 1.0, 2.1, 2.1
8.673368150355463, 2000, 20, 3, 1.0, 2.1, 2.1
8.673341789126077, 2000, 20, 3, 1.0, 2.1, 2.1
8.673725262322332, 2000, 20, 3, 1.0, 2.1, 2.1
8.673335177536499, 2000, 20, 3, 1.0, 2.1, 2.1
8.673524356276966, 2000, 20, 3, 1.0, 2.1, 2.1
8.67333638433546, 2000, 20, 3, 1.0, 2.1, 2.1
8.673328475336827, 2000, 20, 3, 1.0, 2.1, 2.1
8.67364064002291, 2000, 20, 3, 1.0, 2.1, 2.1
8.673393485533081, 2000, 20, 3, 1.0, 2.1, 2.1
8.673332166125867, 2000, 20, 3, 1.0, 2.1, 2.1
8.673332931665891, 2000, 20, 3, 1.0, 2.1, 2.1
8.673328488260138, 2000, 20, 3, 1.0, 2.1, 2.1
8.673328226226003, 2000, 20, 3, 1.0, 2.1, 2.1
8.674003008496097, 2000, 20, 3, 1.0, 2.1, 2.1
8.673331934403421, 2000, 20, 3, 1.0, 2.1, 2.1
8.673339538777956, 2000, 20, 3, 1.0, 2.1, 2.1
8.673710819425038, 2000, 20, 3, 1.0, 2.1, 2.1
8.673412036730719, 2000, 20, 3, 1.0, 2.1, 2.1
8.673356333194128, 2000, 20, 3, 1.0, 2.1, 2.1
19.75807155188706, 2000, 20, 3, 1.0, 2.1, 2.1
8.673351142019486, 2000, 20, 3, 1.0, 2.1, 2.1
8.673442986624835, 2000, 20, 3, 1.0, 2.1, 2.1
8.67344790150187, 2000, 20, 3, 1.0, 2.1, 2.1
8.679301109959734, 2000, 20, 3, 1.0, 2.1, 2.1
8.673331527931657, 2000, 20, 3, 1.0, 2.1, 2.1
8.6734851801276, 2000, 20, 3, 1.0, 2.1, 2.1
8.673330116913313, 2000, 20, 3, 1.0, 2.1, 2.1
8.673341969165644, 2000, 20, 3, 1.0, 2.1, 2.1
8.673336022299162, 2000, 20, 3, 1.0, 2.1, 2.1
8.673403570918207, 2000, 20, 3, 1.0, 2.1, 2.1
8.673357000656676, 2000, 20, 3, 1.0, 2.1, 2.1
8.673455290224803, 2000, 20, 3, 1.0, 2.1, 2.1
8.673687099024548, 2000, 20, 3, 1.0, 2.1, 2.1
8.676443378635712, 2000, 20, 3, 1.0, 2.1, 2.1
8.673424505006508, 2000, 20, 3, 1.0, 2.1, 2.1
8.673347462946795, 2000, 20, 3, 1.0, 2.1, 2.1
8.67333076915376, 2000, 20, 3, 1.0, 2.1, 2.1
8.673362378897052, 2000, 20, 3, 1.0, 2.1, 2.1
8.673609179030363, 2000, 20, 3, 1.0, 2.1, 2.1
8.673336866524762, 2000, 20, 3, 1.0, 2.1, 2.1
8.673374334243508, 2000, 20, 3, 1.0, 2.1, 2.1
8.673821372402983, 2000, 20, 3, 1.0, 2.1, 2.1
8.67333030715457, 2000, 20, 3, 1.0, 2.1, 2.1
8.67338476573046, 2000, 20, 3, 1.0, 2.1, 2.1
23.11754348278323, 2000, 20, 3, 1.0, 2.1, 2.1
8.673329613906159, 2000, 20, 3, 1.0, 2.1, 2.1
8.67337263290386, 2000, 20, 3, 1.0, 2.1, 2.1
8.673510325685978, 2000, 20, 3, 1.0, 2.1, 2.1
8.673379877939205, 2000, 20, 3, 1.0, 2.1, 2.1
8.67332840352871, 2000, 20, 3, 1.0, 2.1, 2.1
8.673375982256356, 2000, 20, 3, 1.0, 2.1, 2.1
8.67334663963996, 2000, 20, 3, 1.0, 2.1, 2.1
8.673347522521567, 2000, 20, 3, 1.0, 2.1, 2.1
8.673344891505861, 2000, 20, 3, 1.0, 2.1, 2.1
8.67332958555348, 2000, 20, 3, 1.0, 2.1, 2.1
8.673347894424326, 2000, 20, 3, 1.0, 2.1, 2.1
8.6735068414568, 2000, 20, 3, 1.0, 2.1, 2.1
8.674356764096007, 2000, 20, 3, 1.0, 2.1, 2.1
9.161352676966755, 2000, 20, 3, 1.0, 2.1, 2.1
